1463457600.0		5.64625686084		3.34284343142		16.9445537724		
1463491243.24		3.18297100997		2.95828341835		3.47340003854		
1463524886.49		3.02552770502		2.97364045358		3.10004406263		
1463558529.73		3.12268511174		3.08407830711		3.15951658929		
1463592172.97		3.22774306389		3.19048174602		3.26095987784		
1463625816.22		3.37981590647		3.34122029015		3.4124558934		
1463659459.46		3.54067843588		3.50018502953		3.57486713506		
1463693102.7		3.67527135478		3.63262987593		3.71066043362		
1463726745.95		3.85209161278		3.80737733678		3.88905921687		
1463760389.19		3.9979981641		3.95145040177		4.03626968475		
1463794032.43		4.18875620235		4.13995045007		4.22880473188		
1463827675.68		4.387596029		4.33648655369		4.42957933605		
1463861318.92		4.56250299712		4.50975817414		4.6061667131		
1463894962.16		4.77871669467		4.72348875679		4.82453716294		
1463928605.41		5.00501410175		4.94713654001		5.05304936548		
1463962248.65		5.2038758863		5.14352301115		5.2536802767		
1463995891.89		5.44989310756		5.38676627664		5.50192654965		
1464029535.14		5.65030912952		5.58461529438		5.7043822708		
1464063178.38		5.8292461256		5.76196444515		5.88571544463		
1464096821.62		5.99531027774		5.9270840212		6.05380466928		
1464130464.86		6.19517192782		6.12412678797		6.25532034034		
1464164108.11		6.51802085926		6.44318205381		6.58122643768		
1464197751.35		6.79531697068		6.71752312757		6.86082699425		
1464231394.59		7.05794832461		6.97769006908		7.12601045971		
1464265037.84		7.33050588369		7.24717831999		7.40112824619		
1464298681.08		7.58671183222		7.50052050832		7.65967927712		
1464332324.32		7.90370827277		7.81398635177		7.97941077514		
1464365967.57		8.18684715592		8.09398123223		8.26493708399		
1464399610.81		8.52770746819		8.43085420307		8.60901918919		
1464433254.05		8.88188728538		8.78122155238		8.96623367383		
1464466897.3		9.19576204983		9.09183425228		9.28290007504		
1464500540.54		9.57536838116		9.46749104241		9.66593850553		
1464534183.78		9.93083884415		9.81929635911		10.0250306891		
1464567827.03		10.3205148217		10.2048847136		10.4180539754		
1464601470.27		10.7442402777		10.6240725666		10.8457232799		
1464635113.51		11.0989501147		10.9746289332		11.2032259222		
1464668756.76		11.5542614721		11.4250070691		11.6624893778		
1464702400.0		11.986707008		11.8523629154		12.0990012099		
1464736043.24		12.4446159604		12.3057949908		12.5618692975		
1464769686.49		12.9484314107		12.8042858513		13.0706503692		
1464803329.73		13.3686252705		13.2206069292		13.4946300561		
1464836972.97		13.9055987979		13.7523904039		14.0364939072		
1464870616.22		14.4629401143		14.303526512		14.5977132002		
1464904259.46		14.9560465947		14.7895511574		15.0946879561		
1464937902.7		15.551069994		15.3781267326		15.6947060595		
1464971545.95		16.0295749687		15.8526512456		16.177936409		
1465005189.19		16.6483742828		16.4649806643		16.8020843358		
1465038832.43		17.3044139563		17.1136892431		17.4629027234		
1465072475.68		17.9148138026		17.7176686444		18.0764882666		
1465106118.92		18.93397298		18.7281522512		19.1044263811		
1465139762.16		20.0092349985		19.7914288494		20.188224165		
1465173405.41		21.1367548316		20.9077600792		21.3255841608		
1465207048.65		22.3155048523		22.076334163		22.5152372694		
1465240691.89		23.5484267158		23.2979324764		23.7598016489		
1465274335.14		24.7441813803		24.4818563968		24.9669900371		
1465307978.38		26.1271249002		25.8505132209		26.3629354267		
1465341621.62		27.5785569224		27.2884007886		27.8268439505		
1465375264.86		29.0969983894		28.7926098689		29.3587954885		
1465408908.11		30.6802229995		30.3602748041		30.9555283102		
1465442551.35		32.3273976684		31.9934205946		32.6177550109		
1465476194.59		34.0457743128		33.6959579574		34.348547213		
1465509837.84		35.8333070431		35.468896457		36.1544104604		
1465543481.08		37.6950485623		37.3156437724		38.0327160933		
1465577124.32		39.6351957743		39.2360711964		39.9875446523		
1465610767.57		41.648438407		41.2289617016		42.0161948012		
1465644410.81		43.7411531175		43.3057622295		44.1276253782		
1465678054.05		45.9167425217		45.4628161395		46.3199640021		
1465711697.3		48.1774373603		47.7074368961		48.6034501695		
1465745340.54		50.5179179888		50.0271203401		50.9639070041		
1465778983.78		52.9445799225		52.4322113985		53.4096631256		
1465812627.03		55.4527454076		54.9158422123		55.9321047213		
1465846270.27		58.0674235255		57.5060334217		58.5511495165		
1465879913.51		60.6974708833		60.119542135		61.1919390403		
1465913556.76		63.3894168534		62.7859045686		63.8889761797		
1465947200.0		49.7107526957		47.9423370633		51.3749092313		
1465980843.24		35.7481756378		34.5862891943		36.8410825284		
1466014486.49		35.1855170836		34.1921978326		36.0365276451		
1466048129.73		35.6364212814		34.6874811711		36.4575430645		
1466081772.97		36.2735824349		35.2932015657		37.1156926053		
1466115416.22		36.9514501723		35.9668462402		37.8014273693		
1466149059.46		37.6395568521		36.6484504124		38.4975036457		
1466182702.7		38.3392120601		37.3398990164		39.2039616424		
1466216345.95		39.0449533952		38.0434953479		39.9162322439		
1466249989.19		39.7622917701		38.7479722316		40.6376411348		
1466283632.43		40.4791055454		39.4604027029		41.36148989		
1466317275.68		41.2002460724		40.1742846495		42.0899426044		
1466350918.92		41.9254878986		40.8931850557		42.8262079875		
1466384562.16		42.6535789407		41.6147289078		43.5598635065		
1466418205.41		43.3913234668		42.3463207307		44.3054261847		
1466451848.65		44.1381191904		43.0919142011		45.0540389599		
1466485491.89		44.8824555557		43.8357570272		45.8162874959		
1466519135.14		45.6350464428		44.5961258804		46.5827353011		
1466552778.38		47.1840893948		46.1295034715		48.1514516476		
1466586421.62		49.389851731		48.3007670047		50.3966027693		
1466620064.86		51.6870938411		50.5570394737		52.738671844		
1466653708.11		54.0660355907		52.8882340531		55.1540211918		
1466687351.35		56.5297846535		55.304336425		57.6505947001		
1466720994.59		59.0722930039		57.8030643634		60.2274489863		
1466754637.84		61.6956906417		60.3813904871		62.8861150685		
1466788281.08		64.4004724775		63.0458202955		65.6335460906		
1466821924.32		67.185735094		65.7840886389		68.4601600406		
1466855567.57		70.0466011179		68.599038958		71.3564366439		
1466889210.81		72.9838833581		71.4938687472		74.3222912678		
1466922854.05		75.992664255		74.4670971866		77.3706598397		
1466956497.3		79.0804537007		77.5136286037		80.5106077848		
1466990140.54		82.2526745463		80.6442796434		83.7189888564		
1467023783.78		85.4829782174		83.8295514025		86.9909427242		
1467057427.03		88.7860094094		87.0924508754		90.3240879834		
1467091070.27		92.1632192753		90.421260412		93.7186118066		
1467124713.51		95.5967056242		93.7971162866		97.1874441409		
1467158356.76		99.0645798794		97.2287926688		100.676271886		
1467192000.0		102.591507419		100.712158633		104.244202805		
1467225643.24		106.200405886		104.303697976		107.870413994		
1467259286.49		109.873746873		107.917107026		111.531643142		
1467292929.73		106.216765306		104.354778987		107.826055901		
1467326572.97		109.666015511		107.799930419		111.325599602		
1467360216.22		120.891585957		118.89423112		122.692459094		
1467393859.46		124.64332047		122.633940118		126.494177408		
1467427502.7		128.479385766		126.420230599		130.345817497		
1467461145.95		132.230274029		130.14599118		134.130980835		
1467494789.19		136.024059294		133.948363905		137.931643044		
1467528432.43		139.807562424		137.745484893		141.753907727		
1467562075.68		143.596510164		141.538413928		145.596902147		
1467595718.92		147.386258681		145.299056302		149.415320369		
1467629362.16		151.161626565		149.070758969		153.194010555		
1467663005.41		154.927661804		152.813437447		156.988860057		
1467696648.65		158.654050235		156.542992012		160.707552898		
1467730291.89		162.352711407		160.219656604		164.402466545		
1467763935.14		166.004413277		163.86937644		168.099169771		
1467797578.38		169.578865098		167.481390255		171.711845605		
1467831221.62		173.138229106		171.016768651		175.257934196		
1467864864.86		176.616359555		174.481794229		178.770950977		
1467898508.11		180.085845155		177.958785222		182.26318657		
1467932151.35		183.899160475		181.7977864		186.128176843		
1467965794.59		186.941063817		184.804778445		189.157344772		
1467999437.84		190.153285955		187.972276494		192.388354671		
1468033081.08		193.330898874		191.104775151		195.587071272		
1468066724.32		196.458467014		194.267798365		198.779352753		
1468100367.57		199.5229155		197.342360476		201.877575796		
1468134010.81		202.524033663		200.292754726		204.844220343		
1468167654.05		205.442711495		203.210573864		207.79642482		
1468201297.3		208.266224841		206.034166722		210.689371145		
1468234940.54		211.036388613		208.763535461		213.48850197		
1468268583.78		213.736536394		211.468571017		216.213381524		
1468302227.03		216.444385816		214.218254432		218.924104961		
1468335870.27		219.054171994		216.799808991		221.509894474		
1468369513.51		221.569174156		219.286773993		224.056504863		
1468403156.76		223.990453738		221.705342708		226.484004276		
1468436800.0		226.356990611		224.009683102		228.825802856		
1468470443.24		244.785570932		242.228763301		247.411497235		
1468504086.49		247.125015931		244.564186097		249.786788591		
1468537729.73		249.325724418		246.717162399		251.943943237		
1468571372.97		251.488669092		248.833452646		254.10899659		
1468605016.22		196.185711822		189.545139267		202.961679003		
1468638659.46		146.688394993		142.000817358		153.441848956		
1468672302.7		143.302949343		139.275323655		148.251131091		
1468705945.95		145.938317763		142.031281432		150.036264009		
1468739589.19		149.677574105		145.892194545		153.695429709		
1468773232.43		153.716529521		149.975178666		157.70486841		
1468806875.68		157.782167094		154.069422441		161.74316369		
1468840518.92		161.882951262		158.229526362		165.71499013		
1468874162.16		165.919993858		162.327934384		169.685314655		
1468907805.41		169.975661065		166.413328987		173.714255134		
1468941448.65		174.033610764		170.511326743		177.625567731		
1468975091.89		176.098740821		172.637979345		179.556694474		
1469008735.14		180.178815404		176.787335104		183.535739523		
1469042378.38		184.118116301		180.753530414		187.405756414		
1469076021.62		188.087707572		184.790789241		191.251727398		
1469109664.86		191.999569518		188.781358366		195.101310775		
1469143308.11		195.841844792		192.729359661		198.843493026		
1469176951.35		199.638943509		196.594149631		202.558785274		
1469210594.59		182.943250562		180.234056114		185.441665592		
1469244237.84		186.065666423		183.427671584		188.524408027		
1469277881.08		189.022681366		186.471454988		191.449978233		
1469311524.32		191.938854953		189.457855267		194.293672398		
1469345167.57		194.805000489		192.399665863		196.98874557		
1469378810.81		197.547041065		195.269465846		199.720377113		
1469412454.05		200.251986454		197.990428132		202.401481091		
1469446097.3		202.911277887		200.701788631		205.042899971		
1469479740.54		205.470146015		203.397030699		207.582430244		
1469513383.78		207.98183717		206.000342626		209.983091369		
1469547027.03		201.306245323		199.471731674		203.192722343		
1469580670.27		203.574476113		201.783743257		205.431456343		
1469614313.51		205.816725292		204.000964661		207.629118239		
1469647956.76		207.973237937		206.207612307		209.743672682		
1469681600.0		210.044408583		208.32163934		211.870046056		
1469715243.24		212.001368522		210.348024166		213.929939333		
1469748886.49		218.977233179		217.311860642		220.902474283		
1469782529.73		220.869300624		219.240851722		222.816418081		
1469816172.97		222.790921665		221.111064043		224.708601764		
1469849816.22		238.469679473		236.745240336		240.512929844		
1469883459.46		240.329438549		238.615571413		242.375697561		
1469917102.7		242.10504381		240.370672815		244.198645577		
1469950745.95		243.823311855		242.059774855		245.947435574		
1469984389.19		245.512726741		243.718065372		247.646514862		
1470018032.43		247.080063674		245.24279269		249.285287547		
1470051675.68		248.631594681		246.785157393		250.85690366		
1470085318.92		234.951922256		233.186273148		237.081465393		
1470118962.16		251.581180416		249.631801254		253.870042347		
1470152605.41		252.902756938		250.978835985		255.207346829		
1470186248.65		236.449375099		234.608448946		238.584127483		
1470219891.89		238.00365034		236.177592936		240.106487688		
1470253535.14		239.5120924		237.718178919		241.517917844		
1470287178.38		240.997582938		239.235408827		242.948651322		
1470320821.62		242.40492247		240.682377159		244.286122611		
1470354464.86		243.149037822		241.467775902		245.048845523		
1470388108.11		244.661940409		242.983464564		246.54245172		
1470421751.35		246.026994697		244.37148476		247.875335096		
1470455394.59		247.29706701		245.647342548		249.121894178		
1470489037.84		248.484920334		246.86930517		250.309874649		
1470522681.08		246.911986614		245.342149891		248.730994257		
1470556324.32		248.01409871		246.463193761		249.824822537		
1470589967.57		249.157642131		247.630606203		250.970788255		
1470623610.81		250.270198542		248.767317058		252.068029974		
1470657254.05		251.376445648		249.8914137		253.225700439		
1470690897.3		252.465214847		250.993404981		254.275787687		
1470724540.54		272.741114282		271.141051427		274.692914938		
1470758183.78		255.507661604		254.042659344		257.370019726		
1470791827.03		274.785397744		273.221512798		276.744676025		
1470825470.27		275.069003436		273.513591294		277.007178308		
1470859113.51		275.192631614		273.666063112		277.119450201		
1470892756.76		275.285192792		273.745839107		277.182696294		
1470926400.0		275.390667977		273.843723888		277.251130218		
1470960043.24		275.788114715		274.261127343		277.59332674		
1470993686.49		276.392244778		274.974486215		278.159508681		
1471027329.73		276.908453423		275.539082317		278.636594164		
1471060972.97		277.531237133		276.190649496		279.185966804		
1471094616.22		278.102300624		276.75614845		279.68036675		
1471128259.46		278.724196646		277.367585636		280.260602523		
1471161902.7		279.311538603		277.9108388		280.741195448		
1471195545.95		279.861447472		278.454422167		281.247896183		
1471229189.19		280.402556798		279.004410754		281.711183863		
1471262832.43		280.888388824		279.455986728		282.136308118		
1471296475.68		281.388658288		279.938137188		282.628009901		
1471330118.92		281.914915691		280.449384351		283.162160852		
1471363762.16		282.33585092		280.821743752		283.569694481		
1471397405.41		282.811622898		281.235124531		284.079087644		
1471431048.65		283.216730765		281.612244535		284.548446883		
1471464691.89		283.669930975		282.102969595		285.061122468		
1471498335.14		284.157182334		282.572398099		285.566912489		
1471531978.38		284.560948724		282.949274825		285.994792092		
1471565621.62		285.028982441		283.3406968		286.47977252		
1471599264.86		285.464252909		283.745096034		286.913424179		
1471632908.11		285.878409867		284.147607558		287.383450554		
1471666551.35		286.257745519		284.516401397		287.837253026		
1471700194.59		286.63275074		284.854186919		288.219775752		
1471733837.84		286.996652935		285.188125288		288.588022366		
1471767481.08		287.356148826		285.537094447		288.956258704		
1471801124.32		287.71970928		285.866943077		289.34498601		
1471834767.57		288.142718755		286.281908145		289.802608949		
1471868410.81		288.374268388		286.499474391		290.086611682		
1471902054.05		287.271949315		285.54318273		288.949989559		
1471935697.3		278.357489811		276.929881098		279.807863267		
1471969340.54		270.429119838		268.981384947		271.822205114		
1472002983.78		262.985261021		261.546642866		264.384221043		
1472036627.03		256.039157347		254.46985767		257.492718844		
1472070270.27		240.940408164		239.305785559		242.406644857		
1472103913.51		243.489744376		241.88645058		245.060945224		
1472137556.76		219.1164579		217.662941222		220.58666582		
1472171200.0		232.623569869		231.076642228		234.189680156		
1472204843.24		227.608947195		226.122931656		229.18756061		
1472238486.49		222.806983809		221.360660483		224.40773233		
1472272129.73		218.236217744		216.814212241		219.852284223		
1472305772.97		213.876985928		212.440356596		215.51625228		
1472339416.22		209.721173752		208.314064577		211.374308237		
1472373059.46		205.776022038		204.326424123		207.399523998		
1472406702.7		201.965145643		200.511836022		203.576931148		
1472440345.95		198.314337435		196.847437896		199.856365373		
1472473989.19		194.831470299		193.357077262		196.33140799		
1472507632.43		191.488806279		189.98317906		192.924589398		
1472541275.68		188.253240439		186.717542531		189.642202233		
1472574918.92		185.160826603		183.618123125		186.517483221		
1472608562.16		182.145679174		180.647803652		183.472677649		
1472642205.41		179.263369176		177.777739435		180.563048351		
1472675848.65		176.489573231		174.992779272		177.730657132		
1472709491.89		173.805417101		172.266453719		174.990787936		
1472743135.14		171.197339989		169.680159599		172.34381778		
1472776778.38		168.668009908		167.177188103		169.801028611		
1472810421.62		166.148445441		164.657400238		167.286914844		
1472844064.86		164.293544748		162.870647547		165.411111003		
1472877708.11		168.384853261		166.96074956		169.488393243		
1472911351.35		172.243176175		170.813762819		173.346742436		
1472944994.59		176.086563002		174.637339018		177.179790156		
1472978637.84		179.92917036		178.502647001		181.029430231		
1473012281.08		183.740710753		182.331260474		184.821071974		
1473045924.32		187.522133382		186.112495378		188.64040058		
1473079567.57		191.273246772		189.885791013		192.375420264		
1473113210.81		195.243097646		193.861262729		196.33424111		
1473146854.05		198.812740247		197.446279668		199.908710584		
1473180497.3		202.538304792		201.154696381		203.59768168		
1473214140.54		206.208038723		204.817684135		207.241848665		
1473247783.78		209.812386486		208.447594088		210.828260485		
1473281427.03		213.37296924		212.015687167		214.383863469		
1473315070.27		216.873723594		215.53808223		217.914639484		
1473348713.51		220.322853712		219.010365956		221.390424425		
1473382356.76		223.567361951		222.266717149		224.635447793		
1473416000.0		226.997763613		225.70017216		228.116531705		
1473449643.24		230.266380362		229.004324167		231.446375033		
1473483286.49		233.480525839		232.257324107		234.711036564		
1473516929.73		236.66000401		235.455434659		237.929803181		
1473550572.97		239.772010599		238.607550398		241.017990072		
1473584216.22		242.811971852		241.665253453		244.109898455		
1473617859.46		245.787264969		244.659157359		247.064994506		
1473651502.7		248.706291919		247.609225923		249.992292175		
1473685145.95		251.615892279		250.530136942		252.890091352		
1473718789.19		254.440544069		253.377268604		255.742883635		
1473752432.43		257.213040076		256.157982114		258.536172192		
1473786075.68		259.938065067		258.893480884		261.276825237		
1473819718.92		263.011462708		261.962643688		264.294789735		
1473853362.16		265.598698182		264.587259474		266.8596535		
1473887005.41		267.95116824		266.931574028		269.208124117		
1473920648.65		269.893701861		268.890515788		271.180082357		
1473954291.89		272.257243785		271.276612304		273.560806096		
1473987935.14		274.659640073		273.689068455		275.988278333		
1474021578.38		276.999422098		276.04161443		278.335797805		
1474055221.62		279.278621521		278.32427123		280.602414732		
1474088864.86		272.743247943		271.823414016		274.020656338		
1474122508.11		274.859471595		273.934687505		276.150025186		
1474156151.35		276.940245988		276.01428269		278.205025279		
1474189794.59		279.000118274		278.06897597		280.241017722		
1474223437.84		280.964973214		280.035875914		282.198005841		
1474257081.08		282.889659673		281.961028404		284.134942435		
1474290724.32		284.765902741		283.841645084		286.00672959		
1474324367.57		286.599833666		285.683387432		287.830552677		
1474358010.81		288.374848846		287.477134576		289.59446795		
1474391654.05		288.144187825		287.264648018		289.351332611		
1474425297.3		289.86164403		288.982702337		291.06726059		
1474458940.54		291.536556188		290.66017072		292.739539161		
1474492583.78		293.195635653		292.329195232		294.409552687		
1474526227.03		293.668377121		292.813517331		294.888200527		
1474559870.27		295.582021886		294.735562693		296.809118901		
1474593513.51		297.494716365		296.659704028		298.735115795		
1474627156.76		299.274715656		298.445383794		300.522259681		
1474660800.0		296.375992406		295.557248713		297.611800438		
1474694443.24		297.984126899		297.170241771		299.245009481		
1474728086.49		299.470189399		298.666368814		300.744041087		
1474761729.73		300.905970597		300.099759254		302.167514305		
1474795372.97		302.296355452		301.487692852		303.54466145		
1474829016.22		303.643003674		302.841907662		304.881556563		
1474862659.46		304.948767135		304.147534099		306.193184469		
1474896302.7		306.217368155		305.42315224		307.461537295		
1474929945.95		307.427366171		306.643496549		308.670088828		
1474963589.19		308.60022028		307.824567759		309.845597177		
1474997232.43		309.771867856		308.999851874		311.039351529		
1475030875.68		310.906779752		310.145080712		312.184689683		
1475064518.92		312.014922637		311.258477509		313.287697969		
1475098162.16		313.239538049		312.478752953		314.513771349		
1475131805.41		314.475560232		313.724312577		315.755143885		
1475165448.65		315.686384738		314.930564247		316.980085828		
1475199091.89		310.83916099		310.164207199		312.027943996		
1475232735.14		301.514466778		300.889715836		302.602626395		
1475266378.38		292.360235291		291.708166486		293.439759174		
1475300021.62		274.235373525		273.459207732		275.28567984		
1475333664.86		266.307654099		265.373477329		267.230547152		
1475367308.11		270.007228799		268.97071229		270.975732421		
1475400951.35		267.599837284		266.451260154		268.647196195		
1475434594.59		265.78157047		264.441497465		266.90528311		
1475468237.84		264.050187523		262.563778888		265.250106459		
1475501881.08		262.386548173		260.784414178		263.707141839		
1475535524.32		257.79950317		256.028901275		259.265669272		
1475569167.57		256.253026804		254.308583297		257.86483251		
1475602810.81		255.070584547		253.017994507		256.781097916		
1475636454.05		253.650882475		251.484500185		255.462780323		
1475670097.3		253.471745826		251.192087742		255.435781707		
1475703740.54		257.178533321		254.885710228		259.13982503		
1475737383.78		262.835763101		260.568974236		264.76345046		
1475771027.03		268.592992969		266.354656632		270.473345907		
1475804670.27		274.21466854		272.007491817		276.109980777		
1475838313.51		279.760623781		277.592353779		281.632811645		
1475871956.76		285.091916368		283.015954518		286.943020424		
1475905600.0		289.770580755		287.743896301		291.560316824		
1475939243.24		294.357416837		292.423359538		296.079762436		
1475972886.49		298.900761535		296.986924252		300.58183688		
1476006529.73		303.318460709		301.427219023		304.946146559		
1476040172.97		307.617925472		305.794611084		309.201187903		
1476073816.22		311.8295714		310.099492841		313.381649695		
1476107459.46		315.944228883		314.275485281		317.445565347		
1476141102.7		319.969652334		318.402707485		321.425408442		
1476174745.95		323.947472116		322.435855029		325.3667187		
1476208389.19		327.730273731		326.297052659		329.101744194		
1476242032.43		331.482822851		330.068271814		332.760445067		
1476275675.68		335.09967235		333.697338773		336.330053		
1476309318.92		338.602153767		337.224435778		339.816601989		
1476342962.16		341.277460484		339.955304834		342.500602737		
1476376605.41		344.022442153		342.700559545		345.216988714		
1476410248.65		346.997762353		345.70537281		348.183911728		
1476443891.89		349.881551326		348.612482279		351.070278282		
1476477535.14		352.555676316		351.30343659		353.750993428		
1476511178.38		355.575710629		354.367478771		356.786879428		
1476544821.62		358.510254852		357.327492061		359.733428544		
1476578464.86		361.321616371		360.181694539		362.599875188		
1476612108.11		364.061753722		362.946094561		365.346146267		
1476645751.35		366.727597592		365.641523558		368.013154673		
1476679394.59		369.30237826		368.251961262		370.615885111		
1476713037.84		371.772293259		370.766173874		373.097312981		
1476746681.08		374.167339174		373.192594666		375.490263296		
1476780324.32		376.47291296		375.533454767		377.797538088		
1476813967.57		378.704553307		377.79509591		380.050343324		
1476847610.81		380.899402431		380.012759964		382.248788556		
1476881254.05		383.010651478		382.139736507		384.370060614		
1476914897.3		385.020806449		384.180694453		386.350101979		
1476948540.54		386.92933275		386.123957294		388.239039228		
1476982183.78		388.732583791		387.938123344		390.004425859		
1477015827.03		390.220805971		389.458579115		391.470214905		
1477049470.27		391.655715714		390.883884976		392.871247968		
1477083113.51		393.037284433		392.270109096		394.290465523		
1477116756.76		394.391278601		393.638434054		395.638537226		
1477150400.0		395.703764641		394.958712499		396.947704585		
1477184043.24		396.975093718		396.222423253		398.201709049		
1477217686.49		398.211265768		397.466119499		399.43908927		
1477251329.73		399.429418868		398.675636183		400.646099049		
1477284972.97		400.606635398		399.837981081		401.828357476		
1477318616.22		401.746486079		400.973530086		402.960683968		
1477352259.46		402.850548241		402.060538657		404.04093726		
1477385902.7		403.912105191		403.132487977		405.091978416		
1477419545.95		404.936254773		404.15469722		406.128097271		
1477453189.19		405.935777335		405.166096492		407.144375539		
1477486832.43		406.934643628		406.149093212		408.124051371		
1477520475.68		407.904941104		407.130231368		409.093680288		
1477554118.92		408.825999794		408.067673098		410.006295689		
1477587762.16		409.5775424		408.835982034		410.776417996		
1477621405.41		410.579431716		409.835037174		411.775091549		
1477655048.65		411.4709502		410.731158396		412.673769853		
1477688691.89		412.274523306		411.542460537		413.476869699		
1477722335.14		413.11669471		412.381616969		414.302703984		
1477755978.38		413.952512889		413.212699427		415.119180302		
1477789621.62		414.774075106		414.043370551		415.928726929		
1477823264.86		415.575544201		414.856893513		416.726292976		
1477856908.11		416.348868736		415.638339833		417.503533969		
1477890551.35		417.117412168		416.407887329		418.257498108		
1477924194.59		417.846302957		417.135901322		418.97415854		
1477957837.84		418.579891901		417.871287476		419.702763747		
1477991481.08		419.31414732		418.607297748		420.461420343		
1478025124.32		420.020070936		419.319719895		421.16291614		
1478058767.57		420.717094158		420.029851088		421.856866157		
1478092410.81		421.3863005		420.704347915		422.519954501		
1478126054.05		422.070493646		421.388574454		423.209518872		
1478159697.3		422.707880783		422.020127692		423.839231827		
1478193340.54		423.406663238		422.71429651		424.536480702		
1478226983.78		424.054037196		423.363108325		425.174864678		
1478260627.03		424.699299138		424.00405169		425.813964624		
1478294270.27		425.348897303		424.655517924		426.452538343		
1478327913.51		425.991970328		425.302155775		427.083427428		
1478361556.76		426.606004617		425.912714106		427.694796189		
1478395200.0		427.236595162		426.544819193		428.315598721		
1478428843.24		427.836360493		427.144711874		428.907122151		
1478462486.49		428.427768218		427.731437229		429.494468685		
1478496129.73		429.014635173		428.316878682		430.077442485		
1478529772.97		429.613635225		428.911756286		430.661358061		
1478563416.22		430.215232774		429.517677733		431.256910051		
1478597059.46		430.802171677		430.105730802		431.83040299		
1478630702.7		431.384351455		430.69142749		432.410086932		
1478664345.95		431.975571349		431.274020104		433.003451124		
1478697989.19		432.543113489		431.836839401		433.570139967		
1478731632.43		433.113791072		432.412300637		434.135721488		
1478765275.68		433.692176279		432.989670294		434.705449912		
1478798918.92		434.246286885		433.539421565		435.259913617		
1478832562.16		434.821372579		434.112692611		435.839642845		
1478866205.41		435.379322582		434.670760325		436.400023031		
1478899848.65		435.936264381		435.229757885		436.950887445		
1478933491.89		436.496129062		435.79407688		437.502153025		
1478967135.14		437.059227912		436.357914587		438.058212877		
1479000778.38		437.597521907		436.898324926		438.589550074		
1479034421.62		438.169717781		437.469444103		439.158580872		
1479068064.86		438.713971132		438.012391089		439.702888849		
1479101708.11		439.255208219		438.551727814		440.240874007		
1479135351.35		439.81306371		439.109411168		440.795759012		
1479168994.59		440.353187407		439.649280186		441.336390807		
1479202637.84		440.889172421		440.187329241		441.870604985		
1479236281.08		441.427573235		440.727563688		442.402265659		
1479269924.32		441.953213095		441.254659448		442.921410493		
1479303567.57		442.480580812		441.783446534		443.440128476		
1479337210.81		443.013226737		442.316537464		443.967636202		
1479370854.05		443.544045256		442.849469638		444.493194839		
1479404497.3		444.073749279		443.383024822		445.021056536		
1479438140.54		444.618185228		443.930214373		445.564276154		
1479471783.78		445.142774875		444.455648448		446.085907799		
1479505427.03		445.688712743		445.006868601		446.626235796		
1479539070.27		446.220384032		445.537926313		447.143465592		
1479572713.51		446.753833337		446.07385318		447.664113594		
1479606356.76		447.288324331		446.612189433		448.189565861		
1479640000.0		447.820436222		447.144973659		448.714975548		
1479673643.24		448.338424141		447.663388276		449.231465927		
1479707286.49		448.863200712		448.189999364		449.750319751		
1479740929.73		449.390997455		448.720899605		450.277399942		
1479774572.97		427.989169632		426.692374646		429.802989969		
1479808216.22		370.413934239		368.378455966		372.755741967		
1479841859.46		368.17528709		366.928258584		369.508227492		
1479875502.7		381.62348507		380.340108797		382.949072687		
1479909145.95		384.896156627		383.682218413		386.189567694		
1479942789.19		388.157871901		387.001058863		389.399194205		
1479976432.43		391.358615396		390.215206506		392.551012933		
1480010075.68		394.458652943		393.381367197		395.600168077		
1480043718.92		397.476639175		396.454741813		398.56350156		
1480077362.16		400.383430155		399.429373102		401.435360956		
1480111005.41		403.212363574		402.2952806		404.250326063		
1480144648.65		405.86616385		404.991063471		406.874156839		
1480178291.89		405.057634943		404.229537753		405.957631671		
1480211935.14		404.209665964		403.46170874		405.057924498		
1480245578.38		403.411209527		402.711797442		404.201719269		
1480279221.62		402.681970544		401.999763661		403.419237305		
1480312864.86		402.01540497		401.346029721		402.696107928		
1480346508.11		401.413529238		400.739809716		402.020215922		
1480380151.35		400.835261004		400.183142444		401.404352564		
1480413794.59		400.297191008		399.654680131		400.847462017		
1480447437.84		399.796582747		399.165385563		400.361025704		
1480481081.08		399.356781268		398.71163464		399.932622948		
1480514724.32		398.94541051		398.284766935		399.547408531		
1480548367.57		398.579411359		397.89792344		399.173878546		
1480582010.81		398.246755378		397.565598363		398.880081159		
1480615654.05		397.933169807		397.264229452		398.618954563		
1480649297.3		397.671581248		396.982471624		398.383356116		
1480682940.54		397.428735638		396.71226086		398.165661553		
1480716583.78		397.201687064		396.463210331		397.950792085		
1480750227.03		397.033055648		396.28356618		397.819907068		
1480783870.27		396.883578816		396.097170974		397.698827853		
1480817513.51		396.769551719		395.954375248		397.597555677		
1480851156.76		396.659265595		395.818899007		397.531663821		
1480884800.0		396.601960155		395.729440012		397.487620644		
1480918443.24		396.563561569		395.678508372		397.474806528		
1480952086.49		399.30828542		398.440738467		400.191055535		
1480985729.73		402.677831517		401.858950424		403.536084758		
1481019372.97		405.962806482		405.177638113		406.78608869		
1481053016.22		409.157924787		408.397916123		409.954118828		
1481086659.46		412.222560684		411.525482651		412.996149278		
1481120302.7		415.214312451		414.559134572		415.966403062		
1481153945.95		418.130313875		417.486837115		418.855805063		
1481187589.19		420.97374096		420.352032466		421.656175806		
1481221232.43		423.771539586		423.167316228		424.416434291		
1481254875.68		426.403981395		425.818711684		427.009824394		
1481288518.92		428.943881033		428.382772151		429.531118353		
1481322162.16		431.38550956		430.852681059		431.959042659		
1481355805.41		433.761163427		433.252173283		434.309894996		
1481389448.65		436.056727914		435.555147621		436.581506114		
1481423091.89		438.280451389		437.800127892		438.7937224		
1481456735.14		440.455683253		440.003623146		440.962262684		
1481490378.38		442.575246384		442.137692794		443.065928371		
1481524021.62		444.607502112		444.177225741		445.066621193		
1481557664.86		446.523548358		446.092393133		446.959268818		
1481591308.11		448.201897739		447.788118604		448.62510494		
1481624951.35		449.731624727		449.34121937		450.146796774		
1481658594.59		451.220415009		450.841985571		451.62236073		
1481692237.84		452.67373911		452.306872299		453.062068257		
1481725881.08		454.089625349		453.736240477		454.469745788		
1481759524.32		455.528833187		455.192806762		455.909627496		
1481793167.57		456.954480262		456.626730991		457.320682559		
1481826810.81		458.251742377		457.918515333		458.601556031		
1481860454.05		459.538753499		459.203629602		459.884306039		
1481894097.3		460.811765292		460.47709704		461.164712752		
1481927740.54		462.050496656		461.704139493		462.385207312		
1481961383.78		463.238384962		462.884107498		463.56726277		
1481995027.03		464.38603136		464.034287114		464.71700027		
1482028670.27		465.493284886		465.137144861		465.827296782		
1482062313.51		466.607750343		466.241906714		466.9430337		
1482095956.76		467.703358933		467.334733983		468.051385126		
1482129600.0		468.779357971		468.410934841		469.130330145		
1482163243.24		469.79130134		469.417586298		470.137484715		
1482196886.49		461.13665469		460.847776532		461.410445023		
1482230529.73		451.732489115		451.503662137		451.956650893		
1482264172.97		443.040132689		442.828571873		443.271672466		
1482297816.22		434.946852246		434.692618596		435.210152862		
1482331459.46		427.309232862		426.997351378		427.611662238		
1482365102.7		422.391387321		422.036649295		422.721483389		
1482398745.95		425.499832116		425.178698231		425.813056595		
1482432389.19		428.659417478		428.371887099		428.974900206		
1482466032.43		431.711933592		431.437568934		432.007919619		
1482499675.68		434.677122147		434.418348504		434.971470366		
1482533318.92		437.544265434		437.291200495		437.816416891		
1482566962.16		440.311647023		440.065855146		440.577478885		
1482600605.41		443.026250031		442.79814493		443.288080315		
1482634248.65		445.640574745		445.403251432		445.894851061		
1482667891.89		448.132528828		447.894136318		448.376677478		
1482701535.14		450.525637761		450.284043885		450.773846302		
1482735178.38		452.839354156		452.593670794		453.084974389		
1482768821.62		455.083692559		454.833190488		455.331999275		
1482802464.86		457.222014837		456.962632256		457.471923761		
1482836108.11		459.313651307		459.037150345		459.565409911		
1482869751.35		461.320081528		461.024502107		461.567561548		
1482903394.59		463.271196947		462.96259187		463.524202381		
1482937037.84		465.190910639		464.87221565		465.45309224		
1482970681.08		464.594438743		464.25696554		464.864586305		
1483004324.32		466.517805418		466.172290613		466.793673443		
1483037967.57		468.390266073		468.0257639		468.671939115		
1483071610.81		470.195598589		469.821681157		470.481990001		
1483105254.05		471.95360893		471.570732289		472.245798739		
1483138897.3		473.622678935		473.223698379		473.913794217		
1483172540.54		475.227309373		474.824953904		475.524204539		
1483206183.78		476.774628648		476.358926241		477.082518723		
1483239827.03		478.283989274		477.857628581		478.604763126		
1483273470.27		479.760225548		479.31899925		480.090022706		
1483307113.51		481.21530798		480.756495918		481.552703914		
1483340756.76		482.635529206		482.161883423		482.980669783		
1483374400.0		484.009303371		483.518175463		484.362807254		
1483408043.24		485.328397488		484.828607306		485.684631034		
1483441686.49		486.606057345		486.088510368		486.970355127		
1483475329.73		487.826531577		487.296390093		488.198482931		
1483508972.97		488.993728989		488.452336291		489.379040763		
1483542616.22		490.163056072		489.613088867		490.55649602		
1483576259.46		491.32352742		490.768315298		491.733062167		
1483609902.7		492.440440308		491.87046039		492.856451762		
1483643545.95		493.504062119		492.92042832		493.924808756		
1483677189.19		494.562361793		493.960129414		494.989226225		
1483710832.43		495.611203015		494.9888724		496.043972065		
1483744475.68		496.661226719		496.019527534		497.095251085		
1483778118.92		497.692995332		497.045311531		498.135770286		
1483811762.16		498.699319204		498.052335946		499.149329483		
1483845405.41		499.693746012		499.03283924		500.144821127		
1483879048.65		500.644109971		499.981473544		501.106197024		
1483912691.89		501.582682607		500.911469054		502.050403692		
1483946335.14		502.508205974		501.822399239		502.979310752		
1483979978.38		503.43879337		502.733534772		503.919007638		
1484013621.62		504.402021216		503.691135274		504.89059186		
1484047264.86		505.352966018		504.624163666		505.847750481		
1484080908.11		506.233336381		505.482268074		506.734048655		
1484114551.35		507.066322147		506.302957024		507.569197092		
1484148194.59		507.874583394		507.105215047		508.379959563		
1484181837.84		508.667290706		507.890730182		509.173635428		
1484215481.08		509.485232988		508.701030275		509.99943431		
1484249124.32		510.268636112		509.475170475		510.790059401		
1484282767.57		510.996767028		510.194218338		511.527417686		
1484316410.81		511.70905616		510.898052373		512.249222184		
1484350054.05		512.394713887		511.566744428		512.940015654		
1484383697.3		513.116739844		512.282859675		513.665828167		
1484417340.54		513.84948676		513.008804401		514.400585316		
1484450983.78		514.584747905		513.735242677		515.138435874		
1484484627.03		515.334863221		514.47640648		515.892284374		
1484518270.27		516.026675984		515.159185256		516.588412485		
1484551913.51		516.699078221		515.822448268		517.264523063		
1484585556.76		517.370122361		516.483597119		517.939992508		
1484619200.0		518.000405166		517.099341992		518.573445654		
1484652843.24		518.661957947		517.749988304		519.241239307		
1484686486.49		519.363445432		518.440209903		519.945101098		
1484720129.73		520.063138571		519.125622523		520.646940606		
1484753772.97		520.715616937		519.762740017		521.303751091		
1484787416.22		412.853011153		412.091660209		413.323364043		
1484821059.46		413.374710677		412.611349601		413.853547406		
1484854702.7		413.889217478		413.115979665		414.374539821		
1484888345.95		414.407202724		413.61803163		414.89431469		
1484921989.19		414.935862873		414.139600661		415.426413969		
1484955632.43		496.333361168		495.370663959		496.92178241		
1484989275.68		496.990904902		496.020864953		497.588816212		
1485022918.92		497.648689615		496.670118855		498.254470439		
1485056562.16		498.278060245		497.291100659		498.889780446		
1485090205.41		498.893169055		497.894999216		499.508550971		
1485123848.65		499.535749169		498.525198154		500.157234424		
1485157491.89		500.143499557		499.120869539		500.770010113		
1485191135.14		500.729743556		499.696347442		501.36520312		
1485224778.38		495.949440047		494.907505906		496.582265911		
1485258421.62		484.588928108		483.574305244		485.225431514		
1485292064.86		474.016937091		473.016611826		474.629805328		
1485325708.11		469.579865635		468.585193185		470.19321948		
1485359351.35		471.237230119		470.238290263		471.861047663		
1485392994.59		472.861202634		471.848187479		473.488553424		
1485426637.84		474.489973486		473.459698474		475.121028406		
1485460281.08		398.48784619		397.616569642		399.022726578		
1485493924.32		399.858126471		398.976347678		400.400254552		
1485527567.57		401.193990925		400.30575403		401.748019859		
1485561210.81		402.496770186		401.596517503		403.057211603		
1485594854.05		403.745103945		402.828318288		404.306668062		
1485628497.3		404.961447777		404.034442594		405.536392371		
1485662140.54		406.158438731		405.21783393		406.736569293		
1485695783.78		407.341099827		406.384113751		407.924456853		
1485729427.03		408.490768764		407.518952602		409.080933959		
1485763070.27		409.61432235		408.624171878		410.211749607		
1485796713.51		410.710037033		409.699782292		411.309458753		
1485830356.76		473.012018517		471.829288032		473.700458376		
1485864000.0		474.190258009		472.993212423		474.878083689		
1485897643.24		475.347238278		474.142751368		476.03418571		
1485931286.49		476.462288693		475.253757513		477.151995713		
1485964929.73		464.44275145		462.809913999		466.25687942		
1485998572.97		456.053047951		454.09829788		458.94743945		
1486032216.22		457.047220672		455.188037806		459.873692299		
1486065859.46		468.63802156		466.858962758		471.298118055		
1486099502.7		470.525480584		468.800700274		473.009523999		
1486133145.95		472.257198317		470.635497171		474.574626548		
1486166789.19		473.946478986		472.374044426		476.087740259		
1486200432.43		475.597841675		474.10245971		477.639113232		
1486234075.68		477.199214511		475.793687863		479.150839153		
1486267718.92		478.793307963		477.45495469		480.583612595		
1486301362.16		480.331077886		479.033938637		482.004011855		
1486335005.41		481.817948108		480.580593475		483.380665534		
1486368648.65		483.227524641		482.024772532		484.589729935		
1486402291.89		484.59598078		483.452574445		485.743126768		
1486435935.14		485.974370984		484.877145267		486.966381955		
1486469578.38		487.31915399		486.312706929		488.20887057		
1486503221.62		488.658748215		487.725110631		489.436791413		
1486536864.86		489.889184873		488.971155147		490.646008646		
1486570508.11		491.147782912		490.210598799		491.885017267		
1486604151.35		492.344886792		491.376417032		493.085618235		
1486637794.59		493.515282099		492.543415048		494.274877477		
1486671437.84		494.646987957		493.657270555		495.384950411		
1486705081.08		495.755987773		494.77776494		496.463472136		
1486738724.32		496.853642449		495.854644263		497.527136924		
1486772367.57		497.892415651		496.902859595		498.564333911		
1486806010.81		498.97462903		497.971956717		499.604439337		
1486839654.05		500.005504995		498.972061466		500.647306244		
1486873297.3		501.052903394		500.004224868		501.697706181		
1486906940.54		502.126949419		501.051208531		502.764427841		
1486940583.78		503.173099746		502.063297139		503.817318907		
1486974227.03		504.160902505		503.025603776		504.816657446		
1487007870.27		505.14383184		504.005575047		505.80378929		
1487041513.51		506.123064554		504.975039232		506.781985936		
1487075156.76		507.062942989		505.882568556		507.73242951		
1487108800.0		507.995915273		506.792902936		508.665430171		
1487142443.24		508.973408936		507.745147838		509.64645836		
1487176086.49		509.931865093		508.640525692		510.60782932		
1487209729.73		510.912679644		509.579481194		511.602332821		
1487243372.97		511.832740992		510.477228642		512.532041355		
1487277016.22		513.645471426		512.245541049		514.37116566		
1487310659.46		514.467906389		513.004369332		515.209845993		
1487344302.7		515.288122595		513.803308579		516.044616574		
1487377945.95		516.122534514		514.592083628		516.889912739		
1487411589.19		516.935711583		515.33258637		517.713219847		
1487445232.43		517.70127007		516.055362997		518.490845553		
1487478875.68		518.509096116		516.859945934		519.311818551		
1487512518.92		519.369969859		517.72750823		520.200078113		
1487546162.16		520.171460378		518.495532217		521.021140892		
1487579805.41		520.99086443		519.280559363		521.852002157		
1487613448.65		521.78314023		520.040742059		522.661615679		
1487647091.89		522.608433299		520.833432318		523.499330856		
1487680735.14		523.439034933		521.641397191		524.352709071		
1487714378.38		524.254323638		522.406707173		525.173483029		
1487748021.62		525.091929169		523.217257753		526.012901046		
1487781664.86		525.91639106		524.003663848		526.842348329		
1487815308.11		526.813842641		524.870865013		527.748496109		
1487848951.35		527.660721605		525.683672308		528.592691341		
1487882594.59		528.490193501		526.488733828		529.444246246		
1487916237.84		529.312613056		527.282370247		530.26255424		
1487949881.08		530.047477733		527.984990855		530.98987643		
1487983524.32		530.792434176		528.692169197		531.730436588		
1488017167.57		531.486708539		529.36258627		532.422859588		
1488050810.81		532.187536812		529.994670083		533.139672641		
1488084454.05		532.866951551		530.574337681		533.816883643		
1488118097.3		533.524449186		531.122436044		534.448353967		
1488151740.54		534.172965281		531.695623906		535.074550907		
1488185383.78		534.807423518		532.287686286		535.701155167		
1488219027.03		535.423136337		532.865532592		536.300797236		
1488252670.27		536.056609844		533.49892779		536.924620542		
1488286313.51		536.631920799		534.099812772		537.512401715		
1488319956.76		537.160329925		534.628287136		538.022901307		
1488353600.0		537.702783717		535.169405566		538.552862276		
1488387243.24		538.209186327		535.699551354		539.068028144		
1488420886.49		538.783838744		536.245850166		539.649457767		
1488454529.73		539.305120183		536.754297327		540.171275046		
1488488172.97		539.840629215		537.26427915		540.717776902		
1488521816.22		540.304701782		537.722647151		541.182283744		
1488555459.46		540.800552499		538.231605981		541.66127169		
1488589102.7		541.251780819		538.699559373		542.115472177		
1488622745.95		541.73951231		539.195922545		542.600205814		
1488656389.19		542.160619685		539.638736176		543.02093139		
1488690032.43		542.532031732		540.026619993		543.391559475		
1488723675.68		542.879130443		540.401069794		543.745963393		
1488757318.92		542.006203546		539.696041412		542.880645047		
1488790962.16		542.019571822		539.775911721		542.892528551		
1488824605.41		542.573713778		540.32090439		543.44629515		
1488858248.65		543.116149264		540.880844215		543.996174259		
1488891891.89		543.6885012		541.479816088		544.568311123		
1488925535.14		544.202519866		542.055905844		545.087006553		
1488959178.38		544.685606769		542.634822475		545.564137368		
1488992821.62		545.176056016		543.227377286		546.049599613		
1489026464.86		545.727865637		543.833195934		546.616788975		
1489060108.11		546.216735657		544.34472274		547.106529488		
1489093751.35		547.775758697		545.943979407		548.671525997		
1489127394.59		548.145934733		546.353762294		549.057867266		
1489161037.84		548.561752923		546.800504959		549.476754109		
1489194681.08		548.956407229		547.247728881		549.855622598		
1489228324.32		549.402806145		547.701627687		550.30073266		
1489261967.57		549.862054035		548.17263511		550.752555484		
1489295610.81		550.274911861		548.603130736		551.152921388		
1489329254.05		550.678163932		549.032098925		551.55446508		
1489362897.3		551.00447219		549.422955268		551.889232239		
1489396540.54		551.312030089		549.727678974		552.198323761		
1489430183.78		551.615502514		550.130791772		552.499473353		
1489463827.03		551.926693355		550.504879722		552.805165226		
1489497470.27		552.195234033		550.816312146		553.078896713		
1489531113.51		552.496190614		551.188708607		553.386164106		
1489564756.76		552.778108715		551.536476825		553.676813133		
1489598400.0		553.107211878		551.963895847		553.994815936		
1489632043.24		553.37808555		552.356088773		554.251756237		
1489665686.49		553.719562079		552.810197371		554.573336943		
1489699329.73		553.980457806		553.174680111		554.797473957		
1489732972.97		554.244422192		553.496765639		555.055220008		
1489766616.22		554.563235022		553.787064469		555.400929266		
1489800259.46		554.868775077		554.09435711		555.79294156		
1489833902.7		555.121605814		554.362917571		556.133624088		
1489867545.95		555.316181343		554.564051506		556.357814007		
1489901189.19		555.504825318		554.761101746		556.527503705		
1489934832.43		555.660405867		554.924752507		556.673423935		
1489968475.68		555.877747258		555.14492778		556.890025913		
1490002118.92		556.098431566		555.354005925		557.093443365		
1490035762.16		556.311554896		555.574555449		557.317220475		
1490069405.41		556.504912231		555.764459623		557.513141225		
1490103048.65		556.76281588		555.98217304		557.748481753		
1490136691.89		556.97484416		556.180940359		557.974642614		
1490170335.14		557.187591737		556.371829746		558.185551846		
1490203978.38		557.330911648		556.514211968		558.377299283		
1490237621.62		557.549249955		556.717162431		558.574073106		
1490271264.86		557.786771776		556.946906729		558.832303562		
1490304908.11		558.042765445		557.192893652		559.112817267		
1490338551.35		558.210661658		557.358030671		559.312094451		
1490372194.59		558.360878852		557.503999199		559.511746268		
1490405837.84		558.639447922		557.754855725		559.771881448		
1490439481.08		558.852534472		557.970275521		560.043682386		
1490473124.32		559.021759528		558.124317216		560.276713622		
1490506767.57		559.216294541		558.310638349		560.540752116		
1490540410.81		559.399938699		558.488109097		560.779286019		
1490574054.05		559.588108676		558.665225		561.051402618		
1490607697.3		559.764904005		558.829148255		561.326789806		
1490641340.54		560.03214685		559.087870861		561.658261033		
1490674983.78		560.289297861		559.352120579		562.018938467		
1490708627.03		560.565118338		559.603102214		562.401127144		
1490742270.27		560.751976709		559.777403857		562.694820095		
1490775913.51		560.981093526		559.993364233		563.030547353		
1490809556.76		561.301230443		560.303059993		563.382032754		
1490843200.0		561.595668958		560.584370094		563.688462876		
1490876843.24		561.829946955		560.79511035		563.96362074		
1490910486.49		562.02408033		560.984722604		564.258194055		
1490944129.73		562.231542183		561.182848912		564.569093081		
1490977772.97		562.435746062		561.383181391		564.878010699		
1491011416.22		562.659493294		561.585900357		565.188724552		
1491045059.46		562.885107035		561.79181421		565.487576909		
1491078702.7		563.108613317		561.996259605		565.784206654		
1491112345.95		563.333138665		562.195597705		566.082251983		
1491145989.19		563.560852251		562.39857914		566.429612694		
1491179632.43		563.780053455		562.608566375		566.780123907		
1491213275.68		564.003907662		562.82807373		567.125194351		
1491246918.92		564.229365862		563.055762643		567.457248211		
1491280562.16		564.457063586		563.268659822		567.775853178		
1491314205.41		564.667095331		563.478022664		568.096291103		
1491347848.65		564.890634716		563.69270643		568.452607305		
1491381491.89		565.117483279		563.904191003		568.813286318		
1491415135.14		565.348594331		564.113537908		569.175266272		
1491448778.38		565.575041954		564.325354462		569.523604951		
1491482421.62		565.797095502		564.541841154		569.848818356		
1491516064.86		566.0225526		564.755895561		570.175115863		
1491549708.11		566.238617528		564.972535786		570.505225209		
1491583351.35		566.454470312		565.20658127		570.830849678		
1491616994.59		566.68707459		565.429427572		571.160605779		
1491650637.84		566.921331568		565.662682615		571.500567778		
1491684281.08		567.15473277		565.894757495		571.863737776		
1491717924.32		567.385428334		566.122329114		572.227725353		
1491751567.57		567.619254736		566.347867593		572.586850113		
1491785210.81		567.85247853		566.56498066		572.908769783		
1491818854.05		568.078703437		566.786954235		573.233235054		
1491852497.3		568.314555775		567.015659765		573.566739289		
1491886140.54		568.545816357		567.24034533		573.927330855		
1491919783.78		568.793241638		567.473843899		574.293567878		
1491953427.03		569.031312273		567.693554825		574.643994344		
1491987070.27		569.282023072		567.914186247		574.973480221		
1492020713.51		569.519383075		568.135742595		575.314861438		
1492054356.76		569.742415686		568.356315854		575.666167079		
1492088000.0		569.988695491		568.58577246		576.018188836		
1492121643.24		570.226904538		568.807703368		576.376192257		
1492155286.49		570.46643078		569.036071781		576.734931519		
1492188929.73		570.70507417		569.263481485		577.094394767		
1492222572.97		570.951935279		569.484371764		577.44897574		
1492256216.22		571.201667505		569.70563898		577.801495093		
1492289859.46		571.447666043		569.927274173		578.154685007		
1492323502.7		571.688639126		570.149621979		578.508536853		
1492357145.95		571.929938664		570.375925728		578.860068609		
1492390789.19		572.168962526		570.602016164		579.196477043		
1492424432.43		572.410377422		570.82353154		579.533474881		
1492458075.68		572.650551003		571.057277693		579.871053578		
1492491718.92		572.896291909		571.291791989		580.209205832		
1492525362.16		573.144451803		571.515222048		580.560553185		
1492559005.41		573.389226291		571.747018515		580.925192044		
1492592648.65		573.640126233		571.968009901		581.290447956		
1492626291.89		573.887436215		572.188513332		581.656315382		
1492659935.14		574.124144298		572.421961535		582.022788266		
1492693578.38		574.371811216		572.655373979		582.389861501		
1492727221.62		574.633886618		572.88515454		582.757530278		
1492760864.86		574.900935224		573.114183469		583.125789503		
1492794508.11		575.13190737		573.348013624		583.4946349		
1492828151.35		575.371478263		573.574074919		583.864062308		
1492861794.59		575.60527302		573.803105725		584.234067463		
1492895437.84		575.855467236		574.035208709		584.604646809		
1492929081.08		576.120146736		574.255323145		584.974103486		
1492962724.32		576.373725367		574.484341956		585.340332762		
1492996367.57		576.622581792		574.717902999		585.707111451		
1493030010.81		576.878114022		574.95625992		586.052455863		
1493063654.05		577.133522999		575.184734268		586.407616765		
1493097297.3		577.379195147		575.409168086		586.780457502		
1493130940.54		577.637613446		575.644775148		587.153850461		
1493164583.78		577.896941818		575.888416307		587.527793146		
1493198227.03		578.156082402		576.129293887		587.914764809		
1493231870.27		578.40094269		576.362406507		588.305281704		
1493265513.51		578.651849368		576.592649201		588.69638289		
1493299156.76		578.907404483		576.816596074		589.0857721		
1493332800.0		579.163789658		577.048432266		589.466533838		
1493366443.24		579.420094592		577.276416625		589.847843469		
1493400086.49		579.679143414		577.495890563		590.229699794		
1493433729.73		579.938467898		577.724563118		590.6096411		
1493467372.97		580.199185504		577.971338215		590.98957691		
1493501016.22		580.457613808		578.21952927		591.370047687		
1493534659.46		580.713243824		578.467972838		591.751052279		
1493568302.7		580.959001347		578.706750131		592.132589827		
1493601945.95		581.207542876		578.943305008		592.51465959		
1493635589.19		581.464197549		579.177276731		592.897260712		
1493669232.43		581.732071806		579.408627146		593.280392591		
1493702875.68		582.004762589		579.643986567		593.664054683		
1493736518.92		582.268271431		579.883519374		594.04824639		
1493770162.16		582.532147284		580.120984843		594.432967331		
1493803805.41		582.791284681		580.3586707		594.81821714		
1493837448.65		583.051113618		580.600629426		595.203995442		
1493871091.89		583.314794367		580.848340017		595.590302049		
1493904735.14		583.57695308		581.090253679		595.977136753		
1493938378.38		583.836074842		581.331980298		596.364499373		
1493972021.62		584.089829219		581.573763258		596.752389888		
1494005664.86		584.34382375		581.81023883		597.140808232		
1494039308.11		584.604659086		582.048769217		597.529754392		
1494072951.35		584.871828022		582.28577857		597.919228494		
1494106594.59		585.140180044		582.518813479		598.30783862		
1494140237.84		585.400885926		582.754592229		598.696374013		
1494173881.08		585.661840485		582.99869638		599.085432619		
1494207524.32		585.936414886		583.248505584		599.475014596		
1494241167.57		586.207091307		583.49167821		599.86512019		
1494274810.81		586.466862859		583.730623596		600.255749746		
1494308454.05		586.722168709		583.963494302		600.646903526		
1494342097.3		586.985585743		584.196884947		601.038581889		
1494375740.54		587.256317844		584.430473289		601.430785267		
1494409383.78		587.515333867		584.669564065		601.823514023		
1494443027.03		587.770752864		584.914767579		602.216768615		
1494476670.27		588.026404136		585.158870347		602.610549544		
1494510313.51		588.286384096		585.400954531		603.004857272		
1494543956.76		588.550141597		585.645646523		603.399692337		
1494577600.0		588.816992067		585.88407633		603.795055306		
1494611243.24		589.082477537		586.119148985		604.190946725		
1494644886.49		589.344912588		586.356782213		604.587367204		
1494678529.73		589.609882902		586.600480393		604.984317369		
1494712172.97		589.883532582		586.846372888		605.381797839		
1494745816.22		590.159009657		587.09148569		605.779809289		
1494779459.46		590.430081845		587.336810069		606.178352398		
1494813102.7		590.69865712		587.582567787		606.577427847		
1494846745.95		590.967483164		587.829075886		606.977036371		
1494880389.19		591.240572425		588.074052338		607.377178696		
1494914032.43		591.514060397		588.319489025		607.77785556		
1494947675.68		591.787807182		588.566117835		608.179067747		
1494981318.92		592.057883033		588.812958596		608.580816028		
1495014962.16		592.323177565		589.060003371		608.98310119		
1495048605.41		592.59105377		589.307020123		609.385924063		
1495082248.65		592.85958722		589.55424857		609.789285456		
1495115891.89		593.126899894		589.801688776		610.193186204		
1495149535.14		593.392395647		590.049340833		610.597627173		
1495183178.38		593.662006248		590.297204815		611.002609211		
1495216821.62		593.93186574		590.545280814		611.40813319		
1495250464.86		594.200501823		590.795120321		611.814200014		
1495284108.11		594.466963192		591.044519027		612.220810563		
1495317751.35		594.733666747		591.290782024		612.627965748		
1495351394.59		595.002573181		591.539707221		613.035666498		
1495385037.84		595.277570545		591.788845021		613.443913729		
1495418681.08		595.553959223		592.037157764		613.852708383		
1495452324.32		595.828495064		592.278555821		614.262051416		
1495485967.57		596.100805259		592.521249239		614.671943775		
1495519610.81		596.372539443		592.77466771		615.082415225		
1495553254.05		596.643241787		593.028305443		615.545128141		
1495586897.3		596.915727669		593.279252915		616.008542054		
1495620540.54		597.18888176		593.528054108		616.441873102		
1495654183.78		597.462288081		593.778144457		616.866267019		
1495687827.03		597.735946879		594.024304889		617.291249461		
1495721470.27		598.009858416		594.273815569		617.716821556		
1495755113.51		598.279020453		594.523176547		618.142984429		
1495788756.76		598.547518764		594.772309705		618.569739214		
1495822400.0		598.81781252		595.02215352		618.997087059		
1495856043.24		599.090756681		595.273274924		619.417989909		
1495889686.49		599.362120195		595.525466524		619.836765884		
1495923329.73		599.6365322		595.778114991		620.256110159		
1495956972.97		599.911179439		596.031109345		620.67602381		
1495990616.22		600.186212204		596.28425989		621.096507923		
1496024259.46		600.46149854		596.537037796		621.517563598		
1496057902.7		600.737038736		596.782919081		621.939191928		
1496091545.95		601.012833088		597.03288448		622.361394019		
1496125189.19		601.288881898		597.283998337		622.784170986		
1496158832.43		601.565185463		597.535464814		623.207523943		
1496192475.68		601.841744089		597.787144051		623.63145401		
1496226118.92		602.118558085		598.039036279		624.055962321		
1496259762.16		602.395627758		598.291141723		624.481050004		
1496293405.41		602.675386509		598.543460616		624.906718198		
1496327048.65		602.954360931		598.795993195		625.33296805		
1496360691.89		603.232562258		599.048739693		625.759800706		
1496394335.14		603.511849311		599.301700348		626.18721732		
1496427978.38		603.795578955		599.554875402		626.615219053		
1496461621.62		604.077478905		599.808265095		627.043807067		
1496495264.86		604.359592908		600.061869672		627.472982532		
1496528908.11		604.641938808		600.315689377		627.902746621		
1496562551.35		604.921037131		600.568459946		628.333100512		
1496596194.59		605.203404102		600.818885627		628.764045388		
1496629837.84		605.484520058		601.072230992		629.195582438		
1496663481.08		605.764434883		601.324046594		629.627712853		
1496697124.32		606.044609149		601.572276272		630.06043783		
1496730767.57		606.325043195		601.820711408		630.493758571		
1496764410.81		606.605737359		602.069352237		630.92767628		
1496798054.05		606.886691981		602.319359268		631.36219217		
1496831697.3		607.167907405		602.570848448		631.797307453		
1496865340.54		607.449383974		602.828938039		632.23302335		
1496898983.78		607.731122033		603.090784675		632.669341083		
1496932627.03		608.011825749		603.355035637		633.10626188		
1496966270.27		608.289875681		603.61951861		633.543786973		
1496999913.51		608.569755408		603.884233887		633.981917599		
1497033556.76		608.854450266		604.145013348		634.420654997		
1497067200.0		609.139411951		604.403859909		634.860000411		
