1463461200.0		5.62322462617		3.31597952129		16.6886950702		
1463497437.84		2.94605293173		2.89481278941		2.99708067746		
1463533675.68		3.02167588877		2.9818957508		3.0575124235		
1463569913.51		3.1755946807		3.13391075938		3.21392452323		
1463606151.35		3.30748947791		3.26408680978		3.34729034869		
1463642389.19		3.47826681747		3.43269047688		3.52001256467		
1463678627.03		3.62227351816		3.57478108718		3.66552490068		
1463714864.86		3.8097186916		3.75969920612		3.85493007505		
1463751102.7		3.99190221658		3.93944764597		4.03900410857		
1463787340.54		4.17194888054		4.11718420718		4.22097744715		
1463823578.38		4.38504055373		4.32763252703		4.43616520495		
1463859816.22		4.57518708458		4.51553114521		4.62856607709		
1463896054.05		4.80811546798		4.74626240293		4.86460074795		
1463932291.89		5.05264316426		4.98832915912		5.11225408721		
1463968529.73		5.270815323		5.20387685431		5.33302262037		
1464004767.57		5.53843451368		5.46813785354		5.60361091082		
1464041005.41		5.74327582675		5.67047587612		5.81070474239		
1464077243.24		5.91861453984		5.84397245981		5.98798620353		
1464113481.08		6.09891392585		6.02264726914		6.17004934862		
1464149718.92		6.39634707123		6.31664295795		6.47064454609		
1464185956.76		6.74194526598		6.65826454953		6.8201029894		
1464222194.59		7.00129780959		6.9148485888		7.08253636191		
1464258432.43		7.29084906032		7.20128492178		7.37551173992		
1464294670.27		7.56281766041		7.47016833208		7.65052122036		
1464330908.11		7.90161310853		7.80496486657		7.99299725681		
1464367145.95		8.20794255599		8.10783714615		8.30276463288		
1464403383.78		8.57354021561		8.4693098896		8.67252301189		
1464439621.62		8.95489468836		8.84644358729		9.05817971016		
1464475859.46		9.29706644527		9.18513607881		9.40448831211		
1464512097.3		9.70742859405		9.59116682893		9.81968151557		
1464548335.14		10.077390508		9.95703278223		10.1937523614		
1464584572.97		10.520402803		10.395147827		10.641749759		
1464620810.81		10.897465964		10.7680661252		11.0228325082		
1464657048.65		11.3755873389		11.2408105358		11.5060918692		
1464693286.49		11.8737524447		11.7330425734		12.008775723		
1464729524.32		12.3200144992		12.1742788988		12.4593856914		
1464765762.16		12.8529536034		12.7015356267		12.9978608679		
1464802000.0		13.3051725991		13.1495071302		13.4548558093		
1464838237.84		13.8760447085		13.7143597465		14.031300366		
1464874475.68		14.4695037786		14.3014069659		14.6302914229		
1464910713.51		15.0006026209		14.82735285		15.1665190676		
1464946951.35		15.6371675187		15.4574087889		15.8090764413		
1464983189.19		16.1446911695		15.9596766121		16.3210684501		
1465019427.03		16.8238464409		16.6314784583		17.0064825573		
1465055664.86		17.4032832911		17.2044354385		17.5904999804		
1465091902.7		18.3691533031		18.1595766074		18.5650681139		
1465128140.54		19.4855377032		19.2642666249		19.6922844934		
1465164378.38		20.6632858834		20.4312531379		20.8813515593		
1465200616.22		21.8958263013		21.6509864192		22.1254085238		
1465236854.05		23.1913138088		22.9326342171		23.4324665221		
1465273091.89		24.4541565929		24.1827647241		24.706209938		
1465309329.73		25.9130694295		25.6262725873		26.1773220358		
1465345567.57		27.4464056423		27.1455836247		27.7241192095		
1465381805.41		29.0545796476		28.7411111739		29.3486475392		
1465418043.24		30.7326337361		30.4010086984		31.0393780763		
1465454281.08		32.4834027104		32.1357778617		32.8042306042		
1465490518.92		34.3098853055		33.9450136271		34.6465417416		
1465526756.76		36.2194738146		35.8359023563		36.5713326088		
1465562994.59		38.2098792823		37.807745775		38.5789287896		
1465599232.43		40.2763772631		39.8546629888		40.6604318282		
1465635470.27		42.4306018246		41.9904536893		42.8367705869		
1465671708.11		44.6728397175		44.2119614832		45.0956793126		
1465707945.95		47.0021260118		46.5207431991		47.442074768		
1465744183.78		49.4244134182		48.9201475401		49.8815089675		
1465780421.62		51.9367741509		51.4106709667		52.4140564651		
1465816659.46		54.5334957362		53.9834718339		55.0220371854		
1465852897.3		57.2536187997		56.6819267308		57.7635709573		
1465889135.14		59.9429114907		59.3534607424		60.4719909165		
1465925372.97		62.7210163799		62.1141490422		63.2653774723		
1465937519.0		63.6714720465		63.0586305044		64.2219348062		
1465937520.0		63.6715515822		63.058709548		64.2220144968		
1465937521.0		63.671631118		63.0587885918		64.2220941877		
1465961610.81		36.0313310622		35.0417736301		36.9505710424		
1465997848.65		35.1743215691		34.1773737112		36.1307200489		
1466034086.49		35.8661606098		34.857062018		36.832978767		
1466070324.32		36.5786175359		35.558505419		37.5564715139		
1466106562.16		37.2931688602		36.2647093629		38.2869127453		
1466142800.0		38.0097526608		36.9720112868		39.0153838004		
1466179037.84		38.7360166043		37.6900271779		39.7507743086		
1466215275.68		39.4711986516		38.4152218593		40.4924421618		
1466251513.51		40.2140999913		39.1484575014		41.2412717488		
1466287751.35		40.9584434158		39.8850089028		41.9908586665		
1466323989.19		41.7060682556		40.6263198158		42.7425407427		
1466360227.03		42.4573726596		41.3642594524		43.5004597825		
1466396464.86		43.2072376954		42.1068490718		44.2590811341		
1466432702.7		43.9695195969		42.8648620873		45.0236368901		
1466468940.54		44.7345908351		43.6281416871		45.7948818315		
1466505178.38		45.5097401089		44.3991630058		46.5711814213		
1466541416.22		46.6124142213		45.4851017672		47.6394433858		
1466577654.05		48.9232837224		47.7521361345		49.9892442145		
1466613891.89		51.3344860721		50.1178825205		52.4367414175		
1466650129.73		53.8199598601		52.5707879047		54.9708823734		
1466686367.57		56.4036064894		55.1115785265		57.582307205		
1466722605.41		59.0710796964		57.7427505319		60.2876156544		
1466758843.24		61.8187682756		60.4381166974		63.0813801619		
1466795081.08		64.6583141228		63.2375912345		65.9550531646		
1466831318.92		67.5852018492		66.1217721451		68.9130034641		
1466867556.76		70.5839495432		69.0754047503		71.9497579408		
1466903794.59		73.6627365697		72.106083481		75.0598377003		
1466940032.43		76.8240910856		75.2164789749		78.2460596645		
1466976270.27		80.069372879		78.4187516084		81.5290621694		
1467012508.11		83.3818989503		81.6870801267		84.8752115196		
1467048745.95		86.7610349761		85.0290398826		88.2841494754		
1467084983.78		90.208833072		88.4438431268		91.7471757976		
1467121221.62		93.7108112705		91.9173058486		95.2616436157		
1467157459.46		97.2599945999		95.4333544754		98.8395803144		
1467193697.3		100.862129434		99.0109150059		102.472675527		
1467229935.14		104.56692889		102.679138384		106.175465502		
1467266172.97		108.282121281		106.36466976		109.907534417		
1467302410.81		104.793586043		102.970878773		106.312403161		
1467338648.65		115.70885131		113.744735549		117.369079879		
1467374886.49		119.507746075		117.525091239		121.170554744		
1467411124.32		123.354654892		121.358491662		125.044816965		
1467447362.16		127.15052008		125.166275741		128.856239558		
1467483600.0		130.94944142		128.965317779		132.591806633		
1467519837.84		134.757351636		132.772602464		136.382373908		
1467556075.68		138.527265083		136.575533613		140.185713515		
1467592313.51		142.331034288		140.311375885		143.993900817		
1467628551.35		146.10962996		144.03534442		147.769991155		
1467664789.19		149.822135996		147.791840608		151.499696205		
1467701027.03		153.542337841		151.504954694		155.19176303		
1467737264.86		157.243232668		155.207928567		158.880414176		
1467773502.7		160.858912435		158.825360847		162.464803305		
1467809740.54		164.435067141		162.401019888		166.02637112		
1467845978.38		167.961103435		165.932480097		169.549158581		
1467882216.22		171.415787916		169.421871434		173.006631206		
1467918454.05		174.817494167		172.843246596		176.412863975		
1467954691.89		178.276090888		176.301881124		179.872247467		
1467990929.73		181.441910762		179.498304862		182.996560796		
1468027167.57		184.628640845		182.672765932		186.182154845		
1468063405.41		187.762941537		185.783221159		189.282980028		
1468099643.24		190.794598486		188.860064158		192.320632493		
1468135881.08		193.765888467		191.862630162		195.259289112		
1468172118.92		196.662864147		194.752269901		198.146231786		
1468208356.76		199.493323692		197.647777012		200.953924586		
1468244594.59		202.219227306		200.404713291		203.732771471		
1468280832.43		204.923225739		203.134569603		206.39512053		
1468317070.27		207.631867956		205.860217456		209.118838661		
1468353308.11		210.161360608		208.424265121		211.642364683		
1468389545.95		212.62890284		210.931365381		214.116974606		
1468425783.78		215.0039149		213.320665337		216.506934325		
1468462021.62		232.631892799		230.850701262		234.228585428		
1468498259.46		235.027223834		233.276895638		236.608296951		
1468534497.3		237.240668923		235.522906828		238.820164124		
1468570735.14		239.453195157		237.716886649		241.030102115		
1468597799.0		241.017808427		239.279983305		242.600611481		
1468597800.0		241.017865913		239.280039786		242.600667617		
1468597801.0		241.017923398		239.280096266		242.600723753		
1468606972.97		167.692406794		164.182903273		171.140344416		
1468643210.81		147.325510477		143.448088856		151.60854518		
1468679448.65		150.676393396		146.706702673		154.790178412		
1468715686.49		154.79420871		150.893197256		158.901171317		
1468751924.32		158.951677106		155.003334571		163.011485669		
1468788162.16		163.12161724		159.172236321		167.130341622		
1468824400.0		167.269127606		163.359921177		171.218042813		
1468860637.84		171.301734472		167.469405438		175.20987458		
1468896875.68		175.334037556		171.5331762		179.132723055		
1468933113.51		179.324296975		175.585292275		183.033937579		
1468969351.35		181.248800772		177.620355246		184.897300005		
1469005589.19		185.258636524		181.725727491		188.830039171		
1469041827.03		189.084129315		185.584613632		192.5614747		
1469078064.86		193.041966984		189.559545153		196.416055078		
1469114302.7		196.804001311		193.437619888		200.007341042		
1469150540.54		200.482636849		197.248071386		203.599747143		
1469186778.38		204.104236583		200.992209068		207.185130718		
1469223016.22		186.78515557		184.041463708		189.493206003		
1469259254.05		189.678535918		186.966757518		192.283629889		
1469295491.89		192.466383479		189.840330009		194.968266048		
1469331729.73		195.179059692		192.6516059		197.624779287		
1469367967.57		197.81970261		195.350701154		200.162723182		
1469404205.41		200.362020727		197.971705278		202.597478664		
1469440443.24		202.918108961		200.585611285		205.081207711		
1469476681.08		205.372281902		203.101332595		207.458110144		
1469512918.92		207.696237045		205.521157957		209.720800814		
1469549156.76		200.900711871		198.896157565		202.775943793		
1469585394.59		203.079802626		201.121518436		204.856236895		
1469621632.43		205.136241875		203.252557309		206.853410039		
1469657870.27		207.143690744		205.334305971		208.813713441		
1469694108.11		209.07934064		207.324683562		210.694634324		
1469730345.95		210.986803806		209.296359816		212.544781885		
1469766583.78		217.723262107		216.070343077		219.240585862		
1469802821.62		219.509650724		217.92542096		221.014099098		
1469839059.46		234.913267238		233.28184367		236.484231496		
1469875297.3		236.679989974		235.093849833		238.182124518		
1469911535.14		238.424457846		236.870487928		239.849312574		
1469947772.97		240.137354614		238.575253819		241.4882077		
1469984010.81		241.758368695		240.228707826		243.057668649		
1470020248.65		243.284186478		241.794413909		244.583184609		
1470056486.49		244.79017563		243.285391714		246.04934426		
1470092724.32		246.309459658		244.825654451		247.513820735		
1470128962.16		247.680945514		246.222044004		248.880930917		
1470165200.0		249.079019587		247.636397682		250.289345285		
1470201437.84		233.132623942		231.789600269		234.249062371		
1470237675.68		234.754695561		233.430265507		235.871966787		
1470273913.51		236.329477088		235.031311155		237.442693234		
1470310151.35		237.856576443		236.560399522		238.981284836		
1470346389.19		238.480722042		237.229063344		239.615689372		
1470382627.03		240.239853939		238.964197331		241.361403091		
1470418864.86		241.737851008		240.434958366		242.834482362		
1470455102.7		243.093265615		241.76563688		244.175288021		
1470491340.54		244.428426169		243.086937392		245.467161642		
1470527578.38		242.916993866		241.606273353		243.951696483		
1470563816.22		244.146270459		242.828088795		245.181959852		
1470600054.05		245.424004159		244.090193304		246.470544909		
1470636291.89		246.647164017		245.296475027		247.718924572		
1470672529.73		247.90033267		246.560550589		248.993669906		
1470708767.57		267.945823862		266.513918443		269.161302237		
1470745005.41		269.154128418		267.717360544		270.379518344		
1470781243.24		270.585486336		269.152684266		271.834706348		
1470817481.08		270.95582155		269.510820271		272.215872137		
1470853718.92		271.161878764		269.741281692		272.439365888		
1470889956.76		271.332170578		269.905546264		272.622335789		
1470926194.59		271.606429511		270.16601724		272.926267342		
1470962432.43		272.640809158		271.188400639		274.012068415		
1470998670.27		273.737580508		272.255873818		275.116423159		
1471034908.11		274.761925646		273.292704532		276.168402642		
1471071145.95		275.832374323		274.37750434		277.273977617		
1471107383.78		276.792167105		275.307607968		278.247063932		
1471143621.62		277.841693357		276.321868329		279.319355648		
1471179859.46		278.7830618		277.292435468		280.307214858		
1471216097.3		279.723790176		278.222262789		281.259443588		
1471252335.14		280.549324564		279.017711014		282.081003		
1471288572.97		281.398353742		279.843816508		282.955515077		
1471324810.81		282.354747075		280.790170679		283.932723871		
1471361048.65		283.051699306		281.473384873		284.651332766		
1471397286.49		283.930605807		282.32565365		285.529089022		
1471433524.32		284.72120837		283.134478454		286.313938406		
1471469762.16		285.54867535		283.956514939		287.161550074		
1471506000.0		286.39428768		284.785981878		288.033593154		
1471542237.84		287.122343106		285.510099263		288.773852455		
1471578475.68		287.934409026		286.292992811		289.573547931		
1471614713.51		288.65817553		287.007105241		290.297472944		
1471650951.35		289.35977359		287.714113288		291.014632609		
1471687189.19		290.037118733		288.396295162		291.704665924		
1471723427.03		290.705629338		289.049708555		292.393306175		
1471759664.86		291.364478437		289.691260757		293.084766252		
1471795902.7		292.025907773		290.323674312		293.770947712		
1471832140.54		292.673814752		290.940626363		294.428293577		
1471868378.38		293.181985331		291.437567369		294.947628004		
1471879999.0		293.490807951		291.747376437		295.259518344		
1471880000.0		293.490822036		291.747390981		295.259532258		
1471880001.0		293.490836121		291.747405525		295.259546173		
1471904616.22		288.415334587		286.80787835		290.022733682		
1471940854.05		276.93615895		275.406374828		278.266373733		
1471977091.89		266.209025091		264.772812144		267.429700239		
1472013329.73		256.323584272		254.945144048		257.465140964		
1472049567.57		243.977784609		242.651105732		245.158610167		
1472085805.41		239.206605867		237.851660528		240.403389332		
1472122043.24		233.830695243		232.448089996		235.034718771		
1472158281.08		228.664111771		227.306370612		229.877672465		
1472194518.92		223.762887501		222.423328446		224.97362016		
1472230756.76		219.029931483		217.745116191		220.258527969		
1472266994.59		214.568219564		213.259163625		215.794655806		
1472303232.43		210.308744839		208.949616804		211.558652191		
1472339470.27		206.210703563		204.908847198		207.501686647		
1472375708.11		202.318150551		201.004549179		203.618371002		
1472411945.95		198.625449056		197.262993793		199.911481706		
1472448183.78		195.132890776		193.763430237		196.400975569		
1472484421.62		191.767915878		190.364215379		193.03147893		
1472520659.46		188.49935286		187.103914929		189.776136894		
1472556897.3		185.349354664		183.964131723		186.695758565		
1472593135.14		182.348700793		180.954766153		183.715783374		
1472629372.97		179.47373649		178.073845909		180.867122007		
1472665610.81		176.705405377		175.294722965		178.126697688		
1472701848.65		174.049050936		172.581708446		175.492076583		
1472738086.49		171.4797607		169.993820851		172.921047809		
1472774324.32		169.00045032		167.504736447		170.44082475		
1472799999.0		167.303419274		165.783729179		168.722796581		
1472800000.0		167.303353918		165.783663096		168.722732776		
1472800001.0		167.303288561		165.783597013		168.722668971		
1472810562.16		166.668034976		165.146830887		168.088528689		
1472846800.0		166.309968518		164.781291694		167.70506877		
1472883037.84		170.533513023		169.013518389		171.983889922		
1472919275.68		174.733331073		173.24074296		176.170610239		
1472955513.51		178.907769592		177.404810603		180.315874707		
1472991751.35		183.122068177		181.614648801		184.531120296		
1473027989.19		187.293229059		185.777448455		188.695852488		
1473064227.03		191.42075677		189.903921138		192.779623328		
1473100464.86		195.636018869		194.146453413		196.993379696		
1473136702.7		199.36668801		197.90928883		200.710970296		
1473172940.54		203.417702786		201.984535344		204.745588564		
1473209178.38		207.401821357		206.0349455		208.743953929		
1473245416.22		211.372954993		210.029962471		212.69558583		
1473281654.05		215.286932079		213.969718125		216.597062185		
1473317891.89		219.154013268		217.853154978		220.412301584		
1473354129.73		222.95509543		221.684490438		224.226025012		
1473390367.57		226.473074772		225.22347371		227.723083134		
1473426605.41		230.314918584		229.076461086		231.537475744		
1473462843.24		233.904537533		232.702811665		235.107650469		
1473499081.08		237.430769739		236.266976292		238.636955597		
1473535318.92		240.938072924		239.79168597		242.124014963		
1473571556.76		244.388037907		243.28082267		245.578690891		
1473607794.59		247.688946934		246.604484771		248.896560809		
1473644032.43		250.978145272		249.911229628		252.157244599		
1473680270.27		254.221037785		253.173602754		255.386473689		
1473716508.11		257.36962473		256.358130583		258.569222293		
1473752745.95		260.476239051		259.464110397		261.685066859		
1473788983.78		263.532699973		262.537093083		264.758150613		
1473825221.62		266.201892383		265.211554955		267.367328859		
1473861459.46		268.112103777		267.136608381		269.247328052		
1473897697.3		269.78781205		268.809425476		270.877607564		
1473933935.14		272.435400906		271.455482485		273.489240524		
1473970172.97		275.272362068		274.303915022		276.339235909		
1474006410.81		278.004267216		277.056431985		279.103138106		
1474042648.65		280.697920478		279.736477473		281.812855799		
1474078886.49		274.485858478		273.560785381		275.583917466		
1474115124.32		276.942269312		276.031527013		278.048850794		
1474151362.16		279.366406926		278.470239847		280.487099713		
1474187600.0		281.744592887		280.832600212		282.870956781		
1474223837.84		284.072763606		283.141749163		285.142583715		
1474260075.68		286.357045758		285.396702629		287.421383826		
1474296313.51		288.578581109		287.613838745		289.635148421		
1474332551.35		290.743449952		289.775220298		291.799975119		
1474368789.19		292.854278563		291.862332523		293.924019083		
1474405027.03		292.767597442		291.772538434		293.82796126		
1474441264.86		294.793772782		293.798887077		295.849121355		
1474477502.7		296.773168335		295.787788314		297.849129755		
1474513740.54		297.387687613		296.410653294		298.472109934		
1474549978.38		299.608544316		298.628328101		300.697850961		
1474586216.22		301.91129314		300.892478998		302.98357609		
1474622454.05		304.00644438		302.975848517		305.07122343		
1474658691.89		301.372860277		300.354508041		302.414035709		
1474694929.73		303.302980397		302.266029506		304.350261381		
1474731167.57		305.106143745		304.064809811		306.159594602		
1474767405.41		306.843883255		305.786749203		307.901045274		
1474803643.24		308.520211484		307.459391933		309.591602124		
1474839881.08		310.151315816		309.088133171		311.222491702		
1474876118.92		311.731190744		310.656785572		312.790656315		
1474912356.76		318.155227053		317.054331543		319.227113969		
1474948594.59		314.725236459		313.627419964		315.789685816		
1474984832.43		316.184542353		315.073416252		317.273229204		
1475021070.27		317.589980933		316.482300336		318.716380904		
1475057308.11		318.903311319		317.794597961		320.054677135		
1475093545.95		320.43107024		319.322546539		321.595866704		
1475129783.78		322.08112208		320.966370358		323.247562711		
1475166021.62		323.663865705		322.545698082		324.848326335		
1475179999.0		323.932516734		322.814995452		325.127086085		
1475180000.0		323.932154284		322.814634448		325.126721748		
1475180001.0		323.931791836		322.814273445		325.126357412		
1475202259.46		315.158009401		314.05176347		316.364975816		
1475238497.3		300.122416816		299.081512816		301.289188401		
1475274735.14		286.150192484		285.155695916		287.228842907		
1475310972.97		273.367224757		272.391032534		274.374210507		
1475347210.81		262.008853248		261.059649118		262.988095159		
1475383448.65		255.533139787		254.605010754		256.494155712		
1475419686.49		251.656083326		250.739049388		252.583222022		
1475455924.32		248.078554813		247.189347872		249.001948776		
1475492162.16		244.681772308		243.799271527		245.585063324		
1475528400.0		239.561716126		238.738673236		240.446340089		
1475564637.84		235.236948775		234.408748296		236.128401662		
1475600875.68		232.629566617		231.818163568		233.529901958		
1475637113.51		229.803364519		229.002391881		230.695034704		
1475673351.35		228.237957372		227.427117039		229.108555461		
1475679999.0		227.801688372		226.992793566		228.670188558		
1475680000.0		227.801857915		226.992962586		228.670358955		
1475680001.0		227.802027457		226.993131607		228.670529352		
1475709589.19		233.131858719		232.301518023		234.024297638		
1475745827.03		239.6425313		238.788398843		240.557379759		
1475782064.86		246.335248537		245.455826697		247.27650704		
1475818302.7		252.954849022		252.059688086		253.907992329		
1475854540.54		259.501121907		258.585647287		260.467332794		
1475890778.38		265.576462566		264.640159739		266.564799653		
1475927016.22		271.321579599		270.361441667		272.330723294		
1475963254.05		277.054034143		276.072549882		278.07467773		
1475999491.89		282.588928352		281.594259308		283.625859354		
1476035729.73		288.071552338		287.057498087		289.124701768		
1476071967.57		293.476777262		292.452326161		294.554017026		
1476108205.41		298.785519074		297.753318416		299.883209369		
1476144443.24		303.991642762		302.950787258		305.105415257		
1476180681.08		309.141316096		308.083888084		310.268259153		
1476216918.92		314.131228332		313.058891082		315.275288311		
1476253156.76		319.007857393		317.922140689		320.172876572		
1476289394.59		323.867789803		322.774476393		325.052303741		
1476325632.43		327.995151927		326.89732603		329.19144627		
1476361870.27		331.770726919		330.661867355		332.974069014		
1476398108.11		335.849799045		334.727368897		337.052248788		
1476434345.95		340.025364141		338.891177131		341.233961809		
1476470583.78		343.98617497		342.839368272		345.196803667		
1476506821.62		348.110205594		346.955941586		349.321997461		
1476543059.46		352.142306911		350.981628852		353.362036691		
1476579297.3		356.044482099		354.878360314		357.278538615		
1476615535.14		359.854547323		358.678784668		361.101126061		
1476651772.97		363.552794583		362.367399307		364.810060273		
1476688010.81		367.124876356		365.936742679		368.378851141		
1476724248.65		370.592294989		369.390606357		371.851961796		
1476760486.49		373.941821955		372.733077166		375.203625909		
1476796724.32		377.179419529		375.947852399		378.438641785		
1476832962.16		380.329357227		379.081876057		381.592884594		
1476869200.0		383.391586426		382.144535039		384.622156539		
1476905437.84		386.288518483		385.043308362		387.525425668		
1476941675.68		389.032739538		387.799462754		390.243643016		
1476977913.51		391.707952763		390.456666093		392.917341109		
1477014151.35		393.982983395		392.738167959		395.177513559		
1477050389.19		396.127351238		394.867116601		397.309629658		
1477086627.03		398.165088281		396.9176918		399.383917981		
1477122864.86		400.21188401		398.929928432		401.435228094		
1477159102.7		402.174576116		400.884775038		403.409762375		
1477195340.54		404.09349573		402.780476928		405.325525226		
1477231578.38		405.93836964		404.610557397		407.178976219		
1477267816.22		407.734807872		406.411308514		408.976829506		
1477304054.05		409.478136343		408.147749729		410.720565208		
1477340291.89		411.127230439		409.793462367		412.373406363		
1477376529.73		412.722457026		411.391939415		413.974293838		
1477412767.57		414.282873521		412.957391033		415.544043559		
1477449005.41		415.773183569		414.456542286		417.042348958		
1477485243.24		417.222901687		415.906297077		418.492026013		
1477521481.08		418.648785043		417.341549967		419.91867219		
1477557718.92		420.00269097		418.691335934		421.253337262		
1477593956.76		421.033765827		419.723804594		422.237295348		
1477630194.59		422.488523797		421.18021867		423.693979129		
1477666432.43		423.812969435		422.495319269		425.016045833		
1477702670.27		425.124914881		423.808232033		426.32125397		
1477738908.11		426.497286637		425.186685612		427.696432786		
1477775145.95		427.850303225		426.538861269		429.05431999		
1477811383.78		429.240655171		427.932456222		430.449448274		
1477847621.62		430.460812701		429.148238065		431.663833928		
1477883859.46		431.702540952		430.382590198		432.892172244		
1477920097.3		432.895424676		431.581364		434.082954508		
1477956335.14		434.008691073		432.701436693		435.203293019		
1477992572.97		435.172181978		433.869236216		436.367452536		
1478028810.81		436.295194232		434.997840212		437.488379194		
1478065048.65		437.396318852		436.103683799		438.606075519		
1478101286.49		438.411173364		437.125039148		439.619076826		
1478137524.32		439.451707483		438.171662433		440.657960601		
1478173762.16		440.472111432		439.197858748		441.679848742		
1478210000.0		441.416335161		440.15100107		442.628077675		
1478246237.84		442.345692601		441.085279221		443.561362019		
1478282475.68		443.307576436		442.053847159		444.525207046		
1478318713.51		444.256826956		443.015182779		445.472480946		
1478354951.35		445.155357219		443.914767234		446.369390391		
1478391189.19		446.064416797		444.822781184		447.280289417		
1478427427.03		446.938906017		445.695318298		448.149190248		
1478463664.86		447.78658294		446.541394474		448.986615711		
1478499902.7		448.616237406		447.371606359		449.808975243		
1478536140.54		449.457763409		448.225604751		450.656833774		
1478572378.38		450.259687623		449.047437272		451.46662187		
1478608616.22		451.086460453		449.868273039		452.278052656		
1478644854.05		451.927491838		450.711035734		453.116127212		
1478681091.89		452.724625234		451.514564256		453.913893661		
1478717329.73		453.52011664		452.316178895		454.707722655		
1478753567.57		454.293009337		453.093525224		455.47599967		
1478789805.41		455.073623039		453.882616799		456.25086408		
1478826043.24		455.822499239		454.639745742		457.002123959		
1478862281.08		456.557801251		455.373537763		457.735663057		
1478898518.92		457.295441076		456.110024472		458.4733924		
1478934756.76		458.037830911		456.857204394		459.220215535		
1478970994.59		458.776622972		457.596606692		459.955738208		
1479007232.43		459.492971035		458.313989515		460.668124288		
1479043470.27		460.21534816		459.037154258		461.389815935		
1479079708.11		460.928033409		459.757895532		462.103572743		
1479115945.95		461.630896623		460.465969658		462.806670115		
1479152183.78		462.340271262		461.179213223		463.512547666		
1479188421.62		462.996561583		461.838166439		464.167601396		
1479224659.46		463.672229045		462.52145465		464.849301981		
1479260897.3		464.33298906		463.188365135		465.512550815		
1479297135.14		464.962796611		463.819896102		466.136393869		
1479333372.97		465.644590936		464.50170203		466.811167296		
1479369610.81		466.289841869		465.144467256		467.45714025		
1479405848.65		466.943380864		465.795466693		468.110313343		
1479442086.49		467.596732305		466.449565167		468.765696795		
1479478324.32		468.225329768		467.078702197		469.393296119		
1479514562.16		468.860674242		467.717401483		470.030927082		
1479550800.0		469.514126278		468.381894103		470.687260298		
1479587037.84		470.1332527		469.003024876		471.316265571		
1479623275.68		470.770353877		469.64107765		471.96027809		
1479659513.51		471.378300591		470.248608916		472.570623756		
1479695751.35		471.978573139		470.852754679		473.17477178		
1479731989.19		472.575824522		471.45323774		473.764063621		
1479768227.03		459.950082149		458.858974043		461.104177108		
1479772378.0		460.060629563		458.969180401		461.214613929		
1479772379.0		460.060659159		458.969209564		461.214643159		
1479772380.0		460.060688756		458.969238726		461.214672389		
1479804464.86		353.403289732		348.162528984		358.692423984		
1479840702.7		355.920567149		350.576557797		361.137820529		
1479876940.54		371.141720542		365.809978074		376.348543652		
1479913178.38		375.922145921		370.76482628		380.955441052		
1479949416.22		380.549257919		375.59581477		385.431893103		
1479985654.05		385.046944172		380.266318234		389.797508047		
1480021891.89		389.459374603		384.818470677		394.062967973		
1480058129.73		393.740096103		389.206439815		398.181181635		
1480094367.57		397.899369904		393.475681104		402.209786495		
1480130605.41		401.995782449		397.680608641		406.118352433		
1480166843.24		405.946671224		401.776789884		409.931300973		
1480203081.08		409.801344501		405.741734173		413.641283508		
1480239318.92		413.545998699		409.575752581		417.194972312		
1480275556.76		417.118302337		413.291313879		420.669091782		
1480311794.59		420.615065371		416.926210507		424.036899127		
1480344348.0		423.189052145		419.683755065		426.533771589		
1480344349.0		423.188985775		419.683677576		426.533697903		
1480344350.0		423.188919406		419.683600087		426.533624218		
1480348032.43		422.928247361		419.428774646		426.22876246		
1480384270.27		419.946583333		416.85727876		422.824654146		
1480420508.11		416.931056248		414.17340788		419.523964669		
1480456745.95		414.119216095		411.578013713		416.565449612		
1480492983.78		411.457767196		409.129777298		413.970977396		
1480529221.62		409.009978811		406.738491013		411.455347911		
1480565459.46		406.693518583		404.348897476		409.275591967		
1480601697.3		404.578377539		402.115367005		407.254775647		
1480637935.14		402.563885079		399.845624265		405.354768832		
1480674172.97		400.65127066		397.777942347		403.55340865		
1480710410.81		398.866655947		395.792604324		402.025079971		
1480746648.65		397.149509467		393.906773573		400.53115013		
1480782886.49		395.567008088		392.153970659		399.189760445		
1480819124.32		394.065621945		390.407623543		397.833259497		
1480855362.16		392.703042971		388.661097766		396.588317768		
1480891600.0		391.436580206		387.276059298		395.365761377		
1480926699.0		390.472012093		386.210787406		394.603620485		
1480926700.0		390.472125492		386.210901654		394.6037304		
1480926701.0		390.47223889		386.211015902		394.603840314		
1480927837.84		390.600955449		386.340941181		394.728834983		
1480964075.68		395.18517542		391.003252122		399.167147851		
1481000313.51		399.789473738		395.757280033		403.674178697		
1481036551.35		404.292747895		400.393881561		408.086385767		
1481072789.19		408.621455056		404.885748123		412.395415529		
1481109027.03		412.806709573		409.218174749		416.494393824		
1481145264.86		416.9019291		413.418973394		420.481145733		
1481181502.7		420.841244234		417.465298541		424.220543396		
1481217740.54		424.768586215		421.48935499		428.035568772		
1481253978.38		428.471824421		425.331609476		431.637664067		
1481290216.22		432.026951533		429.065207537		435.074345317		
1481326454.05		435.41343772		432.596428481		438.326611353		
1481362691.89		438.760357425		436.03701124		441.523461055		
1481398929.73		441.98526078		439.225666776		444.615771493		
1481435167.57		445.117710401		442.446907784		447.637512789		
1481471405.41		448.149012641		445.593498178		450.571069642		
1481507643.24		451.06766812		448.606920055		453.444073471		
1481543881.08		453.832662875		451.451437043		456.083718966		
1481580118.92		456.396719453		454.114872807		458.578212781		
1481616356.76		458.475217852		456.292375514		460.551348099		
1481652594.59		460.474056235		458.397685276		462.482658976		
1481688832.43		462.379683315		460.397186188		464.295198131		
1481725070.27		464.246327732		462.315935742		466.104239055		
1481761308.11		466.12604628		464.25967367		467.932892262		
1481797545.95		467.945120942		466.188035311		469.669416575		
1481833783.78		469.630866572		467.912179203		471.243354583		
1481870021.62		471.256070461		469.627924909		472.808839297		
1481906259.46		472.873246927		471.330690681		474.367703536		
1481942497.3		474.427289397		472.892161257		475.894104964		
1481978735.14		475.939656601		474.413685669		477.34017032		
1482014972.97		477.339067838		475.891985631		478.698542824		
1482051210.81		478.73711922		477.314907584		480.056723043		
1482087448.65		480.145682389		478.785917475		481.459998705		
1482123686.49		481.519278901		480.170407515		482.798319566		
1482159924.32		482.757509348		481.449559251		484.030986973		
1482168544.0		482.286748526		480.999483662		483.511866349		
1482168545.0		482.286343453		480.999086012		483.511448492		
1482168546.0		482.285938382		480.998688364		483.511030635		
1482196162.16		469.602440136		468.039834814		471.057341464		
1482232400.0		453.373173953		450.756950372		455.815263089		
1482268637.84		438.591596448		434.81406041		441.97531024		
1482304875.68		424.737039868		419.781205074		429.04920018		
1482341113.51		412.285690735		406.389502322		417.533096265		
1482359159.0		407.117213611		400.675192071		412.679131712		
1482359160.0		407.117283335		400.675265231		412.679201856		
1482359161.0		407.117353059		400.675338391		412.679272001		
1482377351.35		409.014963383		402.670735105		414.519763525		
1482413589.19		413.626996856		407.52073015		418.992820372		
1482449827.03		418.164519404		412.304301544		423.406120394		
1482486064.86		422.528988991		416.883730929		427.610738239		
1482522302.7		426.831072363		421.383045457		431.74522879		
1482558540.54		430.984048576		425.691170079		435.780245587		
1482594778.38		435.05930459		429.900391153		439.597538993		
1482631016.22		438.98573384		434.013037395		443.330585475		
1482667254.05		442.744180519		437.948994641		446.869042908		
1482703491.89		446.297450289		441.763090898		450.275245979		
1482739729.73		449.794548807		445.391441096		453.604594006		
1482775967.57		453.092777507		448.891595585		456.752079498		
1482812205.41		456.25553966		452.217516558		459.752815044		
1482848443.24		459.303823873		455.485299975		462.677431991		
1482884681.08		462.265046731		458.606235766		465.549064145		
1482920918.92		465.149471924		461.634386738		468.271842815		
1482957156.76		465.198044649		461.856091716		468.17306888		
1482993394.59		467.9768601		464.807545206		470.845287095		
1483029632.43		470.687384042		467.693708736		473.437411298		
1483065870.27		473.31872118		470.442365559		475.966943695		
1483102108.11		475.848343984		473.10575569		478.430893324		
1483138345.95		478.274140073		475.604552972		480.7263519		
1483174583.78		480.554620896		478.034607403		482.915229884		
1483210821.62		482.795559392		480.390999958		485.066975813		
1483247059.46		484.940981569		482.617882406		487.138276855		
1483283297.3		487.038274245		484.799686475		489.137895191		
1483319535.14		489.068389903		486.942164838		491.088185904		
1483355772.97		491.021813851		488.938827189		492.985453753		
1483392010.81		492.867459461		490.884827145		494.82027189		
1483428248.65		494.645468058		492.747193782		496.542296351		
1483464486.49		496.363855808		494.530386059		498.219276061		
1483500724.32		497.978215074		496.207361475		499.781957978		
1483536962.16		499.557576593		497.849900181		501.291234582		
1483573200.0		501.119681805		499.492276608		502.742364563		
1483609437.84		502.606143291		501.047041832		504.158142215		
1483645675.68		504.047221491		502.545590167		505.57423487		
1483681913.51		505.42359037		503.941810713		506.8867937		
1483718151.35		506.769080772		505.335709232		508.20237807		
1483754389.19		508.092777232		506.705030078		509.502620517		
1483790627.03		509.380303528		508.032452585		510.771645717		
1483826864.86		510.634921247		509.300422807		511.985587425		
1483863102.7		511.906322269		510.57831147		513.231459214		
1483899340.54		513.042237221		511.747241017		514.337790879		
1483935578.38		514.13837079		512.866943376		515.416195264		
1483971816.22		515.279420714		514.029077891		516.550581095		
1484008054.05		516.404776808		515.162374665		517.672819499		
1484044291.89		517.507415177		516.276097443		518.747608495		
1484080529.73		518.494220848		517.307163568		519.73074396		
1484116767.57		519.438761799		518.275721117		520.671883589		
1484153005.41		520.355646977		519.174229725		521.602668975		
1484189243.24		521.2009702		520.015582264		522.442688876		
1484225481.08		522.180356554		520.99376867		523.428652421		
1484261718.92		522.981013142		521.82489369		524.224698424		
1484297956.76		523.721595993		522.591340784		524.956400102		
1484334194.59		524.454635572		523.333314779		525.713275537		
1484370432.43		525.22320249		524.096790091		526.499445721		
1484406670.27		526.018137541		524.898578729		527.277162268		
1484442908.11		526.709943517		525.598908247		527.981414532		
1484479145.95		527.495500582		526.360465236		528.757456444		
1484515383.78		528.173157506		527.0303421		529.420519955		
1484551621.62		528.827090599		527.672622442		530.069177973		
1484587859.46		529.490023443		528.329424409		530.718010556		
1484624097.3		530.078130181		528.912741225		531.281079928		
1484660335.14		530.718247803		529.514924238		531.90804446		
1484696572.97		531.328969423		530.123645571		532.523205137		
1484732810.81		531.998528897		530.795921636		533.193969251		
1484769048.65		421.757188435		420.805651852		422.709601274		
1484805286.49		422.215532258		421.247619968		423.172319858		
1484841524.32		422.646818302		421.677586406		423.612222059		
1484877762.16		423.171094326		422.193629156		424.140212848		
1484914000.0		423.623035051		422.64269638		424.602024604		
1484950237.84		506.586769732		505.403655352		507.766470086		
1484986475.68		507.212401897		506.015605643		508.386618496		
1485022713.51		507.765389862		506.570618311		508.94527315		
1485058951.35		508.301901476		507.096144319		509.478965125		
1485095189.19		508.848026617		507.637872022		510.03203016		
1485131427.03		509.377780299		508.158971324		510.554084144		
1485167664.86		509.881037672		508.666378506		511.074608703		
1485203902.7		510.360023625		509.151309703		511.557334624		
1485240140.54		500.346700072		499.143809972		501.513214515		
1485276378.38		488.618972328		487.448783524		489.777358778		
1485312616.22		478.630958555		477.470374824		479.780481176		
1485348854.05		479.96840023		478.8047534		481.127013775		
1485385091.89		481.429589306		480.260616468		482.601940174		
1485421329.73		483.067024674		481.890179614		484.214652474		
1485457567.57		405.619339796		404.626040944		406.581139325		
1485493805.41		406.858995031		405.865154575		407.835027871		
1485530043.24		408.033609179		407.030914164		409.01710202		
1485566281.08		409.129079253		408.122674576		410.101398569		
1485602518.92		410.052838899		409.050520956		411.040064127		
1485638756.76		410.930982867		409.92654571		411.928810685		
1485674994.59		411.949496091		410.928636128		412.951683366		
1485711232.43		412.951835881		411.928341603		413.962011231		
1485747470.27		413.898032678		412.870286378		414.920593505		
1485783708.11		414.837990963		413.800376022		415.843082437		
1485819945.95		477.443148714		476.250845307		478.610449742		
1485856183.78		478.277686485		477.083555407		479.456124983		
1485892421.62		479.151449463		477.95127907		480.333176924		
1485928659.46		480.079697436		478.881701201		481.276559003		
1485951099.0		480.68642598		479.486571886		481.887137794		
1485951100.0		480.686461234		479.486607058		481.887173277		
1485951101.0		480.686496488		479.486642231		481.887208761		
1485964897.3		466.12554362		460.95931284		471.427592541		
1486001135.14		462.304706622		455.184034872		469.278119536		
1486037372.97		464.185463791		457.355985599		470.870912508		
1486073610.81		475.637686131		469.024673529		482.160506556		
1486109848.65		477.223154516		470.935579071		483.471633286		
1486146086.49		478.481334803		472.514643882		484.474610397		
1486182324.32		479.809013477		474.032008022		485.442171547		
1486218562.16		481.018636588		475.502267228		486.37492851		
1486254800.0		482.210475062		476.956602041		487.303982211		
1486291037.84		483.340797782		478.296668295		488.129503626		
1486327275.68		484.427321115		479.659591692		489.017656748		
1486363513.51		485.405371074		480.875179833		489.894312354		
1486399751.35		486.376270376		482.047789091		490.669651726		
1486435989.19		487.38307412		483.280615102		491.495836136		
1486472227.03		488.38981484		484.484230035		492.256521656		
1486508464.86		489.356346872		485.683864287		492.981618168		
1486544702.7		490.242919244		486.753399983		493.741448037		
1486580940.54		491.123269758		487.849568408		494.483722716		
1486617178.38		491.97742094		488.861539934		495.17573036		
1486653416.22		492.766482885		489.809194029		495.805547094		
1486689654.05		493.510500012		490.675163901		496.40845557		
1486725891.89		494.241593564		491.524958083		497.000849831		
1486762129.73		494.973755809		492.336137428		497.561502415		
1486798367.57		495.68400567		493.16376684		498.161060175		
1486834605.41		496.373829512		493.989691867		498.741372134		
1486870843.24		497.025105649		494.773666385		499.312948038		
1486907081.08		497.736358107		495.582912469		499.959677695		
1486943318.92		498.469025758		496.347629937		500.560835532		
1486979556.76		499.100373736		497.031068256		501.081560418		
1487015794.59		499.691051918		497.75438376		501.601214016		
1487052032.43		500.288183867		498.464932866		502.173522904		
1487088270.27		500.863108947		499.113713771		502.715567452		
1487124508.11		501.4491168		499.759097729		503.243839618		
1487160745.95		502.01920767		500.390444302		503.773813679		
1487196983.78		502.638006319		501.05783396		504.312860661		
1487233221.62		503.249261018		501.746918185		504.885701061		
1487269459.46		503.890556624		502.420453645		505.497131134		
1487305697.3		503.106138798		501.625442034		504.654120672		
1487341935.14		503.681192525		502.251625001		505.230863198		
1487378172.97		504.237815069		502.89293382		505.779345677		
1487414410.81		504.814443005		503.490343978		506.331882865		
1487450648.65		505.320739104		504.004300281		506.84571649		
1487486886.49		505.870566929		504.572023229		507.385843367		
1487523124.32		506.453029191		505.16650791		507.946335254		
1487559362.16		506.991963211		505.72857149		508.464062066		
1487595600.0		507.58828379		506.340209508		509.061412792		
1487631837.84		508.056643853		506.813590898		509.516311612		
1487668075.68		508.659258745		507.407398304		510.099095565		
1487704313.51		509.206056929		507.94774159		510.635412596		
1487740551.35		509.793987481		508.567044915		511.221541087		
1487776789.19		510.307587009		509.085604357		511.752258711		
1487813027.03		510.938915196		509.701078821		512.377588413		
1487849264.86		511.433458137		510.180234092		512.860509688		
1487885502.7		511.991800628		510.725307101		513.414970683		
1487921740.54		512.560188417		511.300798681		514.000940152		
1487957978.38		513.018944356		511.754041898		514.476555085		
1487994216.22		513.488633144		512.213046298		514.948674528		
1488030454.05		514.013726403		512.749303333		515.477978387		
1488066691.89		514.473371978		513.201480496		515.943795628		
1488102929.73		514.961759842		513.669817747		516.423519385		
1488139167.57		515.495477395		514.187804511		516.949168705		
1488175405.41		515.932100577		514.61365315		517.391119038		
1488211643.24		516.4867842		515.145882005		517.943332466		
1488247881.08		517.011776737		515.660570644		518.479058808		
1488284118.92		517.496784634		516.14051151		518.965284631		
1488320356.76		517.965373302		516.595568277		519.441603188		
1488356594.59		518.432994583		517.047569064		519.912012612		
1488392832.43		518.943826437		517.540678093		520.414014232		
1488429070.27		519.515712384		518.099123578		520.98201536		
1488465308.11		520.044834425		518.619842046		521.515618344		
1488501545.95		520.55085409		519.117208008		522.033274203		
1488537783.78		521.029516568		519.588242289		522.521112156		
1488574021.62		521.546004887		520.105880993		523.046119658		
1488610259.46		522.057912109		520.615960264		523.568219345		
1488646497.3		522.579862897		521.13202766		524.096524182		
1488682735.14		523.033086654		521.570558073		524.546208821		
1488718972.97		523.456784589		521.986941038		524.97562768		
1488755210.81		523.700045121		522.223356006		525.239092371		
1488791448.65		522.625653204		521.140304936		524.170614699		
1488827686.49		523.318611744		521.825320793		524.871464923		
1488863924.32		524.030712128		522.526724942		525.589185089		
1488900162.16		524.723159228		523.21526785		526.290324645		
1488936400.0		525.378393896		523.868479617		526.958995365		
1488972637.84		526.058256669		524.537246881		527.648100121		
1489008875.68		526.752699498		525.229375333		528.354687208		
1489045113.51		527.448002098		525.92097189		529.056669346		
1489081351.35		528.325553699		526.791965648		529.937587673		
1489117589.19		527.56014965		526.029155701		529.185688728		
1489153827.03		528.222388125		526.685207635		529.855462902		
1489190064.86		528.960505472		527.418752837		530.599066703		
1489226302.7		529.624176839		528.076867949		531.27112917		
1489262540.54		530.403260434		528.849944686		532.06103139		
1489298778.38		531.142735921		529.585494359		532.819464819		
1489335016.22		531.816798827		530.255288233		533.506099352		
1489371254.05		532.452068744		530.883515397		534.149816555		
1489407491.89		533.067955687		531.489012633		534.76986653		
1489443729.73		533.70750276		532.120411981		535.418180934		
1489479967.57		534.28561871		532.692353586		536.002361029		
1489516205.41		534.870395004		533.274101471		536.591555898		
1489552443.24		535.449599979		533.852755301		537.199009253		
1489588681.08		536.06528358		534.460450306		537.814254008		
1489624918.92		536.667221918		535.05357336		538.420170655		
1489661156.76		537.290256932		535.669308291		539.051864442		
1489697394.59		537.826673372		536.201399654		539.594523909		
1489733632.43		538.402061898		536.777029193		540.18292837		
1489769870.27		538.987659268		537.358336881		540.776870345		
1489806108.11		539.596432637		537.962496607		541.391175485		
1489842345.95		540.120557753		538.484813875		541.924407576		
1489878583.78		540.613758138		538.976246162		542.436515225		
1489914821.62		541.151279237		539.510318547		542.987101478		
1489951059.46		541.61924137		539.972762132		543.459451175		
1489987297.3		542.120761301		540.46893768		543.97640536		
1490023535.14		542.646914689		540.99044702		544.509221967		
1490059772.97		543.149949761		541.489443116		545.016507992		
1490096010.81		543.638329126		541.975521405		545.510744122		
1490132248.65		544.149327649		542.483839596		546.028085268		
1490168486.49		544.639777228		542.972186257		546.526304672		
1490204724.32		545.044525379		543.371236434		546.9376938		
1490240962.16		545.519757449		543.843215067		547.422228007		
1490277200.0		546.058788186		544.377993101		547.970287419		
1490313437.84		546.543306513		544.857945753		548.463204257		
1490349675.68		547.008989498		545.314052868		548.932410262		
1490385913.51		547.506196257		545.801917023		549.433236515		
1490422151.35		547.988712091		546.279339904		549.923705816		
1490458389.19		548.461025301		546.744169154		550.40334425		
1490494627.03		548.931236427		547.205726502		550.876484258		
1490530864.86		549.367996917		547.635540037		551.318535237		
1490567102.7		549.84232092		548.107354225		551.801598923		
1490603340.54		550.307385691		548.569679139		552.271087476		
1490639578.38		550.824959066		549.083258321		552.794881353		
1490675816.22		551.364868423		549.614317011		553.343693098		
1490712054.05		551.905545355		550.143363428		553.891523906		
1490748291.89		552.404195101		550.630721178		554.396610159		
1490784529.73		552.918684596		551.130729031		554.912609475		
1490820767.57		553.524775795		551.723219484		555.521340722		
1490857005.41		554.113663831		552.300948132		556.112857867		
1490893243.24		554.596672878		552.775486833		556.600335204		
1490929481.08		555.109045951		553.27641653		557.114235423		
1490965718.92		555.658255809		553.815283962		557.666399249		
1491001956.76		556.259997067		554.406571864		558.271296691		
1491038194.59		556.920422171		555.057571524		558.935225878		
1491074432.43		557.572760457		555.706899129		559.594192806		
1491110670.27		558.166182685		556.296268271		560.193095535		
1491146908.11		558.673564284		556.798258563		560.704496718		
1491183145.95		559.173041008		557.286854021		561.206064523		
1491219383.78		559.621866798		557.727444366		561.65951265		
1491255621.62		560.121000221		558.217927359		562.162974253		
1491291859.46		560.672556483		558.761833654		562.720146508		
1491328097.3		561.231537435		559.3146815		563.286855784		
1491364335.14		561.835879367		559.91249486		563.895021501		
1491400572.97		562.345363535		560.41039308		564.402040021		
1491436810.81		562.876121186		560.931467679		564.93232729		
1491473048.65		563.383442507		561.429343998		565.440213639		
1491509286.49		561.891080666		559.939403091		563.952432968		
1491545524.32		562.398486582		560.438336536		564.469307315		
1491581762.16		562.95849478		560.989721905		565.03908843		
1491618000.0		563.550743429		561.572707859		565.639572281		
1491654237.84		564.124135789		562.13778704		566.21753409		
1491690475.68		564.721617729		562.727019896		566.819865568		
1491726713.51		565.281848609		563.278981712		567.384640488		
1491762951.35		565.835494348		563.823841136		567.941497113		
1491799189.19		566.426227361		564.412819987		568.540204761		
1491835427.03		567.037945247		565.023955891		569.159985415		
1491871664.86		567.623030533		565.607229251		569.751569836		
1491907902.7		568.135800306		566.11565908		570.267902132		
1491944140.54		568.644186114		566.616605572		570.78049559		
1491980378.38		569.152191096		567.118705496		571.294264213		
1492016616.22		569.66415783		567.626857769		571.81011625		
1492052854.05		570.194464766		568.154688277		572.351981258		
1492089091.89		570.672858431		568.627634969		572.841062584		
1492125329.73		569.532764155		567.430117089		571.698700315		
1492161567.57		569.791994329		567.674257658		571.935750613		
1492197805.41		570.391890383		568.272113454		572.545459049		
1492234043.24		570.966240452		568.842677498		573.122891898		
1492270281.08		571.540515051		569.410501976		573.705238682		
1492306518.92		572.212203543		570.074935283		574.38447966		
1492342756.76		572.816550807		570.669880092		574.991704369		
1492378994.59		573.397453549		571.249216094		575.580251762		
1492415232.43		573.92219923		571.773514577		576.113606681		
1492451470.27		574.543542905		572.396081353		576.745303205		
1492487708.11		575.14842869		573.002397755		577.358001656		
1492523945.95		575.63138854		573.477255066		577.845167426		
1492560183.78		576.200558269		574.034249443		578.415637546		
1492596421.62		576.82965638		574.652549476		579.051552407		
1492632659.46		577.474712691		575.290011945		579.707095545		
1492668897.3		578.097790114		575.905663742		580.340683992		
1492705135.14		578.739798604		576.544255276		580.993218341		
1492741372.97		579.429050829		577.229041165		581.709494842		
1492777610.81		580.065052176		577.862591299		582.352462082		
1492813848.65		580.670593169		578.462677477		582.96128794		
1492850086.49		581.226240472		579.00972977		583.519453949		
1492886324.32		581.743725932		579.523394302		584.044401098		
1492922562.16		582.377166666		580.158924568		584.691570862		
1492958800.0		583.035962962		580.811760364		585.36034823		
1492995037.84		583.523590023		581.29661735		585.857068625		
1493031275.68		583.983949985		581.74825523		586.32140199		
1493067513.51		584.517848802		582.267603849		586.861218466		
1493103751.35		585.042947321		582.780877116		587.395595573		
1493139989.19		585.588825477		583.315299139		587.947713086		
1493176227.03		586.146767267		583.863717096		588.511275602		
1493212464.86		586.709818591		584.422613259		589.085015956		
1493248702.7		587.238190123		584.9441284		589.623901988		
1493284940.54		587.689261379		585.388245391		590.084602455		
1493321178.38		588.083070805		585.772888078		590.484692598		
1493357416.22		588.537425525		586.218002091		590.945605848		
1493393654.05		588.892503958		586.564392994		591.306878476		
1493429891.89		589.419328358		587.082232357		591.840614239		
1493466129.73		589.988357395		587.650408667		592.417299778		
1493502367.57		590.50072093		588.162099406		592.938534792		
1493538605.41		591.025867788		588.686429593		593.472147292		
1493574843.24		591.570110887		589.221560542		594.024072484		
1493611081.08		592.122173992		589.764236833		594.583699086		
1493647318.92		592.700201239		590.333270517		595.170245464		
1493683556.76		593.340012141		590.96393042		595.818794626		
1493719794.59		593.984433193		591.600918325		596.473369169		
1493756032.43		594.618662095		592.22827657		597.118161648		
1493792270.27		595.206407503		592.807736893		597.715880189		
1493828508.11		595.781709267		593.379217671		598.304088856		
1493864745.95		596.356506191		593.95165452		598.892285349		
1493900983.78		596.931268137		594.525359993		599.480329255		
1493937221.62		597.506010821		595.098386493		600.068056772		
1493973459.46		598.080747492		595.671758857		600.655662544		
1494009697.3		598.655490755		596.241591734		601.243174962		
1494045935.14		599.231528606		596.813169424		601.831850512		
1494082172.97		599.810677282		597.382934847		602.420709659		
1494118410.81		600.390085608		597.952642467		603.00975857		
1494154648.65		600.970683144		598.525677044		603.599003136		
1494190886.49		601.551466402		599.102373763		604.188448757		
1494227124.32		602.132429592		599.679226298		604.77810064		
1494263362.16		602.713579169		600.255225398		605.367964308		
1494299600.0		603.294920918		600.829577699		605.958044659		
1494335837.84		603.873455722		601.403182197		606.548346374		
1494372075.68		604.45552713		601.970728853		607.138873921		
1494408313.51		605.040153206		602.540778678		607.729183865		
1494444551.35		605.62257898		603.118880473		608.316238032		
1494480789.19		606.20573415		603.695683179		608.899407857		
1494517027.03		606.788419509		604.272592405		609.482785673		
1494553264.86		607.371354482		604.848197135		610.07147198		
1494589502.7		607.95454241		605.417790418		610.664206053		
1494625740.54		608.537522829		605.987796691		611.2571974		
1494661978.38		609.120008562		606.558020201		611.850449328		
1494698216.22		609.703779338		607.130190181		612.443965001		
1494734454.05		610.28779432		607.704723641		613.037747315		
1494770691.89		610.87209536		608.279490335		613.631798856		
1494806929.73		611.455871885		608.855189109		614.226122841		
1494843167.57		612.04248732		609.432004617		614.820721925		
1494879405.41		612.625528511		610.009061539		615.415598649		
1494915643.24		613.211274167		610.586362784		616.010755447		
1494951881.08		613.796735752		611.163121186		616.606194651		
1494988118.92		614.381131073		611.739658594		617.201918495		
1495024356.76		614.965766677		612.31644456		617.79792912		
1495060594.59		615.550775915		612.893859825		618.392802225		
1495096832.43		616.136709658		613.47114155		618.982830332		
1495133070.27		616.722083109		614.048658531		619.569872317		
1495169308.11		617.310257963		614.628434329		620.159646315		
1495205545.95		617.898095418		615.20649018		620.756772192		
1495241783.78		618.484828		615.784809515		621.354198459		
1495278021.62		619.071825429		616.363394021		621.951926477		
1495314259.46		619.659088968		616.942569409		622.549957154		
1495350497.3		620.243702095		617.522257483		623.147705039		
1495386735.14		620.831983702		618.102219076		623.745640524		
1495422972.97		621.421967852		618.682455642		624.343876361		
1495459210.81		622.010841102		619.26296858		624.942413723		
1495495448.65		622.599461043		619.843759232		625.541253744		
1495531686.49		623.18835651		620.42482889		626.140397515		
1495567924.32		623.778318356		621.006178794		626.739846086		
1495604162.16		624.369732741		621.58781014		627.338376202		
1495640400.0		624.961429076		622.170130738		627.935428601		
1495676637.84		625.553408592		622.752851657		628.531989548		
1495712875.68		626.144303677		623.335857377		629.129588937		
1495749113.51		626.733146933		623.919148929		629.727466651		
1495785351.35		627.322270762		624.502727307		630.325623707		
1495821589.19		627.911676178		625.086593467		630.924061086		
1495857827.03		628.501363643		625.669370682		631.521622906		
1495894064.86		629.092724057		626.253145955		632.119186514		
1495930302.7		629.684724776		626.838810121		632.717028011		
1495966540.54		630.277013638		627.423206094		633.315148201		
1496002778.38		630.871253539		628.008704304		633.9110842		
1496039016.22		631.466365002		628.595233386		634.506121078		
1496075254.05		632.06177793		629.184222957		635.101432401		
1496111491.89		632.657493082		629.773504473		635.70275778		
1496147729.73		633.25351119		630.363078625		636.30669729		
1496183967.57		633.849832966		630.952946082		636.9109543		
1496220205.41		634.446047227		631.543107489		637.515333172		
1496256443.24		635.040972115		632.133563477		638.117201695		
1496292681.08		635.63620121		632.724314653		638.71936263		
1496328918.92		636.231735175		633.315052408		639.321816587		
1496365156.76		636.826815815		633.905406445		639.924564156		
1496401394.59		637.420285717		634.488332943		640.527605464		
1496437632.43		638.014052911		635.069459864		641.130941419		
1496473870.27		638.608118061		635.650865727		641.734677587		
1496510108.11		639.202481724		636.232951329		642.34377575		
1496546345.95		639.79714444		636.824750296		642.952880451		
1496582583.78		640.39497133		637.419405759		643.561933052		
1496618821.62		640.989515862		638.011708833		644.170864162		
1496655059.46		641.584354008		638.59768502		644.780120621		
1496691297.3		642.182948155		639.183942828		645.385249578		
1496727535.14		642.785524679		639.770482674		645.988473563		
1496763772.97		643.388421257		640.359367696		646.591504433		
1496800010.81		643.991638304		640.950026147		647.194836583		
1496836248.65		644.595067229		641.540986391		647.799493993		
1496872486.49		645.197263336		642.132248847		648.411556894		
1496908724.32		645.799779374		642.723813923		649.023945522		
1496944962.16		646.402615395		643.316323541		649.636659925		
1496981200.0		647.005603277		643.908793308		650.246665784		
1497017437.84		647.608898215		644.4994856		650.855205034		
1497053675.68		648.211140975		645.09045963		651.463149843		
1497089913.51		648.81100128		645.68171573		652.071407173		
1497126151.35		649.408002223		646.273254226		652.682135703		
1497162389.19		650.008882292		646.865075439		653.290244102		
1497198627.03		650.610244768		647.45882882		653.903606015		
1497234864.86		651.211925695		648.049394896		654.517814275		
1497271102.7		651.813925429		648.637140737		655.132349246		
1497307340.54		652.416244321		649.225008693		655.747211265		
1497343578.38		653.018882719		649.813614327		656.362400667		
1497379816.22		653.619775556		650.408317833		656.977917782		
1497416054.05		654.219206835		651.003323655		657.593737664		
1497452291.89		654.820609784		651.598997933		658.20799698		
1497488529.73		655.424886626		652.188979837		658.819251907		
1497524767.57		656.031102171		652.777960442		659.430815246		
1497561005.41		656.638376485		653.371934087		660.042687592		
1497597243.24		657.245976828		653.968482973		660.654891943		
1497633481.08		657.849732075		654.566739711		661.277325758		
1497669718.92		658.452084714		655.164063584		661.900114543		
1497705956.76		659.054734999		655.758121661		662.523258658		
1497742194.59		659.657683211		656.355936849		663.146585963		
1497778432.43		660.260920746		656.956646447		663.758678652		
1497814670.27		660.862118435		657.557172949		664.367965009		
1497850908.11		661.463615033		658.157768983		664.978602268		
1497887145.95		662.06541081		658.758674471		665.590288219		
1497923383.78		662.66926235		659.359889717		666.202281084		
1497959621.62		663.277313289		659.961581115		666.815758021		
1497995859.46		663.886481889		660.562792314		667.435285437		
1498032097.3		664.49437987		661.163672301		668.055130912		
1498068335.14		665.10339578		661.763315913		668.67529462		
1498104572.97		665.710176961		662.363349499		669.29577715		
1498140810.81		666.315682233		662.963690532		669.912062107		
1498177048.65		666.923905839		663.564336427		670.526807937		
1498213286.49		667.535241186		664.165287452		671.150547361		
1498249524.32		668.147235721		664.766543873		671.776042779		
1498285762.16		668.757848402		665.368105956		672.401874584		
1498322000.0		669.367174733		665.972020774		673.028043068		
1498358237.84		669.976801963		666.57366245		673.65454852		
1498394475.68		670.586730336		667.175352893		674.28139123		
1498430713.51		671.196960101		667.778529105		674.907269912		
1498466951.35		671.807871863		668.38777957		675.528754475		
1498503189.19		672.417389718		668.989015142		676.147415592		
1498539427.03		673.030393554		669.595286299		676.777358791		
1498575664.86		673.646666302		670.199123307		677.408856486		
1498611902.7		674.264312526		670.804646754		678.03679608		
1498648140.54		674.87974819		671.41046899		678.664556058		
1498684378.38		675.496780167		672.016590251		679.291187121		
1498720616.22		676.10907912		672.623010774		679.917956732		
1498756854.05		676.725431705		673.229730794		680.545053862		
1498793091.89		677.342107835		673.836750545		681.169408154		
1498829329.73		677.959107773		674.444070264		681.793572698		
1498865567.57		678.576431784		675.051690184		682.41806487		
1498901805.41		679.194080134		675.659610539		683.042884939		
1498938043.24		679.812053085		676.267831563		683.668033171		
1498974281.08		680.428261034		676.876353488		684.293509837		
1499010518.92		681.043872042		677.485176549		684.919315202		
1499046756.76		681.660219047		678.094300977		685.545449536		
1499082994.59		682.278029678		678.703727005		686.171913105		
1499119232.43		682.896160265		679.313505167		686.798706104		
1499155470.27		683.514610684		679.923644548		687.426203291		
1499191708.11		684.134878399		680.534086451		688.054265871		
1499227945.95		684.75526936		681.144831109		688.682662027		
1499264183.78		685.37480772		681.755878753		689.311392031		
1499300421.62		685.996764031		682.367229616		689.940456153		
1499336659.46		686.613673053		682.978883929		690.569854666		
1499372897.3		687.230892634		683.590841924		691.19958784		
1499409135.14		687.848423021		684.203103833		691.829655947		
1499445372.97		688.469019295		684.815669886		692.460059259		
1499481610.81		689.091713288		685.428540316		693.090798048		
1499517848.65		689.714736608		686.041715353		693.721872584		
1499554086.49		690.338089521		686.655195229		694.351968521		
1499590324.32		690.962064852		687.268980175		694.982163111		
1499626562.16		691.585924822		687.883070423		695.616452		
1499662800.0		692.210108439		688.497466202		696.253112902		
