1463461200.0		5.77692932785		3.23141597404		16.4439969074		
1463500118.92		2.94394761595		2.8837675471		3.01604864339		
1463539037.84		3.02035917186		2.98499874892		3.05238924074		
1463577956.76		3.18034778751		3.14403973005		3.21277071144		
1463616875.68		3.32847827492		3.29075264827		3.36272139428		
1463655794.59		3.514061803		3.47416054445		3.55018874128		
1463694713.51		3.67411365985		3.63236707551		3.71174463483		
1463733632.43		3.87964355684		3.83540549059		3.91916826411		
1463772551.35		4.05634276474		4.01022398323		4.09781286581		
1463811470.27		4.28010977509		4.231615912		4.32377934228		
1463850389.19		4.48391559804		4.4328907734		4.52960230943		
1463889308.11		4.73105377791		4.67736400153		4.780015282		
1463928227.03		4.99184147531		4.93495440504		5.04312744432		
1463967145.95		5.22819258369		5.16835800097		5.28126305368		
1464006064.86		5.51504453626		5.45226397677		5.57152796108		
1464044983.78		5.72931546841		5.66460889708		5.78796751615		
1464083902.7		5.91948880526		5.85258999973		5.97952606053		
1464122821.62		6.11527014274		6.04746543339		6.17780982762		
1464161740.54		6.4821910179		6.41040433784		6.54848611263		
1464200659.46		6.80460925137		6.72920797086		6.87426129296		
1464239578.38		7.11005141408		7.0310632542		7.18239109919		
1464278497.3		7.39669782192		7.31429188622		7.47120208727		
1464317416.22		7.74816705396		7.6620375385		7.82592769665		
1464356335.14		8.11380487779		8.02383138067		8.19538047947		
1464395254.05		8.46818281893		8.37472569783		8.55355888985		
1464434172.97		8.87664176009		8.77909889546		8.96666715773		
1464473091.89		9.24988092623		9.14824869887		9.34372379814		
1464512010.81		9.69331683241		9.58785220476		9.79156705391		
1464550929.73		10.0993294183		9.98982515287		10.2016799797		
1464589848.65		10.5815207464		10.4673370341		10.6889297798		
1464628767.57		10.999830457		10.8824175768		11.1124545844		
1464667686.49		11.5238373236		11.401335232		11.6420031793		
1464706605.41		12.0043028169		11.8770044638		12.127101479		
1464745524.32		12.5694032187		12.4353252747		12.6970585408		
1464784443.24		13.1607873875		13.0209243472		13.2946244784		
1464823362.16		13.6726809549		13.5278968267		13.8115856209		
1464862281.08		14.3107078981		14.1595442936		14.4563815686		
1464901200.0		14.8915451303		14.7352698597		15.0428587889		
1464940118.92		15.5804709789		15.4175693365		15.7390188567		
1464979037.84		16.1445435535		15.9781722677		16.3102983612		
1465017956.76		16.8847120781		16.7117512094		17.0587288556		
1465056875.68		17.5285280756		17.3483880008		17.706828422		
1465095794.59		18.608685719		18.4183140941		18.7981882817		
1465134713.51		19.8401375884		19.6375610373		20.0405643953		
1465173632.43		21.1447303617		20.9283028815		21.3557219867		
1465212551.35		22.5183826211		22.2897230719		22.7408730176		
1465251470.27		23.928233215		23.6879706381		24.1623959363		
1465290389.19		25.4081200877		25.154426856		25.6570036448		
1465329308.11		27.0541707987		26.7860706413		27.3192373447		
1465368227.03		28.7967444739		28.5102647442		29.0727379833		
1465407145.95		30.6228408866		30.3197252641		30.9141378904		
1465446064.86		32.537837076		32.2207868052		32.8496909156		
1465484983.78		34.5442475473		34.2125724172		34.8774711223		
1465523902.7		36.6544756275		36.3061103559		37.0077896167		
1465562821.62		38.864349116		38.4977136088		39.2382641165		
1465601740.54		41.1742193896		40.7915491641		41.5684989217		
1465640659.46		43.5917884281		43.1921565786		44.008955716		
1465679578.38		46.1239466683		45.700906868		46.5580432719		
1465718497.3		48.7691761332		48.3243627672		49.2292623663		
1465757416.22		51.5211786549		51.0498772149		52.0058399335		
1465796335.14		54.3897709839		53.8935338107		54.896062371		
1465835254.05		57.3767208909		56.8636735459		57.9068885449		
1465874172.97		60.448235989		59.909700537		61.0044018113		
1465913091.89		63.5796506058		63.0274094129		64.1523145861		
1465937519.0		65.6071927042		65.0340185756		66.1894476926		
1465937520.0		65.6072772155		65.0341026917		66.1895327241		
1465937521.0		65.6073617271		65.034186808		66.1896177558		
1465952010.81		40.8270167288		39.6088200065		42.679987977		
1465990929.73		34.4814467383		33.6550033195		35.3618738736		
1466029848.65		35.123970561		34.311907179		36.0257028944		
1466068767.57		35.9179820331		35.0765809042		36.8188944193		
1466107686.49		36.7229702597		35.8731911497		37.6375006715		
1466146605.41		37.5344203843		36.6784773593		38.4575014458		
1466185524.32		38.3568526384		37.4835162815		39.2861946884		
1466224443.24		39.1897939745		38.2994838056		40.1296071831		
1466263362.16		40.0342151026		39.1278803724		40.9810145578		
1466302281.08		40.8755682476		39.9584674512		41.833844531		
1466341200.0		41.7245664152		40.7971464357		42.6943728272		
1466380118.92		42.5819712		41.643961027		43.5631746046		
1466419037.84		43.4476223421		42.5008504509		44.4384271217		
1466457956.76		44.3270149423		43.3685855942		45.3300228816		
1466496875.68		45.205363875		44.242957675		46.2174965134		
1466535794.59		46.1989371203		45.223942196		47.2157408411		
1466574713.51		48.7295926464		47.7049143818		49.7869060507		
1466613632.43		51.3832431893		50.305878772		52.487299851		
1466652551.35		54.1465703078		53.0210753139		55.2934636669		
1466691470.27		57.0216886574		55.8519189687		58.2258123962		
1466730389.19		60.0133714019		58.8010491701		61.2566385232		
1466769308.11		63.1038362727		61.8453497789		64.3902222013		
1466808227.03		66.3166468296		65.0119063286		67.6424519159		
1466847145.95		69.6168988498		68.2722067567		71.0086649998		
1466886064.86		73.0456235543		71.6522489373		74.4690278336		
1466924983.78		76.5641588323		75.1248405646		78.0279737898		
1466963902.7		80.2006204594		78.7070173188		81.7079500047		
1467002821.62		83.948460743		82.4049297157		85.488816749		
1467041740.54		87.7817176577		86.1976486844		89.3432047571		
1467080659.46		91.6955736004		90.0772637059		93.2861220544		
1467119578.38		95.689627383		94.0273617641		97.3215867222		
1467158497.3		99.7777287348		98.0773152521		101.435078833		
1467197416.22		103.932589346		102.21091941		105.625361766		
1467236335.14		108.202306102		106.456172507		109.909021152		
1467275254.05		112.487255703		110.746577222		114.251153364		
1467314172.97		109.297660558		107.639461904		110.956608188		
1467353091.89		121.168066192		119.337967933		122.95283962		
1467392010.81		125.594748392		123.76371453		127.37672772		
1467430929.73		130.088388907		128.231419512		131.892398153		
1467469848.65		134.531383997		132.642737435		136.361450574		
1467508767.57		139.024826269		137.071169753		140.845846364		
1467547686.49		143.497292576		141.507866884		145.344064822		
1467586605.41		147.97302981		146.034488995		149.853643424		
1467625524.32		152.437836976		150.478554933		154.317905391		
1467664443.24		156.897723164		154.915623403		158.780566239		
1467703362.16		161.323652343		159.302167866		163.218188505		
1467742281.08		165.738958686		163.645144117		167.62146208		
1467781200.0		170.034922755		167.935311182		171.922634006		
1467820118.92		174.316719365		172.172760692		176.151754209		
1467859037.84		178.505866573		176.391476361		180.333830865		
1467897956.76		182.631791228		180.524270747		184.437559589		
1467936875.68		187.00132441		184.892521211		188.824619906		
1467975794.59		190.708752814		188.57663726		192.55638859		
1468014713.51		194.569384744		192.426725937		196.415914698		
1468053632.43		198.342583821		196.259969835		200.189139215		
1468092551.35		202.029257023		199.91661354		203.883645607		
1468131470.27		205.627940697		203.484523198		207.497312797		
1468170389.19		209.125131217		206.969474356		211.010093698		
1468209308.11		212.528426753		210.33292483		214.422480673		
1468248227.03		215.818824108		213.607426973		217.724890389		
1468287145.95		219.04627978		216.818406384		220.952582863		
1468326064.86		222.215581153		219.985705628		224.141401241		
1468364983.78		225.226801537		222.970992162		227.171438835		
1468403902.7		228.144377739		225.897669787		230.132416932		
1468442821.62		230.941951681		228.697609663		232.898620883		
1468481740.54		250.127674197		247.722511588		252.232860784		
1468520659.46		252.850994232		250.412719693		254.959213797		
1468559578.38		255.472146542		253.049740322		257.617416778		
1468597799.0		257.942487026		255.509138958		260.137379764		
1468597800.0		257.942549975		255.509201177		260.137444058		
1468597801.0		257.942612924		255.509263397		260.137508353		
1468598497.3		256.40681485		254.119485216		258.320534758		
1468637416.22		136.84118859		132.805258132		141.178732033		
1468676335.14		138.751046978		135.17338804		142.185103521		
1468715254.05		143.39468689		139.862931813		146.650122034		
1468754172.97		148.212235606		144.696976536		151.430930162		
1468793091.89		153.059779092		149.5728126		156.285482798		
1468832010.81		157.934857624		154.471900617		161.110834323		
1468870929.73		162.75161733		159.327730527		165.884479888		
1468909848.65		167.581577586		164.19155792		170.655686402		
1468948767.57		172.392976507		169.064326908		175.40188245		
1468987686.49		175.285197001		172.060768547		178.210251437		
1469026605.41		180.106198837		176.947994208		183.01751398		
1469065524.32		184.820323386		181.716877493		187.679830864		
1469104443.24		189.535996582		186.4999997		192.349080921		
1469143362.16		194.190246229		191.202254386		196.956112031		
1469182281.08		198.798513029		195.846159675		201.506843642		
1469221200.0		182.812104648		180.25806395		185.212608474		
1469260118.92		186.495243757		184.031289484		188.810720503		
1469299037.84		190.088623765		187.689396748		192.345725949		
1469337956.76		193.606541925		191.322000097		195.804164736		
1469376875.68		197.027410496		194.862531081		199.190569622		
1469415794.59		200.352322173		198.288519766		202.437400545		
1469454713.51		203.624312157		201.6417596		205.588798933		
1469493632.43		206.777783186		204.910926918		208.662091023		
1469532551.35		209.865871851		208.041059299		211.681805208		
1469571470.27		203.621010375		201.961747538		205.376547249		
1469610389.19		206.414504549		204.778240964		208.09804501		
1469649308.11		209.108568797		207.50197547		210.768164064		
1469688227.03		211.682807075		210.106535498		213.313544138		
1469727145.95		214.166721333		212.644536963		215.797218895		
1469766064.86		221.608124578		220.088979141		223.294453614		
1469804983.78		223.996938982		222.51435411		225.65352833		
1469843902.7		240.250602861		238.664975408		241.969094706		
1469882821.62		242.586090034		241.021049815		244.292057334		
1469921740.54		244.842995888		243.317135861		246.559282989		
1469960659.46		247.067588805		245.500226597		248.779277809		
1469999578.38		249.16430865		247.589999185		250.882824391		
1470038497.3		251.150278394		249.568982071		252.839337016		
1470077416.22		237.717843147		236.190167117		239.302823215		
1470116335.14		254.991629336		253.324723482		256.65031738		
1470155254.05		256.707493263		254.963906277		258.34215381		
1470194172.97		240.297077185		238.658043071		241.780720022		
1470233091.89		241.999127396		240.405175141		243.456311987		
1470272010.81		243.643644622		242.099889542		245.107999319		
1470310929.73		245.248908603		243.702896483		246.673345038		
1470349848.65		246.176134508		244.630710558		247.605705889		
1470388767.57		247.907924973		246.383031299		249.305723839		
1470427686.49		249.378271432		247.872577925		250.741481838		
1470466605.41		250.748183987		249.224719904		252.097990595		
1470505524.32		249.403512815		247.867131756		250.701905945		
1470544443.24		250.578763435		249.00987505		251.900913333		
1470583362.16		251.902343897		250.295335482		253.217085128		
1470622281.08		253.165800952		251.560195389		254.496222246		
1470661200.0		254.396881481		252.775562411		255.746634904		
1470700118.92		275.052658099		273.311827731		276.500551204		
1470739037.84		276.206210224		274.455444058		277.676138559		
1470777956.76		277.555605257		275.816643447		279.0219953		
1470816875.68		277.869362899		276.135768406		279.330231622		
1470855794.59		277.996140994		276.2842503		279.476128279		
1470894713.51		278.055661772		276.349504926		279.543869262		
1470933632.43		278.132346448		276.440179008		279.64354708		
1470972551.35		278.52069032		276.864633521		279.935760079		
1471011470.27		278.879346337		277.304941563		280.310690734		
1471050389.19		279.276502657		277.762617778		280.695016155		
1471089308.11		279.641169138		278.182614037		281.044373794		
1471128227.03		280.042266927		278.687420666		281.439582842		
1471167145.95		280.4502416		279.06891665		281.848518792		
1471206064.86		280.837215565		279.485310625		282.275121157		
1471244983.78		281.152000563		279.776826691		282.61153856		
1471283902.7		281.47720692		280.106147505		282.979901723		
1471322821.62		281.924001886		280.502465217		283.435184363		
1471361740.54		282.22055184		280.785097364		283.712947732		
1471400659.46		282.570112249		281.122780568		284.094646412		
1471439578.38		282.858862628		281.404445059		284.426935841		
1471478497.3		283.290420897		281.785239875		284.841139376		
1471517416.22		283.658109793		282.099656507		285.232581866		
1471556335.14		284.039731755		282.45369208		285.645738849		
1471595254.05		284.396714077		282.803183517		286.042580001		
1471634172.97		284.742586999		283.138805791		286.421947232		
1471673091.89		285.078891741		283.41910902		286.747274846		
1471712010.81		285.395582252		283.71093071		287.089791147		
1471750929.73		285.719798204		283.985961838		287.429409378		
1471789848.65		286.007978906		284.260777977		287.775106585		
1471828767.57		286.339823527		284.517351538		288.116150509		
1471867686.49		286.610093999		284.770002424		288.422513815		
1471879999.0		286.904007643		285.054203278		288.714010748		
1471880000.0		286.904033799		285.054228766		288.714032247		
1471880001.0		286.904059956		285.054254254		288.714053746		
1471906605.41		284.183740804		282.691423036		285.830200396		
1471945524.32		274.263565093		272.879583667		275.706655957		
1471984443.24		265.099297119		263.736601343		266.501724809		
1472023362.16		256.67943513		255.163569523		258.104826037		
1472062281.08		245.546732733		243.917156146		247.075552884		
1472101200.0		241.851716631		240.176691043		243.339686461		
1472140118.92		216.987608051		215.440070241		218.302863928		
1472179037.84		229.665565316		227.982214722		231.066457973		
1472217956.76		207.570807278		206.039750443		208.8459666		
1472256875.68		218.796680902		217.159092613		220.143220861		
1472295794.59		213.803182438		212.245892141		215.121800465		
1472334713.51		209.063018482		207.49624291		210.369324747		
1472373632.43		204.548054553		203.030465761		205.848621738		
1472412551.35		200.254951208		198.830468619		201.545191454		
1472451470.27		196.198531912		194.789384941		197.459022159		
1472490389.19		192.32403397		190.945239873		193.56802055		
1472529308.11		188.670308835		187.257909005		189.873394065		
1472568227.03		185.165776931		183.777981031		186.350963635		
1472607145.95		181.759546679		180.425999657		183.010517201		
1472646064.86		178.522102431		177.220213392		179.783585762		
1472684983.78		175.443079706		174.154920792		176.71349293		
1472723902.7		172.480817495		171.224762555		173.721337769		
1472762821.62		169.653176393		168.410852371		170.87165577		
1472799999.0		167.049478856		165.77942087		168.25742096		
1472800000.0		167.049409851		165.779353186		168.257350036		
1472800001.0		167.049340845		165.779285502		168.257279113		
1472801740.54		166.928770429		165.658818096		168.133921085		
1472840659.46		164.033486065		162.850434968		165.239663199		
1472879578.38		168.673554706		167.503610553		169.903312233		
1472918497.3		173.168824384		171.986350949		174.376840758		
1472957416.22		177.57435911		176.441520255		178.808095541		
1472996335.14		182.013912913		180.90237878		183.240975104		
1473035254.05		186.403415383		185.269735445		187.627026943		
1473074172.97		190.769274637		189.617044008		191.97611868		
1473113091.89		195.310340306		194.18305313		196.514830896		
1473152010.81		199.561720459		198.430124318		200.744772329		
1473190929.73		203.849506264		202.725513541		205.042471074		
1473229848.65		208.065887744		206.95514871		209.244475484		
1473268767.57		212.240795907		211.107804769		213.401073856		
1473307686.49		216.328232552		215.18910066		217.480891427		
1473346605.41		220.360645367		219.22212028		221.513334387		
1473385524.32		224.11780155		222.980263714		225.258941889		
1473424443.24		228.089612912		226.932292562		229.219853074		
1473463362.16		231.85393552		230.681453325		232.98462386		
1473502281.08		235.569120172		234.402586462		236.700964216		
1473541200.0		239.213097697		238.029884154		240.34614246		
1473580118.92		242.742848264		241.600424805		243.901571617		
1473619037.84		246.212337969		245.072938974		247.375206607		
1473657956.76		249.595535497		248.446649367		250.780819035		
1473696875.68		252.939155797		251.809140398		254.151151808		
1473735794.59		256.19740531		255.056795657		257.407176139		
1473774713.51		259.394027866		258.250080844		260.587468733		
1473813632.43		262.886505111		261.743299214		264.069147117		
1473852551.35		266.068215555		264.95160302		267.162740276		
1473891470.27		268.93873309		267.840477606		270.015363264		
1473930389.19		271.56379248		270.44579785		272.641569986		
1473969308.11		274.363303766		273.245778788		275.464909817		
1474008227.03		277.102920727		275.965365365		278.216147271		
1474047145.95		279.762750415		278.609217251		280.881245204		
1474086064.86		273.553785525		272.394332868		274.641952146		
1474124983.78		275.982780836		274.811151948		277.075786694		
1474163902.7		278.361416311		277.193909158		279.473574185		
1474202821.62		280.698861274		279.535788558		281.815040397		
1474241740.54		282.956696909		281.772551299		284.096480222		
1474280659.46		285.141171317		283.931426332		286.294729695		
1474319578.38		287.27517153		286.047801212		288.441284829		
1474358497.3		289.338849554		288.09111662		290.528977718		
1474397416.22		289.34000138		288.093129419		290.559520961		
1474436335.14		291.334413292		290.07180145		292.580284392		
1474475254.05		293.271539662		291.985730557		294.548470271		
1474514172.97		293.926920531		292.632484039		295.196669912		
1474553091.89		296.140224368		294.821031938		297.415879398		
1474592010.81		298.375373887		297.051627356		299.662880605		
1474630929.73		300.437058552		299.107448624		301.743322367		
1474669848.65		297.754214394		296.451227566		299.05382896		
1474708767.57		299.561889545		298.265843348		300.875960517		
1474747686.49		301.2390209		299.939958805		302.565752073		
1474786605.41		302.871909598		301.573399618		304.208349931		
1474825524.32		304.449166427		303.127592064		305.793352184		
1474864443.24		305.972001157		304.632367954		307.321439473		
1474903362.16		312.233674075		310.858262977		313.634039681		
1474942281.08		308.816830925		307.4686154		310.229736828		
1474981200.0		310.17359386		308.82613935		311.606432947		
1475020118.92		311.507769459		310.148652969		312.949174238		
1475059037.84		312.810294162		311.43447262		314.246605431		
1475097956.76		314.203560717		312.823123142		315.65715704		
1475136875.68		315.628902042		314.24828557		317.089741479		
1475175794.59		320.804229207		319.406901377		322.28429629		
1475179999.0		316.910561682		315.533813266		318.353172562		
1475180000.0		316.910294592		315.533538132		318.352872291		
1475180001.0		316.910027502		315.533262998		318.352572021		
1475214713.51		306.694276363		305.574352111		307.893859673		
1475253632.43		295.405371753		294.415366161		296.385974021		
1475292551.35		275.343123191		274.518134252		276.203764038		
1475331470.27		275.000315705		274.102000341		275.917929584		
1475370389.19		268.533012213		267.514595352		269.521559198		
1475409308.11		265.652381666		264.519267722		266.821945173		
1475448227.03		263.20618102		261.901360067		264.501083849		
1475487145.95		260.837894701		259.395327586		262.283930071		
1475526064.86		256.960534316		255.362812601		258.546630427		
1475564983.78		253.501246923		251.745544952		255.231448118		
1475603902.7		251.795089719		249.918367921		253.687736024		
1475642821.62		250.095027481		248.057983004		252.109908623		
1475679999.0		249.26349113		247.027163317		251.419052394		
1475680000.0		249.263665464		247.027337978		251.419225646		
1475680001.0		249.263839798		247.02751264		251.419398899		
1475681740.54		249.567471422		247.331696974		251.721141246		
1475720659.46		256.375627619		254.206291887		258.493909838		
1475759578.38		262.982286978		260.910959045		265.057753154		
1475798497.3		269.624093491		267.564365882		271.630103305		
1475837416.22		276.149268258		274.185711277		278.101944698		
1475876335.14		282.376592784		280.427821881		284.282578608		
1475915254.05		287.871153968		285.96425599		289.701676382		
1475954172.97		293.271485763		291.419565205		295.027755001		
1475993091.89		298.566137225		296.825934996		300.345006824		
1476032010.81		303.655276498		301.997880118		305.365280092		
1476070929.73		308.686069		307.052830589		310.325699037		
1476109848.65		313.574536005		311.963003138		315.174182472		
1476148767.57		318.313574951		316.764029512		319.871390644		
1476187686.49		322.957161644		321.458602998		324.476327354		
1476226605.41		327.439681336		325.998546745		328.915896651		
1476265524.32		331.80086062		330.408722729		333.208197316		
1476304443.24		336.067840294		334.733512809		337.452195227		
1476343362.16		339.33995243		338.041246346		340.692600965		
1476382281.08		342.651592223		341.37929255		343.979346971		
1476421200.0		346.195488521		344.969794154		347.484385612		
1476460118.92		349.550108191		348.339800739		350.830130031		
1476499037.84		352.976288899		351.793344582		354.209747798		
1476537956.76		356.543372816		355.366094655		357.730773883		
1476576875.68		359.943083734		358.765633612		361.114556409		
1476615794.59		363.23166423		362.073305083		364.40451899		
1476654713.51		366.423583203		365.263792261		367.559459555		
1476693632.43		369.482648278		368.3542467		370.610733614		
1476732551.35		372.425853973		371.30832386		373.56059336		
1476771470.27		375.266224915		374.164155058		376.416930591		
1476810389.19		377.99460503		376.85129492		379.13415092		
1476849308.11		380.633229787		379.476246631		381.772108325		
1476888227.03		383.159013455		381.993660292		384.297768471		
1476927145.95		385.589804518		384.394826448		386.731511752		
1476966064.86		387.837445932		386.653999057		389.013172099		
1477004983.78		389.759823893		388.55880642		390.930466172		
1477043902.7		391.500855303		390.311115019		392.698516599		
1477082821.62		393.179381877		391.986360283		394.402451137		
1477121740.54		394.823758423		393.613997204		396.079823345		
1477160659.46		396.402238266		395.181924447		397.674295387		
1477199578.38		397.937250894		396.703601865		399.232133318		
1477238497.3		399.41725271		398.177118599		400.742282887		
1477277416.22		400.854637894		399.604535398		402.178140496		
1477316335.14		402.240406107		400.977006974		403.548210137		
1477355254.05		403.574501012		402.300379169		404.880384497		
1477394172.97		404.866495208		403.57779044		406.186140723		
1477433091.89		406.112120483		404.812195103		407.442096982		
1477472010.81		407.310575459		406.000114823		408.690712952		
1477510929.73		408.501695604		407.163695763		409.905685117		
1477549848.65		409.622751859		408.2817211		411.038079703		
1477588767.57		413.696557733		412.304396795		415.104112457		
1477627686.49		411.783892509		410.395838788		413.208675508		
1477666605.41		412.852691904		411.449154365		414.290085248		
1477705524.32		413.832082248		412.430261688		415.297217506		
1477744443.24		414.820711087		413.427648756		416.293604841		
1477783362.16		415.786395517		414.390409027		417.277002977		
1477822281.08		416.743195966		415.342349226		418.255167583		
1477861200.0		417.667996424		416.264751531		419.197439394		
1477900118.92		418.556291667		417.158866919		420.0961424		
1477939037.84		419.442166423		418.044840192		420.996761466		
1477977956.76		420.312605184		418.912330343		421.869466748		
1478016875.68		421.158563055		419.739350487		422.720466756		
1478055794.59		422.003602143		420.570364817		423.559683627		
1478094713.51		422.810366521		421.382918563		424.367393607		
1478133632.43		423.625958032		422.193006258		425.176758936		
1478172551.35		424.410071518		422.985328205		425.974163768		
1478211470.27		425.193869288		423.765692088		426.760690202		
1478250389.19		425.956014276		424.525121346		427.521510523		
1478289308.11		426.732480702		425.299895921		428.299657686		
1478328227.03		427.494420321		426.066079665		429.069387147		
1478367145.95		428.22666327		426.803596469		429.804146694		
1478406064.86		428.966035363		427.54331468		430.543154346		
1478444983.78		429.68025549		428.250930887		431.252609182		
1478483902.7		430.375747622		428.938500512		431.939755399		
1478522821.62		431.092491212		429.633186441		432.647939334		
1478561740.54		431.811871892		430.350384745		433.369676652		
1478600659.46		432.503235683		431.030572096		434.071866045		
1478639578.38		433.203272694		431.732456447		434.77229406		
1478678497.3		433.887156539		432.419194559		435.461591055		
1478717416.22		434.571342502		433.092996338		436.146946131		
1478756335.14		435.252036291		433.763725639		436.82441833		
1478795254.05		435.904568926		434.415851859		437.481411872		
1478834172.97		436.592374407		435.105408842		438.164881294		
1478873091.89		437.263065032		435.773525085		438.817932943		
1478912010.81		437.931482362		436.436581691		439.477935589		
1478950929.73		438.599572517		437.104152238		440.147219194		
1478989848.65		439.245301077		437.757646907		440.795712888		
1479028767.57		439.921465786		438.43936661		441.48036133		
1479067686.49		440.584122398		439.093308645		442.130164837		
1479106605.41		441.230557214		439.732561695		442.766624186		
1479145524.32		441.8905429		440.37843352		443.430027073		
1479184443.24		442.530459581		441.019850742		444.074837798		
1479223362.16		443.174888435		441.657211206		444.716961931		
1479262281.08		443.818564203		442.288717954		445.36052491		
1479301200.0		444.454624161		442.900751479		445.990858495		
1479340118.92		445.095054435		443.542776975		446.635593886		
1479379037.84		445.734223291		444.166268953		447.266636183		
1479417956.76		446.378217429		444.808262476		447.910415033		
1479456875.68		447.00872703		445.446536672		448.532857314		
1479495794.59		447.662613603		446.099026533		449.179028471		
1479534713.51		448.283086004		446.733609837		449.797455279		
1479573632.43		448.920653491		447.366702334		450.432133765		
1479612551.35		449.565417252		447.993447643		451.082628471		
1479651470.27		450.203985937		448.612071534		451.705696484		
1479690389.19		450.832901378		449.227871454		452.319033291		
1479729308.11		451.4667763		449.862393906		452.954406248		
1479768227.03		439.403928385		437.821576976		440.82748509		
1479772378.0		439.479835013		437.898312017		440.90159271		
1479772379.0		439.47985389		437.89833157		440.901611146		
1479772380.0		439.479872768		437.898351123		440.901629582		
1479772799.0		439.487782615		437.906544069		440.909354416		
1479772800.0		439.487801494		437.906563623		440.909372853		
1479772801.0		439.478842391		437.898878523		440.900862229		
1479807145.95		360.286186305		354.892979244		365.066707858		
1479846064.86		361.984135431		357.012878811		366.519083849		
1479884983.78		376.662018491		371.784787174		381.176549391		
1479923902.7		380.855228131		376.133565303		385.159445713		
1479962821.62		384.929891801		380.348430786		389.111859279		
1480001740.54		388.8602584		384.490845135		392.830188695		
1480040659.46		392.684958792		388.497625276		396.465974926		
1480079578.38		396.340723729		392.341768933		400.010277483		
1480118497.3		399.908310761		396.080585116		403.431748686		
1480157416.22		403.368095926		399.666473047		406.760162108		
1480196335.14		406.70185066		403.102412685		409.904871145		
1480235254.05		409.905101396		406.448402043		412.948596693		
1480274172.97		412.992921504		409.65998936		415.982618552		
1480313091.89		416.011742269		412.833513336		418.877060745		
1480344348.0		417.98206697		414.907361155		420.730434411		
1480344349.0		417.982020507		414.90732804		420.730376407		
1480344350.0		417.981974044		414.907294924		420.730318404		
1480352010.81		417.532255677		414.537794782		420.284237035		
1480390929.73		415.356155335		412.688004194		417.865819874		
1480429848.65		413.238353191		410.909722592		415.617907428		
1480468767.57		411.368844862		409.276333061		413.594426729		
1480507686.49		409.663770759		407.606232439		411.825524348		
1480546605.41		408.062568655		405.940676474		410.111941321		
1480585524.32		406.535246934		404.324958702		408.686568013		
1480624443.24		405.095733364		402.798287022		407.385772264		
1480663362.16		403.824111454		401.327089123		406.174741473		
1480702281.08		402.605732268		399.912744472		405.226538718		
1480741200.0		401.49142645		398.663952188		404.355036762		
1480780118.92		400.427965684		397.380847332		403.45370008		
1480819037.84		399.485942756		396.203420993		402.64322314		
1480857956.76		398.586461491		395.138538791		401.91400828		
1480896875.68		397.793781802		394.266109509		401.368938658		
1480926699.0		397.504968682		393.85966588		401.176024699		
1480926700.0		397.505072479		393.859771773		401.176126779		
1480926701.0		397.505176276		393.859877666		401.176228858		
1480935794.59		398.449097596		394.833675389		402.094215334		
1480974713.51		402.482548099		398.954559527		405.964724764		
1481013632.43		406.385216566		403.00377979		409.789380101		
1481052551.35		410.225576354		406.941839099		413.478189606		
1481091470.27		413.862893115		410.801981756		416.976522496		
1481130389.19		417.411835045		414.483285113		420.368046291		
1481169308.11		420.86226723		417.966775519		423.649528683		
1481208227.03		424.243003374		421.449518421		426.881226844		
1481247145.95		427.457673943		424.710741247		429.92428619		
1481286064.86		430.492514937		427.842204273		432.885100759		
1481324983.78		433.393265861		430.841382046		435.714223645		
1481363902.7		436.219036241		433.780042279		438.482353772		
1481402821.62		438.909414058		436.603634906		441.118428519		
1481441740.54		441.539269117		439.319525009		443.709040059		
1481480659.46		444.114627913		442.031684428		446.1685035		
1481519578.38		446.560877074		444.554870888		448.526742388		
1481558497.3		448.870978587		446.915518594		450.770557413		
1481597416.22		450.840702759		448.979478295		452.712256956		
1481636335.14		452.702412511		450.902592548		454.507919048		
1481675254.05		454.512564737		452.711856698		456.263073836		
1481714172.97		456.277373174		454.500817411		457.954477916		
1481753091.89		458.004837009		456.312018365		459.651682671		
1481792010.81		459.724939996		458.069241761		461.337568322		
1481830929.73		461.281114165		459.668241948		462.85883598		
1481869848.65		462.844432105		461.235217576		464.384988355		
1481908767.57		464.394717209		462.768761147		465.895299111		
1481947686.49		465.865923537		464.200059205		467.361262865		
1481986605.41		467.266007651		465.618592567		468.75774265		
1482025524.32		468.631584622		467.011422195		470.148063112		
1482064443.24		469.976036221		468.363977534		471.507675315		
1482103362.16		471.283949647		469.676770317		472.856013662		
1482142281.08		472.588475695		470.961675131		474.149331818		
1482168544.0		472.712620412		471.114648571		474.263835492		
1482168545.0		472.712207321		471.114295903		474.263439255		
1482168546.0		472.711794231		471.113943235		474.263043018		
1482181200.0		468.138503134		466.697965816		469.572450201		
1482220118.92		454.546059668		452.682358549		456.459162008		
1482259037.84		441.954540887		439.040655453		444.94638439		
1482297956.76		430.50026284		426.697959008		434.859476874		
1482336875.68		419.86451198		415.044927971		425.420909789		
1482359159.0		414.745185102		409.42290986		420.718856107		
1482359160.0		414.745285805		409.42300895		420.718948718		
1482359161.0		414.745386509		409.42310804		420.719041329		
1482375794.59		416.445280819		411.197525715		422.357295336		
1482414713.51		420.535283556		415.561948701		426.313581673		
1482453632.43		424.619311249		419.890569211		430.184866145		
1482492551.35		428.558949098		424.010845145		433.708353142		
1482531470.27		432.38404678		427.98797513		437.254278669		
1482570389.19		435.979233467		431.808990992		440.646046128		
1482609308.11		439.494621316		435.525125327		443.898724807		
1482648227.03		442.951596547		439.029845765		447.038925322		
1482687145.95		446.16657776		442.385567679		450.059553178		
1482726064.86		449.245718368		445.658619423		452.959777611		
1482764983.78		452.211607884		448.725439643		455.769713711		
1482803902.7		455.052856437		451.691564451		458.402132714		
1482842821.62		457.793773664		454.53254965		461.011024413		
1482881740.54		460.416985037		457.33296412		463.490367642		
1482920659.46		462.956075886		459.96407272		465.893793642		
1482959578.38		462.942629479		460.138542242		465.727544702		
1482998497.3		465.481787587		462.780275882		468.125580356		
1483037416.22		467.952422368		465.380553463		470.463071181		
1483076335.14		470.262688387		467.838610702		472.721913345		
1483115254.05		472.518551861		470.196108406		474.902035029		
1483154172.97		474.632541053		472.428710407		476.966016598		
1483193091.89		476.651651912		474.568041296		478.898591213		
1483232010.81		478.608606206		476.618814328		480.795618127		
1483270929.73		480.525297313		478.580055607		482.704230478		
1483309848.65		482.435136899		480.523150339		484.57056969		
1483348767.57		484.264135676		482.376923713		486.328213167		
1483387686.49		486.0251502		484.207952047		488.122531739		
1483426605.41		487.706839049		485.964057815		489.780037031		
1483465524.32		489.333185639		487.609112275		491.406350483		
1483504443.24		490.875607775		489.128049933		492.923627439		
1483543362.16		492.37629508		490.608215891		494.419168708		
1483582281.08		493.85194451		492.127832866		495.921548209		
1483621200.0		495.278839369		493.506412202		497.316775476		
1483660118.92		496.679756753		494.88194303		498.710900133		
1483699037.84		498.028042412		496.173493361		500.084880803		
1483737956.76		499.396401635		497.487049698		501.450977312		
1483776875.68		500.725031423		498.798442217		502.801606284		
1483815794.59		502.030915718		500.086376334		504.091465837		
1483854713.51		503.353414003		501.362515223		505.368268591		
1483893632.43		504.57872297		502.576297666		506.585708472		
1483932551.35		505.756204404		503.752076257		507.775313807		
1483971470.27		506.911710834		504.905927958		508.969306649		
1484010389.19		508.138476865		506.091652134		510.193962889		
1484049308.11		509.350232558		507.228511648		511.415575611		
1484088227.03		510.450381683		508.307034309		512.52511015		
1484127145.95		511.513034835		509.337304093		513.623657275		
1484166064.86		512.543414609		510.302257031		514.654676746		
1484204983.78		513.585156326		511.285574213		515.671213927		
1484243902.7		514.58642148		512.260134777		516.688198259		
1484282821.62		515.503741016		513.157798058		517.637726154		
1484321740.54		516.409031692		514.035056727		518.553708198		
1484360659.46		517.304440225		514.881674571		519.452453107		
1484399578.38		518.211231148		515.757283883		520.401713906		
1484438497.3		519.121074385		516.666082806		521.34816792		
1484477416.22		520.083706111		517.599291926		522.335269735		
1484516335.14		520.96072538		518.418216609		523.227778701		
1484555254.05		521.81537943		519.234218124		524.10193958		
1484594172.97		522.661963696		520.033563734		524.96819323		
1484633091.89		523.475371309		520.812961264		525.802597493		
1484672010.81		524.332111151		521.633016023		526.681235147		
1484710929.73		525.200184864		522.471982903		527.574089498		
1484731511.0		525.646151679		522.919905682		528.032745985		
1484731512.0		525.646172463		522.919927		528.032767135		
1484731513.0		525.646193247		522.919948319		528.032788285		
1484749848.65		526.0193635		523.293787304		528.411528328		
1484788767.57		417.180033499		414.993030472		419.08941304		
1484827686.49		417.820936618		415.63911929		419.75211611		
1484866605.41		418.45662698		416.247107391		420.409580822		
1484905524.32		419.119184671		416.870657617		421.088010894		
1484944443.24		419.758638685		417.496345357		421.742000619		
1484983362.16		502.285422814		499.562932814		504.687536891		
1485022281.08		503.100027227		500.345879869		505.536708057		
1485061200.0		503.890635221		501.100165778		506.361730659		
1485100118.92		504.663307467		501.846728133		507.152529015		
1485139037.84		505.422965237		502.579090864		507.968250082		
1485177956.76		506.17847393		503.320517184		508.763182675		
1485216875.68		504.417459094		501.559212111		507.016175433		
1485255794.59		491.033962288		488.228458989		493.573423583		
1485294713.51		478.701901924		475.90388603		481.206863305		
1485333632.43		475.461297146		472.673433185		477.962388107		
1485372551.35		477.43014381		474.632113618		479.97314601		
1485411470.27		479.363851973		476.533542085		481.936241474		
1485450389.19		402.838753816		400.440885797		405.005205265		
1485489308.11		404.465195469		402.044299275		406.65086255		
1485528227.03		406.065586092		403.626719214		408.280476392		
1485567145.95		407.621541809		405.1459888		409.855940311		
1485606064.86		409.095664263		406.605878344		411.369825728		
1485644983.78		410.525515505		408.026323083		412.832817736		
1485683902.7		411.956885656		409.436426149		414.296762067		
1485722821.62		413.334297141		410.795661676		415.714598682		
1485761740.54		414.677029915		412.12170973		417.092728959		
1485800659.46		415.97604521		413.405649159		418.435163457		
1485839578.38		479.280323002		476.306778208		482.155056237		
1485878497.3		480.686783412		477.680802238		483.59165988		
1485917416.22		482.043822926		479.009326896		484.98343351		
1485951099.0		483.210936582		480.145965191		486.175184502		
1485951100.0		483.210970871		480.145998551		486.1752194		
1485951101.0		483.211005161		480.146031912		486.175254298		
1485956335.14		474.900386906		472.532048804		477.20454884		
1485995254.05		446.633692496		440.452316651		453.363593064		
1486034172.97		449.006637356		443.081476112		455.664959835		
1486073091.89		461.616185193		455.696810455		467.902351463		
1486112010.81		464.406403441		458.785873634		470.294384536		
1486150929.73		467.029714048		461.725846594		472.503314656		
1486189848.65		469.619414926		464.62015049		474.696059418		
1486228767.57		472.11029503		467.251637399		476.861589924		
1486267686.49		474.563499146		469.847459209		478.987284188		
1486306605.41		476.861180325		472.337918538		481.159499367		
1486345524.32		479.083599024		474.785120859		483.088610509		
1486384443.24		481.174209699		477.21486024		484.965952826		
1486423362.16		483.215857063		479.478223249		486.859054246		
1486462281.08		485.282602798		481.747944831		488.710383245		
1486501200.0		487.314204992		484.051247225		490.520590209		
1486540118.92		489.202613496		486.127865857		492.387267635		
1486579037.84		491.139552056		488.07138679		494.257978152		
1486617956.76		492.927198096		489.911014568		495.952085962		
1486656875.68		494.645536278		491.694272151		497.616032702		
1486695794.59		496.271248896		493.378518099		499.171436475		
1486734713.51		497.916027351		495.043528121		500.689023016		
1486773632.43		499.435932672		496.601757051		502.144113492		
1486812551.35		501.008952517		498.264117013		503.620962759		
1486851470.27		502.520554038		499.807931323		505.17567467		
1486890389.19		504.044015106		501.31734213		506.662303182		
1486929308.11		505.551440081		502.854988953		508.088269828		
1486968227.03		507.030441052		504.22329967		509.585425493		
1487007145.95		508.414992411		505.545822175		510.989713782		
1487046064.86		509.747194943		506.877981048		512.407201199		
1487084983.78		511.03867294		508.199865004		513.71410983		
1487123902.7		512.356424763		509.487408931		515.07103437		
1487162821.62		513.682358731		510.744927034		516.469601326		
1487201740.54		515.00837389		512.055949918		517.928299839		
1487240659.46		516.289956645		513.334103784		519.278362513		
1487279578.38		518.470661898		515.378234136		521.471009122		
1487318497.3		519.615174772		516.501915274		522.720151258		
1487357416.22		520.75353035		517.502393715		523.883309874		
1487396335.14		521.893656808		518.547304408		525.025163227		
1487435254.05		522.94526724		519.608258316		526.050804675		
1487474172.97		523.96511652		520.615681856		527.026700245		
1487513091.89		525.077068145		521.668220801		528.077373793		
1487552010.81		526.116023763		522.685986893		529.021925696		
1487590929.73		527.135020502		523.701019422		530.025485238		
1487629848.65		528.078631707		524.766466271		530.954489858		
1487668767.57		529.052566125		525.764073607		531.874040698		
1487707686.49		530.033952445		526.770210898		532.789023326		
1487746605.41		530.899042006		527.734242852		533.645888091		
1487785524.32		531.797923205		528.745788492		534.4906326		
1487824443.24		532.739242052		529.779825985		535.390587732		
1487863362.16		533.590705951		530.76753582		536.232157136		
1487902281.08		534.353742142		531.645935471		537.004545373		
1487941200.0		535.088335309		532.40799547		537.817037118		
1487980118.92		535.730488296		533.222248805		538.468874499		
1488019037.84		536.427114927		533.937494882		539.121155707		
1488057956.76		537.087967265		534.670145071		539.801717081		
1488096875.68		537.701252122		535.286332257		540.371759857		
1488135794.59		538.325776529		535.858167652		540.927332701		
1488174713.51		538.897061055		536.424748563		541.453668357		
1488213632.43		539.479270551		537.029309087		542.038086077		
1488252551.35		540.055384308		537.578942499		542.653605742		
1488291470.27		540.575260024		538.144617546		543.172991301		
1488330389.19		541.073960503		538.667773445		543.653866897		
1488369308.11		541.512132571		539.108022784		544.089893161		
1488408227.03		541.998481893		539.592557647		544.61940379		
1488447145.95		542.51210048		540.136754476		545.12712617		
1488486064.86		542.99500285		540.607593098		545.581632903		
1488524983.78		543.433955911		541.027881084		546.005042053		
1488563902.7		543.939475017		541.477509743		546.484218014		
1488602821.62		544.324347579		541.875380237		546.911227572		
1488641740.54		544.745272221		542.272387748		547.373964039		
1488680659.46		545.045938073		542.589242774		547.75612525		
1488719578.38		545.319696915		542.867567509		548.045272225		
1488758497.3		543.899194765		541.418346044		546.609863717		
1488797416.22		544.41853079		541.898376847		547.155147349		
1488836335.14		544.972835477		542.433710109		547.763558986		
1488875254.05		545.509885818		542.919238887		548.285455486		
1488914172.97		545.997565553		543.405469187		548.777809799		
1488953091.89		546.456580139		543.836399224		549.211528549		
1488992010.81		546.969264241		544.336935171		549.697098375		
1489030929.73		547.468650671		544.816673876		550.224425527		
1489069848.65		547.947778464		545.287390406		550.722379284		
1489108767.57		549.353869768		546.68736215		552.087486499		
1489147686.49		549.769672762		547.08121873		552.515296607		
1489186605.41		550.129193334		547.442800592		552.857702555		
1489225524.32		550.484768421		547.790567444		553.24338733		
1489264443.24		550.952081742		548.262833613		553.675780687		
1489303362.16		551.337507903		548.639847361		554.076072403		
1489342281.08		551.698789704		548.990098662		554.460584416		
1489381200.0		551.976371647		549.274741157		554.738452624		
1489420118.92		552.192771577		549.500565961		554.958331159		
1489459037.84		552.495893515		549.791659807		555.24438073		
1489497956.76		552.717653925		550.012192262		555.481119793		
1489536875.68		552.957186428		550.257002789		555.717147721		
1489575794.59		553.226621331		550.51265985		555.972915123		
1489614713.51		553.498221101		550.782137546		556.225801584		
1489653632.43		553.738419154		551.036870027		556.484212809		
1489692551.35		553.917438192		551.217756071		556.638960794		
1489731470.27		554.046179283		551.358989664		556.748674437		
1489770389.19		554.333387931		551.641118648		556.996570855		
1489809308.11		554.54811791		551.873591717		557.178006256		
1489848227.03		554.714189553		552.050489647		557.338956762		
1489887145.95		554.797976962		552.126054061		557.416304278		
1489926064.86		554.961070294		552.28118893		557.549239256		
1489964983.78		555.033039837		552.370239029		557.61134857		
1490003902.7		555.201641323		552.548816433		557.769116895		
1490042821.62		555.342130138		552.711056287		557.893117337		
1490081740.54		555.467358036		552.847882869		558.003061077		
1490120659.46		555.624484396		553.016474577		558.134769074		
1490159578.38		555.724399516		553.151789931		558.236274315		
1490198497.3		555.839296602		553.27719963		558.315760916		
1490237416.22		555.961131839		553.391797877		558.408505468		
1490276335.14		556.192026051		553.629579176		558.608843756		
1490315254.05		556.321134061		553.794200336		558.733404846		
1490354172.97		556.435493382		553.935351864		558.817813875		
1490393091.89		556.555375828		554.080041291		558.905736239		
1490432010.81		556.720679416		554.255761988		559.043390781		
1490470929.73		556.842569979		554.39407724		559.149454975		
1490509848.65		556.948406847		554.526222682		559.246986431		
1490548767.57		557.069803294		554.668502472		559.347220115		
1490587686.49		557.172432646		554.804496683		559.421170292		
1490626605.41		557.304061986		554.951944387		559.513502742		
1490665524.32		557.516350097		555.173809521		559.719008051		
1490704443.24		557.726422195		555.391673423		559.936327258		
1490743362.16		557.839820616		555.517408843		560.035298137		
1490782281.08		558.014061555		555.7128071		560.1847797		
1490821200.0		558.286487055		555.993628738		560.441554697		
1490860118.92		558.49830247		556.222598702		560.610986368		
1490899037.84		558.675916451		556.422330887		560.771913372		
1490937956.76		558.826357382		556.572861973		560.899528124		
1490976875.68		559.06395736		556.838334143		561.133624573		
1491015794.59		559.32247543		557.130558193		561.371660537		
1491054713.51		559.612578018		557.453234545		561.674138339		
1491093632.43		559.907169474		557.773621278		561.991508685		
1491132551.35		560.079355176		557.960266122		562.135356966		
1491171470.27		560.257393261		558.15717393		562.28737387		
1491210389.19		560.34769131		558.241212239		562.36682034		
1491249308.11		560.505423732		558.404697033		562.506469806		
1491288227.03		560.684495602		558.5906999		562.653897256		
1491327145.95		560.899455188		558.813364101		562.852652482		
1491366064.86		561.116317013		559.052331145		563.050122288		
1491404983.78		561.261859736		559.222372632		563.183027956		
1491443902.7		561.424162838		559.402919322		563.315683206		
1491482821.62		561.591772577		559.587648182		563.44722141		
1491521740.54		559.98456294		558.026943487		561.818467712		
1491560659.46		560.13278102		558.207249477		561.987689115		
1491599578.38		560.373420804		558.458145138		562.204292255		
1491638497.3		560.590526827		558.703447239		562.381027325		
1491677416.22		560.832584408		558.957112607		562.588801465		
1491716335.14		561.018582394		559.171825345		562.757534124		
1491755254.05		561.181596434		559.363009676		562.913057973		
1491794172.97		561.406257664		559.583989055		563.118377808		
1491833091.89		561.696895406		559.865466921		563.414054666		
1491872010.81		561.896804439		560.077454708		563.631296054		
1491910929.73		562.031518567		560.231213069		563.776288498		
1491949848.65		562.207307854		560.399397856		563.937638475		
1491988767.57		562.29350847		560.483813458		564.042323244		
1492027686.49		562.495864591		560.705062672		564.243224104		
1492066605.41		562.558945026		560.820560291		564.331901768		
1492105524.32		563.690837755		562.011874767		565.516580091		
1492144443.24		564.171476395		562.454225323		565.958528748		
1492183362.16		564.272706428		562.545095272		566.061561533		
1492222281.08		564.308257956		562.602182526		566.080358876		
1492261200.0		564.387967796		562.726207682		566.147110181		
1492300118.92		564.547527054		562.890942258		566.312082134		
1492339037.84		564.658147337		563.02032562		566.401975424		
1492377956.76		564.747697161		563.115750791		566.480940477		
1492416875.68		564.77982599		563.162688883		566.520851854		
1492455794.59		564.926583267		563.307514083		566.679997884		
1492494713.51		565.03665393		563.413715631		566.790164121		
1492533632.43		565.06937183		563.415563616		566.810799566		
1492572551.35		565.197966382		563.527855537		566.976163783		
1492611470.27		565.374973912		563.725465451		567.160972645		
1492650389.19		565.559296643		563.926485288		567.341085584		
1492689308.11		565.734408619		564.110055253		567.530757741		
1492728227.03		565.924030515		564.299896398		567.747736889		
1492767145.95		566.163343365		564.535037953		567.967521737		
1492806064.86		566.387036985		564.732312945		568.210187859		
1492844983.78		566.534753471		564.854410277		568.327808219		
1492883902.7		566.638447101		564.949463937		568.407998041		
1492922821.62		566.777251305		565.049755814		568.543317147		
1492961740.54		566.938834057		565.215953974		568.728521685		
1493000659.46		566.975700503		565.251666343		568.801484908		
1493039578.38		567.045280526		565.294183406		568.883763747		
1493078497.3		567.144152022		565.357308939		568.989654729		
1493117416.22		567.263915065		565.441798216		569.098569992		
1493156335.14		567.402978584		565.557297128		569.247232641		
1493195254.05		567.553416652		565.699478955		569.371737223		
1493234172.97		567.624135402		565.781315224		569.47768258		
1493273091.89		567.648567077		565.825244283		569.522730726		
1493312010.81		567.674140529		565.850824196		569.556269127		
1493350929.73		567.710644837		565.886768862		569.607639535		
1493389848.65		567.687724136		565.860668605		569.593743963		
1493428767.57		567.727291028		565.925923403		569.62633308		
1493467686.49		567.80749402		565.999575192		569.724879986		
1493506605.41		567.865144004		566.036780115		569.796975991		
1493545524.32		567.91899488		566.1000426		569.846194281		
1493584443.24		568.05288091		566.204667523		569.999044765		
1493623362.16		568.145718305		566.288733527		570.108906991		
1493662281.08		568.398972667		566.533378205		570.358149948		
1493701200.0		568.58993814		566.707661035		570.547301583		
1493740118.92		568.826446572		566.905609915		570.817811035		
1493779037.84		569.007324808		567.075633963		571.051328601		
1493817956.76		569.203189391		567.248435772		571.28936537		
1493856875.68		569.368616862		567.400244668		571.513347725		
1493895794.59		569.54337942		567.570745698		571.691198457		
1493934713.51		569.696953994		567.693226031		571.868783828		
1493973632.43		569.942988058		567.909784978		572.142532602		
1494012551.35		570.03924843		567.995236769		572.313402537		
1494051470.27		570.194081733		568.169088283		572.515140208		
1494090389.19		570.443952317		568.367390724		572.80513214		
1494129308.11		570.603347935		568.509477538		572.955343988		
1494168227.03		570.827637705		568.730165756		573.213624516		
1494207145.95		570.970189689		568.858504324		573.374068862		
1494246064.86		571.233962637		569.044257892		573.65088534		
1494284983.78		571.377433359		569.151796911		573.809062588		
1494323902.7		571.490161538		569.204078844		573.96411686		
1494362821.62		571.711049308		569.379580359		574.201792743		
1494401740.54		571.794534805		569.435939395		574.2987966		
1494440659.46		571.887508958		569.483539509		574.372243138		
1494479578.38		572.080386279		569.644495354		574.559572144		
1494518497.3		572.172199712		569.715350114		574.667494677		
1494557416.22		572.241624604		569.773875189		574.771189384		
1494596335.14		572.333504844		569.861035896		574.9119096		
1494635254.05		572.505530723		569.991340848		575.111954724		
1494674172.97		572.670820943		570.075478331		575.308715123		
1494713091.89		572.923595468		570.331877198		575.60663154		
1494752010.81		573.172101858		570.565618961		575.881282241		
1494790929.73		573.40095217		570.780478589		576.11787691		
1494829848.65		573.673582735		571.025145699		576.412733261		
1494868767.57		574.067426324		571.350044987		576.802415525		
1494907686.49		574.30121775		571.56212985		577.046672035		
1494946605.41		574.609552231		571.803948378		577.365151969		
1494985524.32		574.828777931		571.986447668		577.595356187		
1495024443.24		575.06272418		572.169041882		577.852076388		
1495063362.16		575.27320321		572.348791757		578.086690675		
1495102281.08		575.451991593		572.510744248		578.291382851		
1495141200.0		575.628771815		572.675214381		578.483923562		
1495180118.92		575.886706442		572.880225128		578.753419217		
1495219037.84		576.080929861		572.988929496		578.981752292		
1495257956.76		576.32933672		573.202591647		579.249713997		
1495296875.68		576.509728295		573.352710965		579.47830445		
1495335794.59		576.762666065		573.565345789		579.738539029		
1495374713.51		577.007962209		573.771384515		579.995218276		
1495413632.43		577.277953929		574.002286653		580.301400679		
1495452551.35		577.456736557		574.159771017		580.515100028		
1495491470.27		577.650625605		574.32492136		580.742477599		
1495530389.19		577.872260264		574.510575837		580.979295267		
1495569308.11		578.101598918		574.701677672		581.214647568		
1495608227.03		578.387437297		574.954095718		581.505513531		
1495647145.95		578.639995157		575.193804235		581.760708863		
1495686064.86		578.802301309		575.35347647		581.9479919		
1495724983.78		578.873122706		575.38447061		582.04917322		
1495763902.7		578.936548555		575.40468457		582.133385053		
1495802821.62		579.129521088		575.55105396		582.352780381		
1495841740.54		579.28795982		575.676897556		582.565930184		
1495880659.46		579.530468115		575.904196328		582.857309924		
1495919578.38		579.757664058		576.096796635		583.111535431		
1495958497.3		580.048128931		576.334198391		583.40709964		
1495997416.22		580.316096863		576.558213344		583.729891781		
1496036335.14		580.569163102		576.786261071		584.035583445		
1496075254.05		580.782515041		576.966704146		584.304436867		
1496114172.97		580.932057427		577.076531138		584.487999356		
1496153091.89		581.143738416		577.264707609		584.750359739		
1496192010.81		581.321377186		577.40812425		584.96808888		
1496230929.73		581.541193578		577.581313535		585.209630696		
1496269848.65		581.610506907		577.609285788		585.288002475		
1496308767.57		581.680885703		577.641599919		585.383025537		
1496347686.49		582.563112953		578.499331256		586.343573591		
1496386605.41		582.633971861		578.577580889		586.450528627		
1496425524.32		582.664541329		578.590440387		586.532290514		
1496464443.24		582.753279242		578.642948678		586.652456393		
1496503362.16		582.914765712		578.757832199		586.859025456		
1496542281.08		582.980755031		578.777121743		586.96574114		
1496581200.0		583.043432737		578.804870295		587.053944945		
1496620118.92		583.069873874		578.791661514		587.103490695		
1496659037.84		583.126513502		578.804604884		587.17695151		
1496685599.0		517.07723083		509.07597021		524.425440501		
1496685600.0		517.061146666		509.058595587		524.41077171		
1496685601.0		517.061230172		509.058686151		524.410847879		
1496697956.76		518.066540317		510.104113269		525.315754072		
1496736875.68		521.109936098		513.440612288		527.947378209		
1496775794.59		523.994546538		516.682339863		530.546635688		
1496814713.51		526.793291087		519.96099859		533.079023378		
1496853632.43		529.492655695		522.938173974		535.544016532		
1496892551.35		532.091252834		525.936706948		537.881148217		
1496931470.27		534.522821974		528.59944243		540.196415523		
1496970389.19		536.903575003		531.146623891		542.223597458		
1497009308.11		539.160018615		533.736462207		544.28832208		
1497048227.03		541.312400608		536.261901225		546.309032991		
1497087145.95		543.425018801		538.709737517		548.279764243		
1497126064.86		545.466104617		541.065299825		550.210245253		
1497164983.78		547.370011533		543.204439558		552.041538405		
1497203902.7		549.179301888		545.144846543		553.793306419		
1497242821.62		550.974417084		546.974188871		555.351950824		
1497281740.54		552.576101845		548.652957855		557.027407444		
1497320659.46		554.179584269		550.182270804		558.570367289		
1497359578.38		555.768210481		551.805485309		560.00100892		
1497398497.3		557.30523726		553.318119787		561.460292437		
1497437416.22		558.659269853		554.694050138		562.861883277		
1497476335.14		559.983147336		556.055140084		564.220336389		
1497515254.05		561.252720083		557.388407265		565.505979661		
1497554172.97		562.538879056		558.612501615		566.708757445		
1497593091.89		563.70543612		559.778033541		567.865922543		
1497632010.81		564.85821799		560.852233621		569.023141691		
1497670929.73		566.00387345		561.934183729		570.162021452		
1497709848.65		567.035924515		562.849757684		571.220855831		
1497748767.57		568.042316842		563.894308599		572.324758915		
1497787686.49		569.055861707		564.765462015		573.411713145		
1497826605.41		570.01502598		565.685591297		574.464735483		
1497865524.32		570.972594834		566.61272253		575.471769357		
1497904443.24		571.878549309		567.46983107		576.398824737		
1497943362.16		572.790560834		568.214458487		577.311108469		
1497982281.08		573.610770581		568.925689924		578.185981738		
1498021200.0		574.413534976		569.624845312		579.00040934		
1498060118.92		575.171922707		570.278860565		579.758721062		
1498099037.84		575.927203396		570.916123474		580.550294592		
1498137956.76		576.60714354		571.563427692		581.27241116		
1498176875.68		577.278086272		572.135898085		581.950810628		
1498215794.59		577.915323032		572.719467822		582.636313304		
1498254713.51		578.51490423		573.340256461		583.318141118		
1498293632.43		579.094921846		573.909698374		583.967972503		
1498332551.35		579.662041983		574.407954873		584.601913553		
1498371470.27		580.214982368		574.880673384		585.215725778		
1498410389.19		580.774833838		575.333894912		585.808003655		
1498449308.11		581.325762158		575.800986494		586.378301205		
1498488227.03		581.83745467		576.240720674		586.918126523		
1498527145.95		582.34745997		576.678605821		587.471512133		
1498566064.86		582.813529052		577.126346135		588.010612915		
1498604983.78		583.260363182		577.532491751		588.531832465		
1498643902.7		583.698831457		577.933883775		589.032126315		
1498682821.62		584.167446584		578.301887563		589.549719674		
1498721740.54		584.610716431		578.687248995		590.018712984		
1498760659.46		585.015226647		579.050918501		590.508088766		
1498799578.38		585.425581015		579.464335454		590.981240383		
1498838497.3		585.840384363		579.810705245		591.433710583		
1498877416.22		586.255084007		580.136018439		591.860806483		
1498916335.14		586.663522984		580.452755414		592.300471165		
1498955254.05		587.0335623		580.780835532		592.741139386		
1498994172.97		587.407340855		581.099480289		593.160445676		
1499033091.89		587.773881055		581.408430032		593.56371867		
1499072010.81		588.120945284		581.715617013		593.968079586		
1499110929.73		588.461882498		581.999766539		594.362730825		
1499149848.65		588.814918234		582.286492537		594.749507468		
1499188767.57		589.144163448		582.569691254		595.125297614		
1499227686.49		589.476162264		582.835591394		595.491386918		
1499266605.41		589.809750521		583.094787172		595.850984504		
1499305524.32		590.138196722		583.339151196		596.209371356		
1499344443.24		590.446324091		583.59507757		596.562632124		
1499383362.16		590.76819284		583.829630735		596.919656985		
1499422281.08		591.073943659		584.060787357		597.269452798		
1499461200.0		591.375369222		584.288729558		597.614042885		
1499500118.92		591.6539878		584.517316117		597.965266105		
1499539037.84		591.93733847		584.744200961		598.319656829		
1499577956.76		592.21747872		584.968720466		598.654784679		
1499616875.68		592.494581689		585.207518565		598.983670518		
1499655794.59		592.776888689		585.439614438		599.319995897		
1499694713.51		593.041260754		585.668552254		599.652400609		
1499733632.43		593.302248065		585.894503457		599.973735492		
1499772551.35		593.56362383		586.117629653		600.276883635		
1499811470.27		593.832695518		586.339173357		600.576539402		
1499850389.19		594.09778271		586.559620838		600.873286096		
1499889308.11		594.356929167		586.777618739		601.167280909		
1499928227.03		594.609035172		586.993299069		601.47219948		
1499967145.95		594.859954417		587.206789669		601.775805023		
1500006064.86		595.109750015		587.417345097		602.076565389		
1500044983.78		595.357609017		587.61013593		602.355405006		
1500083902.7		595.603638396		587.801623699		602.655371168		
1500122821.62		595.847938035		587.99188017		602.95142765		
1500161740.54		596.090607443		588.180976687		603.241273392		
1500200659.46		596.332771065		588.372116355		603.528633297		
1500239578.38		596.578162795		588.57514613		603.814751778		
1500278497.3		596.822371735		588.776986485		604.099705474		
1500317416.22		597.063239193		588.977703103		604.383565267		
1500356335.14		597.300324762		589.177361415		604.666401762		
1500395254.05		597.536300193		589.383665567		604.948280594		
1500434172.97		597.771231196		589.590043751		605.229263705		
1500473091.89		598.005180086		589.795473656		605.509409827		
1500512010.81		598.238204988		589.976716219		605.788773742		
1500550929.73		598.470362328		590.161793742		606.067408619		
1500589848.65		598.705300662		590.356270379		606.34536524		
1500628767.57		598.94191939		590.553200043		606.622691074		
1500667686.49		599.175888842		590.749736187		606.899431134		
1500706605.41		599.39967295		590.94555178		607.188811317		
1500745524.32		599.622814172		591.126854639		607.478260205		
1500784443.24		599.855563067		591.315545266		607.767185512		
1500823362.16		600.087985141		591.503736057		608.05562789		
1500862281.08		600.323028516		591.691458536		608.343625893		
1500901200.0		600.559648063		591.878742597		608.63121608		
1500940118.92		600.79580234		592.065615786		608.918432137		
1500979037.84		601.031525098		592.252393192		609.205308039		
1501017956.76		601.266847315		592.440636776		609.491874963		
1501056875.68		601.501798388		592.628527216		609.778162481		
1501095794.59		601.733636199		592.812220809		610.064172176		
1501134713.51		601.956654855		592.99563869		610.349063293		
1501173632.43		602.191385473		593.178713478		610.633737127		
1501212551.35		602.430952927		593.361468709		610.918218567		
1501251470.27		602.671089699		593.543926484		611.200575114		
1501290389.19		602.909073972		593.726107765		611.463592923		
1501329308.11		603.130301867		593.908032183		611.725508257		
1501368227.03		603.353292569		594.089718546		611.987255443		
1501407145.95		603.58057864		594.27118506		612.24885461		
1501446064.86		603.807729998		594.452448666		612.52779505		
1501484983.78		604.034762142		594.633525428		612.807708901		
1501523902.7		604.261689721		594.814430518		613.087542772		
1501562821.62		604.487376039		594.9951781		613.367313466		
1501601740.54		604.710927641		595.175782259		613.647037715		
1501640659.46		604.934425097		595.356255984		613.921242442		
1501679578.38		605.15787964		595.536611592		614.192129355		
1501718497.3		605.386851794		595.716860762		614.462992309		
1501757416.22		605.622542057		595.89532116		614.733844347		
1501796335.14		605.834321049		596.073112796		615.004698478		
1501835254.05		606.054004986		596.250827186		615.27556682		
1501874172.97		606.278850029		596.428473765		615.546460829		
1501913091.89		606.503700758		596.607349502		615.811792843		
1501952010.81		606.728565296		596.787019872		616.072783885		
1501990929.73		606.952284944		596.966655896		616.333824116		
1502029848.65		607.17387745		597.146265037		616.594922474		
1502068767.57		607.395506878		597.325854272		616.85608733		
1502107686.49		607.617179692		597.506901987		617.117326644		
1502146605.41		607.839372905		597.69083134		617.378647919		
1502185524.32		608.063067127		597.874784132		617.640058269		
1502224443.24		608.28682724		598.058765122		617.901564691		
1502263362.16		608.510658398		598.242778725		618.163173685		
1502302281.08		608.73618325		598.425236971		618.42489143		
1502341200.0		608.964298726		598.597251233		618.686723806		
