1463461200.0		6.04416171295		3.3059018724		24.77393463		
1463515949.55		2.94877420465		2.9063246679		3.00236438035		
1463570699.1		3.15115871585		3.11393096952		3.18814344378		
1463625448.65		3.36612995087		3.32762911181		3.40460466253		
1463680198.2		3.59786846068		3.55670967528		3.63834889158		
1463734947.75		3.88370675376		3.83975421852		3.92740166071		
1463789697.3		4.15050106651		4.10353487787		4.19661906882		
1463844446.85		4.46073770246		4.4103236911		4.510095686		
1463899196.4		4.79302427955		4.7387782914		4.84549389604		
1463953945.95		5.13067874403		5.07247836279		5.18692142177		
1464008695.5		5.53003816313		5.46723256349		5.59112056081		
1464063445.05		5.81533442569		5.74875719906		5.87900411571		
1464118194.59		6.08793332607		6.01881583927		6.15447659468		
1464172944.14		6.58854169119		6.51406859669		6.66068003265		
1464227693.69		7.01084609205		6.93137973811		7.08854307468		
1464282443.24		7.42457358564		7.34009872697		7.50687486784		
1464337192.79		7.9325804863		7.84151690048		8.01890960825		
1464391942.34		8.43016266256		8.33328472041		8.52199890404		
1464446691.89		8.97622834915		8.87355892229		9.07539549321		
1464501441.44		9.56470674705		9.45508885435		9.67158210391		
1464556190.99		10.156098531		10.0400806324		10.2701777355		
1464610940.54		10.8167837218		10.6923412388		10.9368703673		
1464665690.09		11.4887922995		11.3583074408		11.6171829564		
1464720439.64		12.192651658		12.0565040024		12.3294231316		
1464775189.19		13.0085037492		12.8626760826		13.1531584708		
1464829938.74		13.769154181		13.6152373152		13.9207056837		
1464884688.29		14.6409949795		14.477232466		14.8017967739		
1464939437.84		15.5573915475		15.3837794903		15.7277544798		
1464994187.39		16.419629365		16.2367357563		16.5979561266		
1465048936.94		17.4202882201		17.2276209828		17.6094176398		
1465103686.49		18.8376443307		18.6323630444		19.041718089		
1465158436.04		20.6072585111		20.386486325		20.8289041564		
1465213185.59		22.5144066395		22.2780041719		22.7580391443		
1465267935.14		24.4666893995		24.2148034397		24.7316919856		
1465322684.68		26.7351430319		26.4644212263		27.0240017174		
1465377434.23		29.1815218444		28.8900950903		29.4975705605		
1465432183.78		31.80129873		31.4889583818		32.1462157611		
1465486933.33		34.6046880627		34.2650612968		34.9777381081		
1465541682.88		37.6045363979		37.232900588		38.0051161987		
1465596432.43		40.8033594252		40.4055230257		41.2365471135		
1465651181.98		44.2161842442		43.7805159647		44.6799144661		
1465705931.53		47.8408149414		47.3817996108		48.3460133523		
1465760681.08		51.6920151479		51.2052756492		52.2359773364		
1465815430.63		55.7651629651		55.2529397596		56.3429597823		
1465870180.18		60.0502289794		59.5082211118		60.6715837304		
1465924929.73		64.4633927495		63.8778334261		65.1250135169		
1465937519.0		65.5111101647		64.9120889647		66.1747934983		
1465937520.0		65.5111942978		64.9121730759		66.1748784702		
1465937521.0		65.5112784312		64.9122571872		66.1749634424		
1465979679.28		34.592324087		33.6455040956		35.7390160048		
1466034428.83		35.2211265766		34.3769717449		36.2186085384		
1466089178.38		36.3326625432		35.4656371674		37.3352897497		
1466143927.93		37.4715118586		36.587354762		38.4924962054		
1466198677.48		38.6286846851		37.7282612895		39.6691479809		
1466253427.03		39.8016628662		38.8911851808		40.8580619642		
1466308176.58		40.9936798039		40.066591629		42.0468594216		
1466362926.13		42.1934649144		41.2551937448		43.2626676108		
1466417675.68		43.4005318706		42.4552808257		44.4828838368		
1466472425.23		44.6323863256		43.6782405718		45.7251433315		
1466527174.77		45.8892732558		44.9166817809		47.0102938702		
1466581924.32		49.1923512985		48.1684127817		50.3737755253		
1466636673.87		52.9820965967		51.8986864892		54.2109009717		
1466691423.42		56.9788353633		55.8395009878		58.2923332743		
1466746172.97		61.2091431061		60.0130768987		62.5946178418		
1466800922.52		65.6454879115		64.3936250508		67.0946093264		
1466855672.07		70.2902369676		68.97977463		71.804667577		
1466910421.62		75.138253635		73.7944952022		76.7422618049		
1466965171.17		80.1992349365		78.8169290247		81.8640844503		
1467019920.72		85.471760855		84.0526879667		87.2211272424		
1467074670.27		90.9111407061		89.4491193704		92.7310116449		
1467129419.82		89.0628626678		87.6573091461		90.8320058914		
1467184169.37		102.287965623		100.714724582		104.289003949		
1467238918.92		108.247780304		106.636101871		110.310672417		
1467293668.47		106.929355024		105.413092761		108.893691414		
1467348418.02		120.383748521		118.721355677		122.521918276		
1467403167.57		126.63632882		124.950003711		128.822787565		
1467457917.12		132.916436261		131.173249798		135.162236422		
1467512666.67		139.22639282		137.402659756		141.503497088		
1467567416.22		145.472934333		143.607894603		147.817476104		
1467622165.77		151.746630071		149.728462287		154.10018998		
1467676915.32		157.973786136		155.882418977		160.419153939		
1467731664.86		164.107916264		161.96557655		166.645860656		
1467786414.41		170.227426476		168.057009007		172.736539506		
1467841163.96		176.174376648		174.045397797		178.685025149		
1467895913.51		181.989574567		179.75407723		184.577693484		
1467950663.06		187.811073911		185.466967402		190.371121445		
1468005412.61		193.240588919		190.745590157		195.749821855		
1468060162.16		198.614653425		195.954059003		201.066011785		
1468114911.71		203.741707701		200.979824924		206.237234084		
1468169661.26		208.752155479		205.833724496		211.203426655		
1468224410.81		213.49356687		210.457978481		215.978687488		
1468279160.36		218.020158546		214.934609701		220.549914873		
1468333909.91		222.508065218		219.281118798		225.034222474		
1468388659.46		226.680688978		223.386504319		229.254210226		
1468443409.01		230.628594259		227.239157824		233.270924776		
1468498158.56		250.942784836		247.197713749		253.789654634		
1468552908.11		254.730977363		250.808177552		257.578995265		
1468597799.0		257.657097008		253.563940803		260.561756491		
1468597800.0		257.65716221		253.564003242		260.561819335		
1468597801.0		257.657227412		253.564065681		260.56188218		
1468607657.66		165.393020605		158.384271834		179.229928928		
1468662407.21		138.004710388		133.982683315		143.223662323		
1468717156.76		144.211861823		140.436762044		148.509169952		
1468771906.31		151.013667957		147.258896764		155.118397546		
1468826655.86		157.832512582		154.147741963		161.857511649		
1468881405.41		164.607291662		161.065692294		168.659180419		
1468936154.95		171.338025659		167.931199042		175.151325696		
1468990904.5		176.197308563		172.896155359		179.820971753		
1469045654.05		182.861476673		179.678771995		186.179800216		
1469100403.6		189.56698198		186.4653029		192.661189547		
1469155153.15		196.024663534		193.003821214		198.962465123		
1469209902.7		181.999502289		179.425054174		184.466139061		
1469264652.25		187.281802311		184.760812991		189.498506489		
1469319401.8		192.23763063		189.900839204		194.331447396		
1469374151.35		197.075716438		194.9048636		199.024277196		
1469428900.9		201.686526451		199.628621766		203.604424527		
1469483650.45		206.103182411		204.158927405		207.97823275		
1469538400.0		210.399710754		208.428600858		212.234914705		
1469593149.55		205.205675867		203.285783084		206.950918889		
1469647899.1		209.041458766		207.001567295		210.701610652		
1469702648.65		212.613581917		210.455073094		214.272464033		
1469757398.2		221.108438221		218.848351225		222.792441095		
1469812147.75		224.470392		222.187003088		226.17548305		
1469866897.3		241.743858163		239.193796245		243.483295941		
1469921646.85		244.924495657		242.232364127		246.707428398		
1469976396.4		247.987629248		245.219665268		249.810218224		
1470031145.95		250.831040183		247.967676914		252.677192974		
1470085895.5		238.139504761		235.305515616		239.943044369		
1470140645.05		256.076314191		252.845651947		258.03515887		
1470195394.59		240.310276586		237.274299809		242.098524357		
1470250144.14		242.719820156		239.73140509		244.477108254		
1470304893.69		244.994468659		242.074371842		246.743598369		
1470359643.24		246.629402397		243.665448605		248.381375808		
1470414392.79		248.884562192		246.019837752		250.576308074		
1470469142.34		250.80700803		248.003929516		252.526259592		
1470523891.89		249.858508088		247.082092438		251.554792841		
1470578641.44		251.680668201		248.917942942		253.357590045		
1470633390.99		253.46262858		250.73224715		255.126009465		
1470688140.54		255.195097887		252.479437196		256.834029581		
1470742890.09		276.279985507		273.403742311		278.042802761		
1470797639.64		277.669029674		274.878709551		279.444003826		
1470852389.19		277.955241485		275.180500703		279.703473133		
1470907138.74		278.077048194		275.326843495		279.836177424		
1470961888.29		278.35720194		275.782061606		280.092930792		
1471016637.84		278.924179018		276.658462807		280.518909391		
1471071387.39		279.494324572		277.420225565		281.046088864		
1471126136.94		280.037356247		278.246516613		281.615688387		
1471180886.49		280.561381519		278.986891789		282.10384917		
1471235636.04		281.143077914		279.683867227		282.614523602		
1471290385.59		281.694326978		280.290938787		283.122485082		
1471345135.14		282.263439935		280.863153286		283.691589616		
1471399884.68		282.806522468		281.32782671		284.323234381		
1471454634.23		283.298098215		281.741350599		284.967004133		
1471509383.78		283.909932837		282.256721013		285.715994123		
1471564133.33		284.397311707		282.800095134		286.366842568		
1471618882.88		284.90335488		283.270379353		287.010551293		
1471673632.43		285.35412442		283.66946776		287.56645443		
1471728381.98		285.801839708		284.078413267		288.135464012		
1471783131.53		286.203625631		284.446171176		288.672953		
1471837881.08		286.69997839		284.857815803		289.304537812		
1471879999.0		287.175954509		285.283127042		289.817349157		
1471880000.0		287.175979055		285.283151025		289.8173764		
1471880001.0		287.1760036		285.283175008		289.817403643		
1471892630.63		287.777128758		286.033647375		290.221733297		
1471947380.18		274.024390482		272.617784884		275.581410578		
1472002129.73		261.239036792		259.866984456		262.721837898		
1472056879.28		246.647745559		244.724532173		248.257618895		
1472111628.83		240.052638776		238.008118526		241.745572289		
1472166378.38		231.363024438		229.47086943		233.059552426		
1472221127.93		206.950836157		205.297398064		208.527218997		
1472275877.48		216.049100912		214.336974432		217.66716281		
1472330627.03		209.257148763		207.5502934		210.84098784		
1472385376.58		202.964084631		201.322899407		204.510001328		
1472440126.13		197.105042412		195.513912419		198.586440165		
1472494875.68		191.622963301		190.041397755		193.070902983		
1472549625.23		186.503552658		184.998287717		187.906124778		
1472604374.77		181.706322742		180.204589363		183.068968251		
1472659124.32		177.154701081		175.715326084		178.516733653		
1472713873.87		172.893106783		171.479051117		174.225744638		
1472768623.42		168.884493728		167.412378816		170.140567688		
1472799999.0		166.652499317		165.215706498		167.929107928		
1472800000.0		166.652426688		165.215637056		167.929038356		
1472800001.0		166.652354058		165.215567615		167.928968784		
1472823372.97		164.805636537		163.465636057		166.049037583		
1472878122.52		168.168986353		166.926971838		169.379437062		
1472932872.07		174.46103563		173.265896148		175.701905395		
1472987621.62		180.764874123		179.589872408		182.001380836		
1473042371.17		186.978246055		185.80934198		188.212391158		
1473097120.72		193.345422973		192.169394313		194.585760352		
1473151870.27		199.345277384		198.178833618		200.577038203		
1473206619.82		205.360332331		204.219808603		206.571230051		
1473261369.37		211.28463682		210.133316864		212.500411206		
1473316118.92		217.027200436		215.889317527		218.335552871		
1473370868.47		222.667863222		221.521539449		224.010603613		
1473425618.02		228.106890945		226.932193926		229.467630402		
1473480367.57		233.388211325		232.193182529		234.866784427		
1473535117.12		238.582817326		237.366064477		240.097480895		
1473589866.67		243.566510213		242.37276186		245.137391801		
1473644616.22		248.429034131		247.216151227		250.021487696		
1473699365.77		253.136413788		251.930341167		254.813125211		
1473754115.32		257.670882271		256.480596033		259.426656332		
1473808864.86		262.443275427		261.208470608		264.171339777		
1473863614.41		266.944990144		265.712617209		268.452927932		
1473918363.96		270.696680194		269.449781988		272.041547904		
1473973113.51		274.642882042		273.391885695		276.101409251		
1474027863.06		278.489521388		277.209588914		279.951108689		
1474082612.61		273.355350629		272.095333385		274.820134731		
1474137362.16		276.79438061		275.53625977		278.256296261		
1474192111.71		280.135102561		278.865884864		281.588336437		
1474246861.26		283.318496801		282.014835552		284.80507631		
1474301610.81		286.361485006		285.037901417		287.836531248		
1474356360.36		289.316389789		287.946011278		290.770016491		
1474411109.91		290.11382201		288.734736044		291.566399396		
1474465859.46		292.896113263		291.52230964		294.410515358		
1474520609.01		294.380635231		292.997826623		295.911395391		
1474575358.56		297.47733676		296.084438656		299.043711393		
1474630108.11		300.489502089		299.075561699		302.057528291		
1474684857.66		298.59044687		297.161195863		300.143037736		
1474739607.21		301.006945135		299.578121575		302.615028223		
1474794356.76		303.306904091		301.860353388		304.936582533		
1474849106.31		305.473046683		304.025294365		307.139543672		
1474903855.86		312.351918334		310.875431843		314.054735444		
1474958605.41		309.509511995		308.044331272		311.203494346		
1475013354.95		311.412123735		309.965130676		313.12423125		
1475068104.5		313.240753723		311.779020037		314.956434544		
1475122854.05		315.24951431		313.785320266		317.003677372		
1475177603.6		332.497828223		330.946376616		334.34127509		
1475179999.0		317.007693938		315.546865165		318.750787397		
1475180000.0		317.007406449		315.546600727		318.75049354		
1475180001.0		317.00711896		315.546336289		318.750199683		
1475232353.15		301.608783348		300.516025619		302.943131616		
1475287102.7		276.76315886		275.873383534		277.977212125		
1475341852.25		272.472051203		271.53109401		273.479928216		
1475396601.8		266.32811982		265.08391973		267.566272723		
1475451351.35		262.78590527		261.278909725		264.187509722		
1475506100.9		259.457411886		257.623802042		261.096180545		
1475560850.45		253.45616366		251.247139615		255.18473334		
1475615600.0		249.98103304		247.532123309		251.827812746		
1475670349.55		249.491348092		246.776998786		251.529205597		
1475679999.0		249.01306721		246.270727891		251.070749408		
1475680000.0		249.013242834		246.270904353		251.07092366		
1475680001.0		249.013418458		246.271080815		251.071097912		
1475725099.1		256.938211283		254.229503525		258.964246525		
1475779848.65		266.195065914		263.693839317		268.214158593		
1475834598.2		275.429924467		273.006647966		277.394405935		
1475889347.75		283.969609204		281.636748187		285.911465908		
1475944097.3		291.607015932		289.463518459		293.519378946		
1475998846.85		299.146407166		297.143343835		300.992979949		
1476053596.4		306.313137915		304.486427408		308.073492606		
1476108345.95		313.258906184		311.556100413		314.948675382		
1476163095.5		319.931030788		318.390606985		321.544339319		
1476217845.05		326.397288076		324.89422503		327.925509692		
1476272594.59		332.534982598		331.090919946		334.059362217		
1476327344.14		338.020071751		336.64399682		339.481568449		
1476382093.69		342.651487108		341.330997815		344.142846904		
1476436843.24		347.632346458		346.329770521		349.064607719		
1476491592.79		352.370992837		351.075683386		353.853342037		
1476546342.34		357.351760433		356.123062233		358.901872937		
1476601091.89		362.075997185		360.903154761		363.644814348		
1476655841.44		366.590685025		365.44195553		368.192690487		
1476710590.99		370.847172551		369.714439411		372.438986296		
1476765340.54		374.891348357		373.76649558		376.480321425		
1476820090.09		378.68327137		377.565527027		380.298038187		
1476874839.64		382.349424829		381.223547842		383.964060588		
1476929589.19		385.787309964		384.626485294		387.397793045		
1476984338.74		388.873497755		387.701452302		390.458635588		
1477039088.29		391.389175515		390.194877641		392.972363546		
1477093837.84		393.730518505		392.575702406		395.357886127		
1477148587.39		395.998162734		394.825222284		397.64305616		
1477203336.94		398.178396572		396.990184246		399.83958087		
1477258086.49		400.256336115		399.012443546		401.916010518		
1477312836.04		402.215023071		400.985763892		403.904830803		
1477367585.59		404.072716765		402.809909669		405.806279571		
1477422335.14		405.863787776		404.609613384		407.609230391		
1477477084.68		407.583827778		406.302657594		409.342354003		
1477531834.23		409.22070563		407.942210337		411.027810598		
1477586583.78		410.651275311		409.350686511		412.47415092		
1477641333.33		412.287738679		410.97684617		414.123940376		
1477696082.88		413.698512036		412.38383631		415.571086597		
1477750832.43		415.082755149		413.766128485		417.01111525		
1477805581.98		416.462510899		415.129891013		418.398405092		
1477860331.53		417.776724673		416.427460322		419.711256428		
1477915081.08		419.038082981		417.652647793		420.986884917		
1477969830.63		420.266306379		418.872543669		422.222143658		
1478024580.18		421.470254989		420.039034186		423.430435881		
1478079329.73		422.642056543		421.169041529		424.589971743		
1478134079.28		423.777034286		422.285547925		425.747973925		
1478188828.83		424.901644789		423.418205055		426.874174874		
1478243578.38		425.987936205		424.485429714		427.949626938		
1478298327.93		427.077052485		425.577107899		429.022934205		
1478353077.48		428.122212517		426.608184555		430.07936207		
1478407827.03		429.168246789		427.644038742		431.121245738		
1478462576.58		430.190179958		428.642367214		432.109208254		
1478517326.13		431.192144657		429.627487504		433.158265664		
1478572075.68		432.189868252		430.617184309		434.154977524		
1478626825.23		433.173494702		431.590812311		435.135000546		
1478681574.77		434.142002517		432.557221541		436.143949113		
1478736324.32		435.093686001		433.508405224		437.101942779		
1478791073.87		436.041492167		434.45823274		438.042422128		
1478845823.42		436.974273378		435.405722183		439.003990415		
1478900572.97		437.923554983		436.346122123		439.974218905		
1478955322.52		438.863033087		437.2825332		440.914763785		
1479010072.07		439.795863292		438.204302921		441.828936109		
1479064821.62		440.71325778		439.123048662		442.759714486		
1479119571.17		441.625636743		440.029726412		443.684486773		
1479174320.72		442.539719617		440.945785706		444.588300188		
1479229070.27		443.448240543		441.857234474		445.49130374		
1479283819.82		444.321721974		442.756573412		446.374118422		
1479338569.37		445.232897097		443.662592477		447.263031524		
1479393318.92		446.131805823		444.572128183		448.155182344		
1479448068.47		447.031628903		445.474583786		449.048206483		
1479502818.02		447.947195446		446.381852618		449.967798096		
1479557567.57		448.839618663		447.260568813		450.862248125		
1479612317.12		449.744433267		448.162544224		451.754980156		
1479667066.67		450.622675648		449.043973243		452.630145816		
1479721816.22		451.507580118		449.921064335		453.506585415		
1479772378.0		439.627670385		438.092773435		441.56811806		
1479772379.0		439.627689382		438.092792748		441.568137145		
1479772380.0		439.627708379		438.09281206		441.56815623		
1479776565.77		410.572306962		406.321759237		415.904496022		
1479831315.32		360.420791721		355.565307805		365.604626678		
1479886064.86		376.347135814		371.661829256		381.668138491		
1479940814.41		382.230091925		377.79891193		387.263229095		
1479995563.96		387.854686422		383.739401014		392.624959621		
1480050313.51		393.297057919		389.328707539		397.710984062		
1480105063.06		398.38670115		394.750610458		402.515076053		
1480159812.61		403.308892603		399.878517792		407.202007881		
1480214562.16		407.970393409		404.750153744		411.628531294		
1480269311.71		412.430437082		409.381262125		415.827685829		
1480324061.26		416.678357538		413.802833938		419.863319593		
1480344348.0		417.832916141		415.005486239		420.920749465		
1480344349.0		417.832852219		415.005447845		420.920691924		
1480344350.0		417.832788297		415.00540945		420.920634384		
1480378810.81		415.950773785		413.355963415		418.721919084		
1480433560.36		412.990002098		410.805096368		415.340495731		
1480488309.91		410.267957008		408.301707955		412.581010287		
1480543059.46		407.918455263		405.890303441		410.17074654		
1480597809.01		405.798650903		403.623643021		408.312123299		
1480652558.56		403.770727966		401.392157248		406.532908482		
1480707308.11		401.964965993		399.274813906		405.103778694		
1480762057.66		400.464772647		397.47899224		403.841458006		
1480816807.21		399.028913034		395.785006413		402.724772631		
1480871556.76		397.754881557		394.254298898		401.732468206		
1480926306.31		396.832386478		393.100552428		401.101560672		
1480926699.0		396.873137184		393.142815724		401.141150696		
1480926700.0		396.873240967		393.14292336		401.141251522		
1480926701.0		396.87334475		393.143030996		401.141352349		
1480981055.86		402.53535751		399.017431928		406.573732802		
1481035805.41		407.978007249		404.733139117		411.805492637		
1481090554.95		413.227891809		410.105406025		416.788636859		
1481145304.5		418.27424427		415.277929617		421.601829786		
1481200054.05		423.038508213		420.279254957		426.173991806		
1481254803.6		427.571904656		424.963268679		430.545857502		
1481309553.15		431.772249535		429.325211437		434.555624986		
1481364302.7		435.796445266		433.455373044		438.406896347		
1481419052.25		439.584958043		437.320830966		441.97756319		
1481473801.8		443.282073303		441.074191207		445.542063994		
1481528551.35		446.72813458		444.620478638		448.886902241		
1481583300.9		449.817144738		447.778547815		451.843564182		
1481638050.45		452.392384245		450.469538009		454.340622814		
1481692800.0		454.852180874		452.976421642		456.765697353		
1481747549.55		457.301187434		455.414385769		459.136150388		
1481802299.1		459.701605178		457.797498335		461.495248721		
1481857048.65		461.922824857		459.906366348		463.668030171		
1481911798.2		464.086735282		462.070745229		465.824884606		
1481966547.75		466.154139792		464.055050681		467.857990273		
1482021297.3		468.103857968		465.861747046		469.804640392		
1482076046.85		470.013221931		467.710079857		471.693290891		
1482130796.4		471.881937518		469.547969131		473.541024616		
1482168544.0		472.377347128		470.053300527		474.018105855		
1482168545.0		472.37697067		470.052951725		474.017671697		
1482168546.0		472.376594213		470.052602924		474.01723754		
1482185545.95		466.339558463		464.570351362		467.84588006		
1482240295.5		448.14919543		445.859913809		450.52119874		
1482295045.05		432.143895897		428.287905025		436.282223404		
1482349794.59		417.727039778		412.543870338		423.532940248		
1482359159.0		415.952805489		410.625406756		421.9708879		
1482359160.0		415.952901652		410.625502859		421.970981308		
1482359161.0		415.952997816		410.625598961		421.971074716		
1482404544.14		420.655476189		415.544329852		426.383392526		
1482459293.69		426.256469338		421.453497389		431.656465611		
1482514043.24		431.593488502		427.084828734		436.687958493		
1482568792.79		436.713814524		432.412956429		441.36173757		
1482623542.34		441.59751295		437.402637394		445.782149707		
1482678291.89		446.102943979		442.205726599		449.941121382		
1482733041.44		450.370874299		446.702161651		453.95136707		
1482787790.99		454.353236086		451.014862371		457.639871183		
1482842540.54		458.189759267		455.089021336		461.069482218		
1482897290.09		461.77961853		458.865651299		464.459098248		
1482952039.64		462.70361433		460.021204395		465.294472498		
1483006789.19		466.140866932		463.574149489		468.57923227		
1483061538.74		469.471293106		466.93097817		471.829426547		
1483116288.29		472.640776889		470.124913546		474.935193528		
1483171037.84		475.578120853		473.007234267		477.887612921		
1483225787.39		478.407322325		475.769413515		480.550689413		
1483280536.94		481.153070115		478.503429482		483.21016251		
1483335286.49		483.719690562		481.052076906		485.824049848		
1483390036.04		486.196705841		483.457908458		488.248954714		
1483444785.59		488.54239424		485.75137939		490.542350359		
1483499535.14		490.731955985		487.894804163		492.68540821		
1483554284.68		492.836443698		490.120939229		494.796055827		
1483609034.23		494.930368732		492.180476334		496.838412495		
1483663783.78		496.871819064		494.169330059		498.757595489		
1483718533.33		498.761589849		496.079913908		500.713506471		
1483773282.88		500.661819796		497.874614266		502.592620667		
1483828032.43		502.471737706		499.607409358		504.415333464		
1483882781.98		504.226036361		501.356266322		506.164202325		
1483937531.53		505.861132216		503.049942304		507.90001497		
1483992281.08		507.527336965		504.676033737		509.604902864		
1484047030.63		509.238648831		506.272005857		511.329995006		
1484101780.18		510.760890963		507.709266723		512.894712671		
1484156529.73		512.231511697		509.122531634		514.408088247		
1484211279.28		513.669138196		510.471022297		515.861898909		
1484266028.83		515.052729005		511.817623392		517.276378497		
1484320778.38		516.317214127		513.028134267		518.604813001		
1484375527.93		517.559489492		514.198341828		519.867121466		
1484430277.48		518.833004187		515.458919879		521.20624584		
1484485027.03		520.150362434		516.714718706		522.58895894		
1484539776.58		521.376256661		517.845291408		523.833199807		
1484594526.13		522.543952132		518.942170179		525.03875816		
1484649275.68		523.685824361		520.037093394		526.228663477		
1484704025.23		524.913468838		521.218273742		527.495532152		
1484758774.77		526.057640636		522.304370678		528.670811983		
1484813524.32		417.467757324		414.442206437		419.574523508		
1484868273.87		418.362760206		415.308905316		420.510352001		
1484923023.42		419.297696675		416.197352508		421.457550332		
1484977772.97		502.023138057		498.255761907		504.653478063		
1485032522.52		503.193187617		499.347316212		505.858919431		
1485087272.07		504.257698245		500.349521249		506.966806051		
1485142021.62		505.344682297		501.393155963		508.098873732		
1485196771.17		506.393101494		502.374459626		509.177954643		
1485251520.72		492.316550893		488.376100819		495.048595862		
1485306270.27		475.054199134		471.23907272		477.760715052		
1485361019.82		476.692629481		472.81703573		479.448397232		
1485415769.37		479.425371491		475.481977772		482.215943101		
1485470518.92		403.558627738		400.205161132		405.913555233		
1485525268.47		405.822529602		402.418201113		408.218387871		
1485580018.02		407.982733004		404.53663763		410.431523253		
1485634767.57		410.033465303		406.540651716		412.53109484		
1485689517.12		412.060550387		408.497453902		414.581510981		
1485744266.67		413.994368668		410.381833996		416.545196493		
1485799016.22		415.853737092		412.19466233		418.445031708		
1485853765.77		479.736013135		475.46674605		482.733904028		
1485908515.32		481.66920481		477.342645316		484.737358137		
1485951099.0		483.1590064		478.781574683		486.253973053		
1485951100.0		483.159040741		478.781608424		486.254008138		
1485951101.0		483.159075082		478.781642164		486.254043223		
1485963264.86		460.113346037		455.124905419		464.176935564		
1486018014.41		449.443071748		442.913653702		458.840988527		
1486072763.96		463.037255344		456.91721197		471.341470588		
1486127513.51		466.862752749		461.075119853		473.776355627		
1486182263.06		470.313944498		465.009846213		475.907840943		
1486237012.61		473.72986701		468.745924627		478.191735544		
1486291762.16		476.69258338		472.29739193		481.014375355		
1486346511.71		479.241349415		475.667974475		483.814516424		
1486401261.26		481.801015741		478.380803198		486.333391567		
1486456010.81		484.767692797		480.690068217		489.047655319		
1486510760.36		487.636394181		482.923756632		491.66716103		
1486565509.91		490.391313951		485.703934088		494.165322562		
1486620259.46		492.944455975		488.445672363		496.526028144		
1486675009.01		495.429589333		491.083245257		498.8101005		
1486729758.56		497.715709691		493.489948387		500.969639107		
1486784508.11		499.859325836		496.031872513		503.034927278		
1486839257.66		501.987879665		498.183018294		505.086565338		
1486894007.21		504.161438532		500.312037515		507.223849249		
1486948756.76		506.302992549		502.444175548		509.393180527		
1487003506.31		508.302228983		504.45900975		511.365115562		
1487058255.86		510.170105539		506.299361298		513.236000851		
1487113005.41		511.980120471		508.026093576		515.240048086		
1487167754.95		513.764407369		509.763379269		517.050449877		
1487222504.5		515.628289483		511.570665909		518.883429647		
1487277254.05		518.280056517		514.119853104		521.492067744		
1487332003.6		519.894440428		515.568098581		522.999742328		
1487386753.15		521.479070949		517.052212264		524.511324127		
1487441502.7		522.897070967		518.414418785		525.829883264		
1487496252.25		524.422862636		519.795792816		527.230709249		
1487551001.8		525.80895447		521.164912088		528.603382283		
1487605751.35		527.153018888		522.56258651		529.9391149		
1487660500.9		528.477235376		523.964947335		531.231556358		
1487715250.45		529.706634534		525.3625453		532.475614622		
1487770000.0		530.948931558		526.609437655		533.616017716		
1487824749.55		532.107731104		527.875848629		534.799422		
1487879499.1		533.191456596		529.07504311		535.858710573		
1487934248.65		534.181696233		530.172472112		536.902380449		
1487988998.2		535.114425501		531.102972691		537.758038291		
1488043747.75		535.989818628		531.945834486		538.64101703		
1488098497.3		536.814569574		532.878868619		539.469439724		
1488153246.85		537.585644549		533.602488842		540.311523163		
1488207996.4		538.375305206		534.403299114		541.104134839		
1488262745.95		539.180077157		535.088169622		541.952686415		
1488317495.5		539.935835891		535.627662074		542.677752023		
1488372245.05		540.549173131		536.22512996		543.355518683		
1488426994.59		541.336609854		536.871826593		544.100810551		
1488481744.14		542.03611517		537.436603077		544.881735288		
1488536493.69		542.678323017		537.998732831		545.462837692		
1488591243.24		543.257669296		538.557900979		546.101120943		
1488645992.79		543.807125603		539.110146937		546.653874786		
1488700742.34		544.193115617		539.497045431		547.04033909		
1488755491.89		544.248685425		539.548083205		547.114104021		
1488810241.44		543.561213313		538.889489368		546.468201547		
1488864990.99		544.325806874		539.718159196		547.262730663		
1488919740.54		545.027057091		540.403697968		547.925848393		
1488974490.09		545.747532002		541.142327423		548.618007247		
1489029239.64		546.459286525		541.90993129		549.364666176		
1489083989.19		547.846662382		543.337230371		550.77330738		
1489138738.74		548.705137858		544.187419759		551.608255403		
1489193488.29		549.201316546		544.726334005		552.091692737		
1489248237.84		549.787073041		545.288404443		552.654893629		
1489302987.39		550.352695453		545.944036435		553.222551251		
1489357736.94		550.846982098		546.42894038		553.706944121		
1489412486.49		551.213145966		546.790213065		554.059350066		
1489467236.04		551.612529168		547.187996975		554.417552851		
1489521985.59		551.933964066		547.65683745		554.714631525		
1489576735.14		552.287472035		548.118612215		555.059808615		
1489631484.68		552.675885922		548.566568569		555.413903963		
1489686234.23		553.0170297		548.994949276		555.69165147		
1489740983.78		553.305381221		549.364181469		555.89006141		
1489795733.33		553.643091015		549.77095685		556.191540187		
1489850482.88		553.907231043		550.100056598		556.411638943		
1489905232.43		554.03759707		550.289388181		556.572220905		
1489959981.98		554.233213178		550.641377589		556.793942027		
1490014731.53		554.494066524		550.941950709		557.037018316		
1490069481.08		554.666985051		551.202221769		557.221286652		
1490124230.63		554.933679686		551.463968114		557.46502705		
1490178980.18		555.097621575		551.669895387		557.619186894		
1490233729.73		555.296067918		551.884264112		557.806050834		
1490288479.28		555.59917399		552.176642058		558.066478165		
1490343228.83		555.811441367		552.437309523		558.279608027		
1490397978.38		555.997786358		552.690670761		558.511662133		
1490452727.93		556.215657553		552.968096812		558.694619557		
1490507477.48		556.414170082		553.141440459		558.868716254		
1490562227.03		556.633586296		553.352834504		559.019066843		
1490616976.58		556.786902793		553.591786993		559.198418641		
1490671726.13		557.126553612		554.105277745		559.477519984		
1490726475.68		557.421926223		554.751868066		559.752781979		
1490781225.23		557.682064562		555.284268976		559.966895727		
1490835974.77		558.158672613		555.955104099		560.383160158		
1490890724.32		558.477959259		556.449539002		560.647836851		
1490945473.87		558.828044555		556.946079207		560.904191897		
1491000223.42		559.337628311		557.509623145		561.329535604		
1491054972.97		559.965628605		558.005496161		561.920507304		
1491109722.52		560.482127923		558.434314124		562.52953208		
1491164472.07		560.805257629		558.66005532		562.918172257		
1491219221.62		561.040695523		558.875042759		563.381387559		
1491273971.17		561.30354038		559.160203814		563.793092489		
1491328720.72		561.620910227		559.478518754		564.222872226		
1491383470.27		561.943067704		559.761247452		564.517319763		
1491438219.82		562.219131784		559.948881862		564.828924991		
1491492969.37		560.77392092		558.476517302		563.353906393		
1491547718.92		561.001572154		558.696220847		563.588063256		
1491602468.47		561.396744347		559.051704841		564.090506966		
1491657218.02		561.771747159		559.3983299		564.492592979		
1491711967.57		562.075999835		559.674624331		564.89070751		
1491766717.12		562.317159336		559.916400692		565.259655325		
1491821466.67		562.715249884		560.288898373		565.70681271		
1491876216.22		563.040839776		560.627627273		566.078016727		
1491930965.77		563.269186264		560.86778735		566.350662487		
1491985715.32		563.520399361		561.038957635		566.640083383		
1492040464.86		563.766626354		561.262500697		566.950872077		
1492095214.41		564.377974938		561.828374705		567.619313024		
1492149963.96		565.546314727		562.974865755		568.878569545		
1492204713.51		565.710580181		563.086122448		569.145134082		
1492259463.06		565.821593555		563.180928516		569.346448724		
1492314212.61		566.067825036		563.393169136		569.669091418		
1492368962.16		566.274195843		563.541641438		569.912561193		
1492423711.71		566.401487916		563.596449503		570.148982596		
1492478461.26		566.639537157		563.790886264		570.438372619		
1492533210.81		566.713866443		563.872427324		570.583024264		
1492587960.36		567.014114118		564.114448694		570.913937362		
1492642709.91		567.31773253		564.348384698		571.386377489		
1492697459.46		567.628625159		564.596098928		571.87133485		
1492752209.01		568.009006592		564.911078348		572.411532085		
1492806958.56		568.281116463		565.131586324		572.771337396		
1492861708.11		568.519395135		565.291328663		573.138773683		
1492916457.66		568.763380072		565.422409221		573.417428206		
1492971207.21		569.063143102		565.600803254		573.797224757		
1493025956.76		569.148212819		565.598718558		573.966462553		
1493080706.31		569.33161392		565.696062457		574.263487139		
1493135455.86		569.53277725		565.839476782		574.560870115		
1493190205.41		569.73856522		565.973544701		574.829361412		
1493244954.95		569.962719561		566.125176581		575.111787878		
1493299704.5		570.013771318		566.117058244		575.231681799		
1493354454.05		570.055167218		566.084593358		575.330607081		
1493409203.6		570.135218388		566.081266542		575.455891219		
1493463953.15		570.289555339		566.170549232		575.727339405		
1493518702.7		570.45234719		566.232742853		575.931584612		
1493573452.25		570.631436384		566.380738677		576.21671112		
1493628201.8		570.822308792		566.51993884		576.557752857		
1493682951.35		571.198578878		566.808944533		577.045071003		
1493737700.9		571.591822802		567.096297082		577.483336911		
1493792450.45		571.943447521		567.359420068		577.93950919		
1493847200.0		572.250687388		567.601294675		578.421979405		
1493901949.55		572.554949717		567.805604478		578.883958363		
1493956699.1		572.879087805		567.988260439		579.301575213		
1494011448.65		573.108295342		568.142401656		579.675785376		
1494066198.2		573.409942481		568.392531338		580.119766874		
1494120947.75		573.715419144		568.624418775		580.516546237		
1494175697.3		574.078277588		568.902511123		580.965004761		
1494230446.85		574.412266887		569.151310112		581.378718045		
1494285196.4		574.710872124		569.352396155		581.750940946		
1494339945.95		574.93367002		569.473540004		582.050396559		
1494394695.5		575.156051069		569.587498251		582.395721335		
1494449445.05		575.397795329		569.733888097		582.749947774		
1494504194.59		575.622600171		569.893635315		583.112485977		
1494558944.14		575.861804677		570.041656093		583.482790397		
1494613693.69		576.071857867		570.216940149		583.860347976		
1494668443.24		576.317859397		570.377878731		584.244688103		
1494723192.79		576.607281485		570.549880324		584.635374618		
1494777942.34		576.880383724		570.706788634		585.028462		
1494832691.89		570.600749339		564.350935953		578.785716139		
1494887441.44		530.822494357		525.011367473		538.753165971		
1494942190.99		496.307293519		490.763488012		503.850780978		
1494996940.54		465.934728631		460.66116988		473.08210922		
1495051690.09		439.1393944		434.106460329		445.999910358		
1495106439.64		415.289886543		410.444724021		421.734948405		
1495161189.19		393.907328879		389.203065725		400.03732604		
1495215938.74		374.631964569		370.116782473		380.561934049		
1495270688.29		357.130005477		352.803201951		362.909899354		
1495325437.84		341.225583698		337.068639302		346.840568771		
1495380187.39		326.668662288		322.630433234		332.144972061		
1495434936.94		317.583382793		313.580858535		322.988721561		
1495489686.49		346.364996565		342.047565105		352.126176462		
1495544436.04		376.361519009		371.622792994		382.667127638		
1495599185.59		407.387632584		402.15719133		414.18855204		
1495653935.14		439.110696306		433.531155103		446.466223357		
1495708684.68		471.416067012		465.269565617		479.383272319		
1495763434.23		503.889022704		497.267919652		512.514395228		
1495818183.78		536.464763579		529.180858583		545.680973403		
1495872933.33		568.694746443		560.77160853		578.587434183		
1495927682.88		600.340431926		591.815642207		611.074832875		
1495982432.43		631.198676026		622.06748242		642.638770912		
1496037181.98		661.048377121		651.289224758		673.312413395		
1496091931.53		689.740794186		679.396992998		702.698203762		
1496146681.08		717.106574759		706.20413343		730.694137003		
1496201430.63		743.026090325		731.487489224		757.224955142		
1496256180.18		767.432586298		755.27336211		782.223787703		
1496310929.73		790.274960688		777.527203077		805.629638846		
1496365679.28		811.479966181		798.184732933		827.383556681		
1496420428.83		831.107965712		817.340147875		847.541144926		
1496475178.38		849.159385636		834.995739497		866.153051351		
1496529927.93		865.701660456		851.076817514		883.365421497		
1496584677.48		880.871475553		865.764411643		899.078953106		
1496639427.03		894.674069891		879.414001981		913.396632195		
1496694176.58		907.287496233		891.68234103		926.180222825		
1496748926.13		918.745379501		902.609323038		938.050735162		
1496803675.68		929.046685043		912.479374462		948.866477568		
1496858425.23		938.322168343		921.342627811		959.321863079		
1496913174.77		946.670753355		929.335607553		968.144628899		
1496967924.32		954.186478928		936.526383471		976.074526956		
1497022673.87		960.961193781		943.052507482		983.238403514		
1497077423.42		967.0529379		948.872746567		989.711249501		
1497132172.97		972.55104576		954.091207245		995.562603156		
1497186922.52		977.501650448		958.720605061		1000.85648397		
1497241672.07		981.962881201		962.870158137		1005.65177351		
1497296421.62		986.001336994		966.594701278		1009.99255096		
1497351171.17		989.662484987		969.964526089		1013.93829752		
1497405920.72		992.91899902		972.994684361		1017.52997983		
1497460670.27		995.866811117		975.799572146		1020.80760777		
1497515419.82		998.511351899		978.166088179		1023.80981393		
1497570169.37		1000.93217075		980.296859044		1026.5682981		
1497624918.92		1003.15326448		982.221143732		1029.11135495		
1497679668.47		1005.18501068		984.010101382		1031.46408895		
1497734418.02		1007.03428174		985.687164666		1033.64898319		
1497789167.57		1008.71268628		987.222651158		1035.68599798		
1497843917.12		1010.2985948		988.629576514		1037.59277141		
1497898666.67		1011.77880848		989.888941148		1039.38492451		
1497953416.22		1013.16165621		991.032873519		1041.04466696		
1498008165.77		1014.4217853		992.097339263		1042.58761635		
1498062915.32		1015.58952364		993.084740142		1044.03818127		
1498117664.86		1016.68856129		994.010599919		1045.4181211		
1498172414.41		1017.73346175		994.876949674		1046.73172221		
1498227163.96		1018.74443487		995.690796565		1047.98339627		
1498281913.51		1019.70885209		996.458534596		1049.18510082		
1498336663.06		1020.63240077		997.185750809		1050.31852578		
1498391412.61		1021.52009108		997.890882209		1051.41482483		
1498446162.16		1022.3763296		998.592767469		1052.47859337		
1498500911.71		1023.21680348		999.266643867		1053.51387429		
1498555661.26		1024.00632863		999.915948306		1054.5242626		
1498610410.81		1024.77441641		1000.54368694		1055.51290319		
1498665160.36		1025.52373932		1001.15250649		1056.48256548		
1498719909.91		1026.22400513		1001.71847326		1057.4889782		
1498774659.46		1026.90785192		1002.25663835		1058.53655987		
1498829409.01		1027.57890765		1002.78227483		1059.57241123		
1498884158.56		1028.23879187		1003.29694381		1060.59815614		
1498938908.11		1028.88892955		1003.80201806		1061.5561277		
1498993657.66		1029.54519185		1004.29870039		1062.5036233		
1499048407.21		1030.19882946		1004.78805503		1063.44438228		
1499103156.76		1030.86872651		1005.27101789		1064.37939996		
1499157906.31		1031.54242128		1005.74840902		1065.3095493		
1499212655.86		1032.21137358		1006.22094936		1066.23559852		
1499267405.41		1032.87624546		1006.68926969		1067.15822051		
1499322154.95		1033.53762548		1007.15406336		1068.07801362		
1499376904.5		1034.19602932		1007.61723861		1068.99550229		
1499431654.05		1034.86513661		1008.07765503		1069.9111474		
1499486403.6		1035.5377155		1008.53794504		1070.82535469		
1499541153.15		1036.20859175		1008.99963037		1071.73847933		
1499595902.7		1036.87807391		1009.45959383		1072.65083852		
1499650652.25		1037.54643117		1009.91809223		1073.56270926		
1499705401.8		1038.21390047		1010.37535131		1074.46926068		
1499760151.35		1038.88069008		1010.83156929		1075.38836321		
1499814900.9		1039.54698298		1011.2869201		1076.32548686		
1499869650.45		1040.21294181		1011.74155812		1077.26303951		
1499924400.0		1040.87870879		1012.19561814		1078.20116708		
1499979149.55		1041.54440917		1012.64921869		1079.13999833		
1500033899.1		1042.21015302		1013.10246376		1080.07964675		
1500088648.65		1042.87603752		1013.56622597		1081.0202128		
1500143398.2		1043.54214873		1014.04666243		1081.96178574		
1500198147.75		1044.19171345		1014.52704512		1082.90558951		
1500252897.3		1044.83562229		1014.95628108		1083.86046653		
1500307646.85		1045.4798938		1015.37534776		1084.8165765		
1500362396.4		1046.12458063		1015.79441399		1085.77397685		
1500417145.95		1046.78829023		1016.22181933		1086.73271866		
1500471895.5		1047.45758299		1016.63947647		1087.69284727		
1500526645.05		1048.12748009		1017.05723015		1088.65440314		
1500581394.59		1048.79801287		1017.4751101		1089.61742223		
1500636144.14		1049.46920933		1017.89314275		1090.58193705		
1500690893.69		1050.1410942		1018.31135131		1091.54797663		
1500745643.24		1050.81446756		1018.72975621		1092.51556704		
1500800392.79		1051.49478901		1019.14837544		1093.48473176		
1500855142.34		1052.16595937		1019.5672248		1094.45340042		
1500909891.89		1052.83211218		1019.98631841		1095.42326206		
1500964641.44		1053.48023523		1020.40566863		1096.39474594		
1501019390.99		1054.13359139		1020.82528639		1097.36786811		
1501074140.54		1054.79209232		1021.24938391		1098.34264325		
1501128890.09		1055.45422465		1021.67488246		1099.31908484		
1501183639.64		1056.11713624		1022.11819054		1100.29720536		
1501238389.19		1056.78083488		1022.56543638		1101.27701634		
1501293138.74		1057.44532766		1023.01303295		1102.25852848		
1501347888.29		1058.11062095		1023.446992		1103.24175177		
1501402637.84		1058.77672058		1023.87348412		1104.22607347		
1501457387.39		1059.44363188		1024.30030384		1105.20913326		
1501512136.94		1060.11135971		1024.72745496		1106.19391868		
1501566886.49		1060.77990854		1025.15494084		1107.18043757		
1501621636.04		1061.4492825		1025.5827645		1108.16869741		
1501676385.59		1062.11948541		1026.01092866		1109.15870536		
1501731135.14		1062.79052083		1026.43943577		1110.15046832		
1501785884.68		1063.46239209		1026.86828802		1111.14399293		
1501840634.23		1064.13510231		1027.2974874		1112.13928563		
1501895383.78		1064.80865443		1027.72703572		1113.13635266		
1501950133.33		1065.48305124		1028.15693462		1114.13520013		
1502004882.88		1066.1582954		1028.5871856		1115.135834		
1502059632.43		1066.83540987		1029.01889581		1116.13826009		
1502114381.98		1067.51663823		1029.45308051		1117.14248416		
1502169131.53		1068.18278475		1029.88762665		1118.14851184		
1502223881.08		1068.84975899		1030.3225353		1119.1563487		
1502278630.63		1069.51756308		1030.75780748		1120.16600027		
1502333380.18		1070.18619909		1031.19344412		1121.17747199		
1502388129.73		1070.855669		1031.62944613		1122.19927129		
1502442879.28		1071.52597478		1032.06581432		1123.2231267		
1502497628.83		1072.19711833		1032.5025495		1124.24884934		
1502552378.38		1072.869313		1032.93965243		1125.27644468		
1502607127.93		1073.54620212		1033.3790319		1126.30591813		
1502661877.48		1074.22394507		1033.83040003		1127.33727511		
1502716627.03		1074.91811151		1034.29070681		1128.37052101		
1502771376.58		1075.61541798		1034.75417001		1129.40566123		
1502826126.13		1076.31362859		1035.21804775		1130.44270115		
1502880875.68		1077.01274523		1035.68234073		1131.48164618		
1502935625.23		1077.71830251		1036.14704962		1132.52250168		
1502990374.77		1078.4315878		1036.61217507		1133.56527307		
1503045124.32		1079.14581739		1037.07771772		1134.60592873		
1503099873.87		1079.86099322		1037.54367822		1135.62451919		
1503154623.42		1080.55805785		1038.0100572		1136.64493983		
1503209372.97		1081.25337752		1038.47685526		1137.66719565		
1503264122.52		1081.94959255		1038.94407304		1138.69129168		
1503318872.07		1082.64670471		1039.41171114		1139.71723294		
1503373621.62		1083.34587617		1039.87977016		1140.74502447		
1503428371.17		1084.05415603		1040.34825072		1141.77467134		
1503483120.72		1084.76336242		1040.81715341		1142.80617861		
1503537870.27		1085.47349717		1041.28647883		1143.83955135		
1503592619.82		1086.18456213		1041.75622758		1144.87479467		
1503647369.37		1086.89655917		1042.22640024		1145.91191368		
1503702118.92		1087.60373977		1042.69699741		1146.9509135		
1503756868.47		1088.30090877		1043.16801968		1147.99179927		
1503811618.02		1088.99897231		1043.63946765		1149.03457616		
1503866367.57		1089.69793211		1044.1113419		1150.07924933		
1503921117.12		1090.39778992		1044.5775427		1151.12582398		
1503975866.67		1091.09854749		1045.03175843		1152.17430532		
1504030616.22		1091.80020655		1045.48636929		1153.22469858		
1504085365.77		1092.50276887		1045.94137582		1154.27700899		
1504140115.32		1093.20623619		1046.39677854		1155.33124183		
1504194864.86		1093.91061027		1046.85257797		1156.38740237		
1504249614.41		1094.61589287		1047.30877464		1157.44549591		
1504304363.96		1095.32208576		1047.76536906		1158.50552777		
1504359113.51		1096.0291907		1048.22236177		1159.56750329		
1504413863.06		1096.73720946		1048.67975329		1160.63142783		
1504468612.61		1097.44614383		1049.13754415		1161.69730675		
1504523362.16		1098.15599558		1049.59573486		1162.76514545		
1504578111.71		1098.86676651		1050.05432597		1163.83494935		
1504632861.26		1099.57845839		1050.51331799		1164.90672388		
1504687610.81		1100.29107302		1050.97271144		1165.98047449		
1504742360.36		1101.0046122		1051.43250688		1167.05620665		
1504797109.91		1101.71907774		1051.89270481		1168.13392587		
1504851859.46		1102.43447143		1052.35330577		1169.21363765		
1504906609.01		1103.15055727		1052.81431029		1170.29534752		
1504961358.56		1103.85806881		1053.2757189		1171.37906104		
1505016108.11		1104.56648848		1053.73753214		1172.46478379		
1505070857.66		1105.27581803		1054.19975054		1173.55252135		
1505125607.21		1105.98605921		1054.66237463		1174.64227934		
1505180356.76		1106.69721379		1055.12540495		1175.74311478		
1505235106.31		1107.41189665		1055.58884203		1176.85422689		
1505289855.86		1108.15056055		1056.05268641		1177.96744112		
1505344605.41		1108.89021142		1056.51872533		1179.08276343		
1505399354.95		1109.63085123		1056.98653403		1180.20019982		
1505454104.5		1110.37248198		1057.4547574		1181.3197563		
1505508854.05		1111.11510565		1057.9376248		1182.44143892		
1505563603.6		1111.85872425		1058.42688496		1183.56456677		
1505618353.15		1112.603151		1058.91659807		1184.68790532		
1505673102.7		1113.34451983		1059.40676476		1185.81337825		
1505727852.25		1114.08687863		1059.89738566		1186.94099164		
1505782601.8		1114.80813232		1060.3884614		1188.07075162		
1505837351.35		1115.52535417		1060.87999262		1189.20266431		
1505892100.9		1116.25941591		1061.37326694		1190.33673587		
1505946850.45		1116.98839791		1061.86705894		1191.4729725		
1506001600.0		1117.71270747		1062.36131073		1192.61138038		
1506056349.55		1118.43795703		1062.85602294		1193.75196576		
1506111099.1		1119.16414841		1063.35119621		1194.89473488		
1506165848.65		1119.89128346		1063.8468312		1196.03969402		
1506220598.2		1120.61936402		1064.34292855		1197.1868495		
1506275347.75		1121.34839193		1064.83948891		1198.33620762		
1506330097.3		1122.07836903		1065.33651292		1199.48777474		
1506384846.85		1122.8092972		1065.83400123		1200.64155724		
1506439596.4		1123.54117828		1066.3319545		1201.79756151		
1506494345.95		1124.27401414		1066.83037339		1202.95579398		
1506549095.5		1125.00780665		1067.32925853		1204.1162611		
1506603845.05		1125.74255768		1067.82861059		1205.27896933		
1506658594.59		1126.47826912		1068.32843022		1206.44392519		
1506713344.14		1127.21494285		1068.82871808		1207.61113519		
1506768093.69		1127.95258075		1069.32947483		1208.78060588		
1506822843.24		1128.69118473		1069.83070113		1209.95234383		
1506877592.79		1129.43075668		1070.33239764		1211.12635565		
1506932342.34		1130.1712985		1070.83456502		1212.30264796		
1506987091.89		1130.91281211		1071.33720393		1213.48122741		
1507041841.44		1131.65529942		1071.84031504		1214.66210068		
1507096590.99		1132.39876234		1072.34389902		1215.84527447		
1507151340.54		1133.14320281		1072.84795653		1217.03075552		
1507206090.09		1133.88862275		1073.35248824		1218.21855056		
1507260839.64		1134.63502409		1073.85749481		1219.4086664		
1507315589.19		1135.38240878		1074.36297693		1220.60110984		
1507370338.74		1136.13077876		1074.86893527		1221.7958877		
1507425088.29		1136.88013598		1075.37346077		1222.99300686		
1507479837.84		1137.6304824		1075.85865623		1224.1924742		
1507534587.39		1138.38181997		1076.34428971		1225.39429664		
1507589336.94		1139.13287595		1076.83036182		1226.59848112		
1507644086.49		1139.88290632		1077.31687315		1227.80503462		
1507698836.04		1140.63392501		1077.80382428		1229.01396412		
1507753585.59		1141.38593398		1078.29121584		1230.22527666		
1507808335.14		1142.1389352		1078.77904839		1231.43897928		
1507863084.68		1142.89445873		1079.26732256		1232.65507907		
1507917834.23		1143.66275764		1079.75603893		1233.87358315		
1507972583.78		1144.43209046		1080.24519811		1235.09449863		
1508027333.33		1145.20245927		1080.73865903		1236.3178327		
1508082082.88		1145.97386618		1081.2334744		1237.54359254		
1508136832.43		1146.74631329		1081.72874339		1238.77178537		
1508191581.98		1147.51980269		1082.22446661		1240.00241846		
1508246331.53		1148.29433651		1082.72064469		1241.23549907		
1508301081.08		1149.06991686		1083.21727825		1242.47103451		
1508355830.63		1149.84654586		1083.71436792		1243.70903214		
1508410580.18		1150.62422564		1084.21191433		1244.9494993		
1508465329.73		1151.40295833		1084.70991812		1246.1924434		
1508520079.28		1152.18274608		1085.20837991		1247.43787186		
1508574828.83		1152.96359104		1085.70730033		1248.68579215		
1508629578.38		1153.74549535		1086.20668003		1249.93621174		
1508684327.93		1154.52846116		1086.70651963		1251.18913815		
1508739077.48		1155.31249066		1087.20681976		1252.44457893		
1508793827.03		1156.097586		1087.70758108		1253.70254165		
1508848576.58		1156.88374936		1088.20880421		1254.96303393		
1508903326.13		1157.67454715		1088.7104898		1256.22606339		
1508958075.68		1158.47530751		1089.21263848		1257.49163771		
1509012825.23		1159.273994		1089.7152509		1258.75976459		
1509067574.77		1160.06788355		1090.2183277		1260.03045175		
1509122324.32		1160.86286131		1090.72186953		1261.30370696		
1509177073.87		1161.65892954		1091.22587703		1262.57953801		
1509231823.42		1162.45609048		1091.75432794		1263.85795273		
1509286572.97		1163.25434637		1092.28437218		1265.13895897		
1509341322.52		1164.05369949		1092.81493165		1266.42256461		
1509396072.07		1164.85415208		1093.34600711		1267.70877759		
1509450821.62		1165.65570643		1093.87759932		1268.99760584		
1509505571.17		1166.4583648		1094.38797415		1270.28905736		
1509560320.72		1167.26212949		1094.87788905		1271.58314017		
1509615070.27		1168.06700278		1095.36824282		1272.87986231		
1509669819.82		1168.87298696		1095.85903606		1274.17923186		
1509724569.37		1169.68008434		1096.35026935		1275.48125695		
1509779318.92		1170.48829722		1096.84194329		1276.78594572		
1509834068.47		1171.29762792		1097.33405848		1278.09330635		
1509888818.02		1172.10807877		1097.82661549		1279.40334706		
1509943567.57		1172.91965209		1098.31961494		1280.7160761		
1509998317.12		1173.7323502		1098.81305742		1282.03150175		
1510053066.67		1174.54617546		1099.30751002		1283.34963233		
1510107816.22		1175.36113021		1099.8087641		1284.6704762		
1510162565.77		1176.1772168		1100.34344487		1285.99404173		
1510217315.32		1176.9944376		1100.87864636		1287.32033735		
1510272064.86		1177.81279496		1101.41520137		1288.64937151		
1510326814.41		1178.63229127		1101.95363694		1289.98115271		
1510381563.96		1179.45292889		1102.4925995		1291.31568948		
1510436313.51		1180.27471023		1103.03208984		1292.65299036		
1510491063.06		1181.09763767		1103.57210873		1293.99306396		
1510545812.61		1181.9217136		1104.11265694		1295.33591892		
1510600562.16		1182.74694045		1104.65373526		1296.68156389		
1510655311.71		1183.57332061		1105.19534446		1298.03000759		
1510710061.26		1184.40085652		1105.73748533		1299.38125875		
1510764810.81		1185.22955059		1106.28015864		1300.73532615		
1510819560.36		1186.05940526		1106.8233652		1302.09221861		
1510874309.91		1186.89042297		1107.36710577		1303.45194497		
1510929059.46		1187.72260617		1107.91138116		1304.81451412		
1510983809.01		1188.5559573		1108.45619215		1306.17993499		
1511038558.56		1189.39047885		1108.97622083		1307.54821653		
1511093308.11		1190.21666436		1109.48671333		1308.91936775		
1511148057.66		1191.0430502		1109.99767605		1310.29339769		
1511202807.21		1191.87058438		1110.50910963		1311.67031542		
1511257556.76		1192.69926931		1111.02101472		1313.05013005		
1511312306.31		1193.52910737		1111.53339197		1314.43285074		
1511367055.86		1194.36010098		1112.04624205		1315.81848667		
1511421805.41		1195.19225255		1112.55956559		1317.20704708		
1511476554.95		1196.02556452		1113.07336327		1318.59854124		
1511531304.5		1196.86003929		1113.58763573		1319.99297844		
1511586054.05		1197.69567932		1114.10238363		1321.39036804		
1511640803.6		1198.53248704		1114.61760764		1322.79071942		
1511695553.15		1199.3704649		1115.13330842		1324.19404202		
1511750302.7		1200.20961536		1115.64948662		1325.60034529		
1511805052.25		1201.04994089		1116.16614291		1327.00963874		
1511859801.8		1201.89144394		1116.68327795		1328.42193193		
1511914551.35		1202.734127		1117.20089242		1329.83723443		
1511969300.9		1203.57799256		1117.71898697		1331.25555588		
1512024050.45		1204.4230431		1118.23756228		1332.67690595		
1512078800.0		1205.26928111		1118.75661902		1334.10129434		
1512133549.55		1206.11670912		1119.27615785		1335.52873082		
1512188299.1		1206.96532962		1119.79617945		1336.95922517		
1512243048.65		1207.81514513		1120.31668449		1338.39278723		
1512297798.2		1208.66615819		1120.83767365		1339.82942688		
1512352547.75		1209.51837132		1121.36240624		1341.26915404		
1512407297.3		1210.37178707		1121.88835185		1342.71197867		
1512462046.85		1211.22640798		1122.41479129		1344.15791079		
1512516796.4		1212.08223661		1122.94172524		1345.60696044		
1512571545.95		1212.93927552		1123.46915442		1347.05913772		
1512626295.5		1213.79752727		1123.9970795		1348.51445275		
1512681045.05		1214.65699445		1124.52550121		1349.97291573		
1512735794.59		1215.51767964		1125.05436487		1351.43453688		
1512790544.14		1216.37958543		1125.58339882		1352.89932647		
1512845293.69		1217.24271442		1126.11293079		1354.3672948		
1512900043.24		1218.10706921		1126.64296146		1355.83845224		
1512954792.79		1218.97265241		1127.17349156		1357.3128092		
1513009542.34		1219.83946666		1127.70452178		1358.79037612		
1513064291.89		1220.70751457		1128.23605283		1360.27116349		
1513119041.44		1221.57679878		1128.76808542		1361.75518186		
1513173790.99		1222.44732193		1129.30062027		1363.24244182		
1513228540.54		1223.31908668		1129.83228325		1364.73295399		
1513283290.09		1224.19209568		1130.36119127		1366.22672905		
1513338039.64		1225.0663516		1130.89059471		1367.72377773		
1513392789.19		1225.94185711		1131.42049428		1369.22411081		
1513447538.74		1226.8186149		1131.95089067		1370.7277391		
1513502288.29		1227.69662764		1132.48178458		1372.23121677		
1513557037.84		1228.57589805		1133.0131767		1373.73607093		
1513611787.39		1229.45642881		1133.54506776		1375.24422954		
1513666536.94		1230.33822265		1134.07745843		1376.75570349		
1513721286.49		1231.22128229		1134.61034944		1378.27050374		
1513776036.04		1232.10561044		1135.14374148		1379.78864127		
1513830785.59		1232.99120985		1135.67763527		1381.31012713		
1513885535.14		1233.87808326		1136.21896295		1382.8349724		
1513940284.68		1234.76623342		1136.76958735		1384.36318824		
1513995034.23		1235.65566309		1137.32074576		1385.89478581		
1514049783.78		1236.54637504		1137.87243896		1387.42977637		
1514104533.33		1237.43837204		1138.41627305		1388.9681712		
1514159282.88		1238.33165688		1138.95309682		1390.50998164		
1514214032.43		1239.22623234		1139.49042711		1392.05521908		
1514268781.98		1240.12210122		1140.02826463		1393.60389496		
1514323531.53		1241.01926634		1140.56661012		1395.15602076		
1514378281.08		1241.9177305		1141.10546428		1396.71160803		
1514433030.63		1242.81749654		1141.64482783		1398.27066837		
1514487780.18		1243.71856727		1142.18470151		1399.83321342		
1514542529.73		1244.62094555		1142.72508603		1401.39925487		
1514597279.28		1245.52463422		1143.26598212		1402.96880447		
1514652028.83		1246.42963614		1143.80739051		1404.54187403		
1514706778.38		1247.33595417		1144.34931193		1406.11847541		
1514761527.93		1248.24359118		1144.89174709		1407.6986205		
1514816277.48		1249.15255006		1145.43469675		1409.28232127		
1514871027.03		1250.06283369		1145.97816162		1410.86958975		
1514925776.58		1250.97444498		1146.52214244		1412.46043799		
1514980526.13		1251.88738683		1147.06663995		1414.05487813		
1515035275.68		1252.80166215		1147.61165488		1415.65292234		
1515090025.23		1253.71727388		1148.15718797		1417.25458286		
1515144774.77		1254.63422493		1148.70323997		1418.85987198		
1515199524.32		1255.55251826		1149.2498116		1420.46880204		
1515254273.87		1256.47215682		1149.79690362		1422.08138544		
1515309023.42		1257.39314355		1150.34451676		1423.69763465		
1515363772.97		1258.31548143		1150.89265177		1425.31756218		
1515418522.52		1259.23917343		1151.4413094		1426.94118061		
1515473272.07		1260.16422254		1151.9904904		1428.56850255		
1515528021.62		1261.09063175		1152.54019551		1430.1995407		
1515582771.17		1262.01840406		1153.09042549		1431.83430781		
1515637520.72		1262.94754248		1153.64118109		1433.47281667		
1515692270.27		1263.87805004		1154.19246305		1435.11508015		
1515747019.82		1264.80992975		1154.74427214		1436.76111117		
1515801769.37		1265.74318467		1155.29660912		1438.41092272		
1515856518.92		1266.67781783		1155.84947473		1440.06452782		
1515911268.47		1267.61383228		1156.40286975		1441.72193959		
1515966018.02		1268.55123111		1156.95679492		1443.38317118		
1516020767.57		1269.49001737		1157.51125102		1445.03520013		
1516075517.12		1270.43019415		1158.0662388		1446.67563401		
1516130266.67		1271.37176454		1158.62175903		1448.31979695		
1516185016.22		1272.31473164		1159.17781249		1449.96770166		
1516239765.77		1273.25909857		1159.73439992		1451.61936094		
1516294515.32		1274.20486844		1160.29152212		1453.27478764		
1516349264.86		1275.15204438		1160.84917984		1454.93399466		
1516404014.41		1276.10062953		1161.40737386		1456.59699496		
1516458763.96		1277.05062704		1161.96610495		1458.26380157		
1516513513.51		1278.00204006		1162.52537389		1459.93442758		
1516568263.06		1278.95487176		1163.08518146		1461.60888613		
1516623012.61		1279.90912531		1163.64552843		1463.28719042		
1516677762.16		1280.8648039		1164.20641559		1464.96935371		
1516732511.71		1281.82191072		1164.76784371		1466.65538935		
1516787261.26		1282.78044899		1165.32981358		1468.3453107		
1516842010.81		1283.7404219		1165.89232598		1470.03913123		
1516896760.36		1284.70183269		1166.4553817		1471.73686443		
1516951509.91		1285.66468459		1167.01898153		1473.4385239		
1517006259.46		1286.63102559		1167.58312626		1475.14412326		
1517061009.01		1287.59930776		1168.14781667		1476.85367622		
1517115758.56		1288.56904846		1168.71327736		1478.56719653		
1517170508.11		1289.54025097		1169.2800262		1480.28469803		
1517225257.66		1290.5129186		1169.84732499		1482.00619461		
1517280007.21		1291.48705468		1170.41517452		1483.73170023		
1517334756.76		1292.46266253		1170.98357561		1485.4612289		
1517389506.31		1293.43974549		1171.55314248		1487.19479471		
1517444255.86		1294.41830691		1172.12347081		1488.93241183		
1517499005.41		1295.39835014		1172.69619638		1490.67409446		
1517553754.95		1296.3875168		1173.27589455		1492.4198569		
1517608504.5		1297.38319476		1173.85634499		1494.16971349		
1517663254.05		1298.38040375		1174.43820761		1495.92367866		
1517718003.6		1299.37914729		1175.02064735		1497.6817669		
1517772753.15		1300.37942893		1175.60366509		1499.44399276		
1517827502.7		1301.38125223		1176.18726169		1501.21037087		
1517882252.25		1302.38462075		1176.771438		1502.98091592		
1517937001.8		1303.38953808		1177.35619489		1504.75564267		
1517991751.35		1304.39600781		1177.94153322		1506.53456597		
1518046500.9		1305.40403353		1178.52745387		1508.3177007		
1518101250.45		1306.41361886		1179.1139577		1510.10506186		
1518156000.0		1307.42476742		1179.70104558		1511.89666448		
