1463461200.0		5.88013088896		3.23259767512		19.4178604665		
1463500118.92		2.94522942216		2.88690136968		3.03657247968		
1463539037.84		3.02422648507		2.98510646069		3.05688618191		
1463577956.76		3.18318797522		3.14376919425		3.21591412847		
1463616875.68		3.33115791437		3.29012361239		3.36588112287		
1463655794.59		3.51686072418		3.47364764144		3.55321265901		
1463694713.51		3.67703640739		3.63191250692		3.71495918076		
1463733632.43		3.88256484752		3.83495557937		3.92253470816		
1463772551.35		4.05946466473		4.00973617735		4.10119648904		
1463811470.27		4.28355810035		4.23091882175		4.3275573154		
1463850389.19		4.48743200921		4.43235912758		4.5333660917		
1463889308.11		4.73468152111		4.67716655859		4.78334348781		
1463928227.03		4.99560543381		4.93523103815		5.04672534009		
1463967145.95		5.23224179296		5.16899398387		5.2857653343		
1464006064.86		5.51991161478		5.45323733057		5.57591857912		
1464044983.78		5.73429226054		5.66600158244		5.79313398805		
1464083902.7		5.92462666581		5.85422851306		5.98576732712		
1464122821.62		6.12117880446		6.04813081939		6.18412322247		
1464161740.54		6.48857697643		6.41116669917		6.5551008805		
1464200659.46		6.8114649038		6.7302893749		6.88117095788		
1464239578.38		7.11704801757		7.03240032648		7.19011411941		
1464278497.3		7.4036836034		7.31583434313		7.479774547		
1464317416.22		7.75581164597		7.66373871155		7.8352855059		
1464356335.14		8.12226994657		8.02581131106		8.20517085311		
1464395254.05		8.47729893357		8.37671860846		8.56349385797		
1464434172.97		8.88630906122		8.78119225277		8.97654223592		
1464473091.89		9.25976205548		9.15054954371		9.35369380354		
1464512010.81		9.70362667274		9.58953698077		9.80188108738		
1464550929.73		10.110419895		9.99159026292		10.2118036977		
1464589848.65		10.5943378817		10.4689183443		10.6991540058		
1464628767.57		11.0137515359		10.8835620395		11.1229794526		
1464667686.49		11.5382967727		11.4024352716		11.6526155162		
1464706605.41		12.0191560094		11.8782052341		12.1381763919		
1464745524.32		12.5848775475		12.4376773706		12.7088864633		
1464784443.24		13.1771698465		13.0237349787		13.3062141865		
1464823362.16		13.6890176644		13.5309071638		13.823221238		
1464862281.08		14.3271109159		14.1612068557		14.467418724		
1464901200.0		14.9089901183		14.736750725		15.0543057284		
1464940118.92		15.5990433022		15.4191608095		15.7504085514		
1464979037.84		16.164771148		15.9790831044		16.3213469356		
1465017956.76		16.9067126353		16.7133546174		17.069992317		
1465056875.68		17.5499571073		17.3504228256		17.7192455412		
1465095794.59		18.6313578042		18.4205024739		18.8107857344		
1465134713.51		19.8627881177		19.6401288044		20.053014143		
1465173632.43		21.1666208265		20.9309526696		21.3682756565		
1465212551.35		22.5396839003		22.2912564798		22.7547268113		
1465251470.27		23.9506054798		23.6889844812		24.1778560366		
1465290389.19		25.4321399074		25.1574853036		25.6728949252		
1465329308.11		27.0805706506		26.7900057661		27.3368813245		
1465368227.03		28.8198273902		28.5145141427		29.0930513652		
1465407145.95		30.6492646603		30.3244341994		30.9384538122		
1465446064.86		32.569003117		32.2245471841		32.8767270152		
1465484983.78		34.5796020909		34.2155624527		34.9069451391		
1465523902.7		36.6936077653		36.3073818222		37.0394918899		
1465562821.62		38.9042628259		38.4981472152		39.27383184		
1465601740.54		41.2174638935		40.7904435671		41.606371936		
1465640659.46		43.6413403306		43.1907445323		44.0497765893		
1465679578.38		46.1724738648		45.7004399327		46.6026622589		
1465718497.3		48.8230684028		48.322604411		49.2712524629		
1465757416.22		51.5741621497		51.0525968118		52.0476680985		
1465796335.14		54.4384019468		53.9002923253		54.9389776365		
1465835254.05		57.4281425065		56.8696497784		57.9488821487		
1465874172.97		60.4996067925		59.9190128945		61.0465850456		
1465913091.89		63.6305387777		63.0287172645		64.1962475375		
1465937519.0		65.6515066094		65.0413957159		66.2328944651		
1465937520.0		65.6515911942		65.041479352		66.2329794307		
1465937521.0		65.6516757793		65.0415629882		66.2330643964		
1465952010.81		40.8647667906		39.4896494602		42.6713889165		
1465990929.73		34.3070254839		33.4729302949		35.3021768826		
1466029848.65		34.9451270636		34.1056275382		35.957178599		
1466068767.57		35.7159925229		34.8671701255		36.7478373477		
1466107686.49		36.5182497104		35.6581419009		37.564686007		
1466146605.41		37.3294050499		36.4529373201		38.3893328325		
1466185524.32		38.1475173998		37.2589051903		39.2192405657		
1466224443.24		38.9774392218		38.0758855608		40.0562524853		
1466263362.16		39.8172560648		38.9031835029		40.9168158072		
1466302281.08		40.6539670292		39.7315632797		41.7789938542		
1466341200.0		41.5059424804		40.5732715285		42.6425118338		
1466380118.92		42.3636020928		41.4195145589		43.5070494377		
1466419037.84		43.2307448218		42.2685663792		44.3856529878		
1466457956.76		44.1057105752		43.1384470084		45.277703072		
1466496875.68		44.9825455621		44.0011959843		46.1656161979		
1466535794.59		45.9755722119		44.9805122471		47.1600100619		
1466574713.51		48.4966269852		47.4663030399		49.7228646706		
1466613632.43		51.1336909603		50.0586826285		52.4217578211		
1466652551.35		53.8877270227		52.77078536		55.2323974223		
1466691470.27		56.7510793384		55.5962795216		58.1449294208		
1466730389.19		59.7276232427		58.5345369251		61.1765445865		
1466769308.11		62.8037151006		61.5697015425		64.3139333864		
1466808227.03		66.0040299365		64.721240215		67.5595746969		
1466847145.95		69.3050506742		67.9742948753		70.8943534614		
1466886064.86		72.7212801318		71.339976273		74.3584172228		
1466924983.78		76.2399877597		74.7959737705		77.899268205		
1466963902.7		79.8645718893		78.3782000983		81.5614388334		
1467002821.62		83.592334631		82.0590905288		85.3413146407		
1467041740.54		87.4132950232		85.8409918817		89.202220862		
1467080659.46		91.3302918411		89.7030188682		93.1618844083		
1467119578.38		95.3255241691		93.6540944967		97.1972584517		
1467158497.3		99.4141315107		97.6844089376		101.311193206		
1467197416.22		103.578828483		101.801986995		105.478477936		
1467236335.14		107.830579969		106.033080462		109.780458543		
1467275254.05		112.123282304		110.302785248		114.106227889		
1467314172.97		108.969238708		107.242794816		110.855625962		
1467353091.89		120.816308885		118.936038446		122.835675433		
1467392010.81		125.252026428		123.348092089		127.299001832		
1467430929.73		129.77084832		127.801153337		131.812180902		
1467469848.65		134.240783874		132.207849691		136.262046309		
1467508767.57		138.721433356		136.67916464		140.785201928		
1467547686.49		143.20247982		141.159255215		145.244533046		
1467586605.41		147.692309162		145.672011583		149.693384573		
1467625524.32		152.184619044		150.098542612		154.16157246		
1467664443.24		156.649799376		154.554225007		158.612591018		
1467703362.16		161.0715845		158.94469634		163.025053541		
1467742281.08		165.446128789		163.36578477		167.446535457		
1467781200.0		169.752769852		167.633959617		171.773074013		
1467820118.92		174.034156849		171.895726097		176.038755874		
1467859037.84		178.236641031		176.071634404		180.247369948		
1467897956.76		182.345072877		180.236042276		184.354218831		
1467936875.68		186.695805393		184.594307792		188.694356679		
1467975794.59		190.400327358		188.317705183		192.376896131		
1468014713.51		194.293100274		192.185171124		196.229516977		
1468053632.43		198.071443069		195.956215563		200.022127842		
1468092551.35		201.769215159		199.63617969		203.710972489		
1468131470.27		205.363568115		203.233888442		207.32388722		
1468170389.19		208.863412202		206.700942435		210.867037292		
1468209308.11		212.243136405		210.053386291		214.263384397		
1468248227.03		215.532738797		213.271243959		217.592517085		
1468287145.95		218.758790835		216.470188418		220.866525034		
1468326064.86		221.927216656		219.63115591		224.038565466		
1468364983.78		224.974853218		222.612373439		227.06115797		
1468403902.7		227.891914708		225.528207114		230.007493856		
1468442821.62		230.691913014		228.305671922		232.825390258		
1468481740.54		249.88067578		247.309773515		252.151095456		
1468520659.46		252.606535285		249.993792915		254.904649927		
1468559578.38		255.231190444		252.611439543		257.569553175		
1468597799.0		257.691445961		255.080500095		260.044784101		
1468597800.0		257.691508486		255.080562128		260.044846544		
1468597801.0		257.69157101		255.08062416		260.044908987		
1468598497.3		256.109086335		253.834402782		258.265533209		
1468637416.22		136.635297006		133.027014256		141.105966184		
1468676335.14		138.536483238		135.112205588		141.937736703		
1468715254.05		143.175143029		139.784389824		146.425954117		
1468754172.97		148.019095643		144.642016385		151.208170965		
1468793091.89		152.872910625		149.539805175		156.041149449		
1468832010.81		157.745718558		154.462503717		160.879508399		
1468870929.73		162.574548677		159.351427108		165.680688297		
1468909848.65		167.418765739		164.226766177		170.446031906		
1468948767.57		172.228467233		169.095490004		175.212419634		
1468987686.49		175.104408711		172.064865005		178.034067949		
1469026605.41		179.926735273		176.915483551		182.811020144		
1469065524.32		184.650686208		181.673454919		187.50083595		
1469104443.24		189.357683673		186.432914414		192.107578484		
1469143362.16		193.970566608		191.106684009		196.657210737		
1469182281.08		198.557193618		195.739970755		201.168188379		
1469221200.0		182.646370048		180.163613051		184.906511796		
1469260118.92		186.343831883		183.953072704		188.493373471		
1469299037.84		189.90366429		187.611113809		192.037495363		
1469337956.76		193.427386335		191.198372599		195.487425269		
1469376875.68		196.867813702		194.715257933		198.840959718		
1469415794.59		200.227454379		198.152425744		202.148759473		
1469454713.51		203.499130068		201.515648329		205.355410911		
1469493632.43		206.678629043		204.763558997		208.468880344		
1469532551.35		209.74747136		207.902372071		211.506912807		
1469571470.27		203.534686273		201.834131932		205.193240155		
1469610389.19		206.2845356		204.658928838		207.923835578		
1469649308.11		208.940461322		207.385531322		210.553784804		
1469688227.03		211.543979714		210.018051469		213.114799194		
1469727145.95		214.061181414		212.536854081		215.620644082		
1469766064.86		221.512870003		219.960266475		223.083264396		
1469804983.78		223.914701442		222.359696543		225.490836537		
1469843902.7		240.164948347		238.499057089		241.798333216		
1469882821.62		242.48083338		240.803625506		244.119697961		
1469921740.54		244.722438268		243.083812433		246.409749503		
1469960659.46		246.933383446		245.286809832		248.64286601		
1469999578.38		249.060308341		247.379945216		250.764485883		
1470038497.3		251.038101834		249.340797383		252.76267385		
1470077416.22		237.614239571		235.989453503		239.259139005		
1470116335.14		254.903921739		253.129410549		256.641811649		
1470155254.05		256.564060769		254.750384956		258.340853126		
1470194172.97		240.166030336		238.469958357		241.825347641		
1470233091.89		241.875268152		240.199080129		243.525213888		
1470272010.81		243.544140561		241.841658346		245.17585118		
1470310929.73		245.119203272		243.443474936		246.745223253		
1470349848.65		246.056283096		244.377911238		247.675835768		
1470388767.57		247.777822173		246.073740758		249.382294187		
1470427686.49		249.246368132		247.5711801		250.850262032		
1470466605.41		250.610978624		248.960754632		252.17729263		
1470505524.32		249.226009261		247.645849077		250.823110348		
1470544443.24		250.398383627		248.814508195		252.006593354		
1470583362.16		251.708478275		250.129147985		253.300098852		
1470622281.08		252.960844708		251.384597233		254.551480555		
1470661200.0		254.197806246		252.608564343		255.777260421		
1470700118.92		274.811353774		273.140436954		276.548950691		
1470739037.84		275.95484299		274.320797557		277.712732507		
1470777956.76		277.301892086		275.702487608		279.047148793		
1470816875.68		277.615677178		276.038529853		279.34281844		
1470855794.59		277.752550575		276.173860623		279.495178518		
1470894713.51		277.816295823		276.23701819		279.579323778		
1470933632.43		277.92294061		276.329301257		279.656527469		
1470972551.35		278.303332936		276.737862598		279.990073519		
1471011470.27		278.708586457		277.187402917		280.279185714		
1471050389.19		279.135719815		277.652445285		280.707173878		
1471089308.11		279.499931547		278.086077697		281.051652916		
1471128227.03		279.901162025		278.570308832		281.451679745		
1471167145.95		280.314220477		278.945448603		281.790181115		
1471206064.86		280.707852639		279.335642385		282.147640595		
1471244983.78		281.064623094		279.659156575		282.493518355		
1471283902.7		281.402842914		280.008722603		282.820429791		
1471322821.62		281.846552492		280.408244225		283.271403419		
1471361740.54		282.154324684		280.709892668		283.571538809		
1471400659.46		282.522371343		281.048734019		283.972816084		
1471439578.38		282.811628561		281.323523443		284.296097221		
1471478497.3		283.214206979		281.715238318		284.757814252		
1471517416.22		283.57923574		282.101977731		285.145597476		
1471556335.14		283.973162894		282.455989598		285.563013024		
1471595254.05		284.321482105		282.777057673		285.938023398		
1471634172.97		284.673869242		283.120711983		286.303312776		
1471673091.89		284.988715339		283.406744306		286.644346962		
1471712010.81		285.318450347		283.6941058		286.970212425		
1471750929.73		285.624253155		283.976270029		287.332447402		
1471789848.65		285.935213976		284.277398703		287.681679016		
1471828767.57		286.229132495		284.569834779		288.016574657		
1471867686.49		286.503210437		284.839173536		288.329574209		
1471879999.0		286.795060813		285.123079189		288.627414018		
1471880000.0		286.795085343		285.123104019		288.627440129		
1471880001.0		286.795109873		285.123128848		288.62746624		
1471906605.41		284.158813555		282.681591216		285.681969557		
1471945524.32		274.238905255		272.885659266		275.615415475		
1471984443.24		265.11300377		263.870616399		266.460595688		
1472023362.16		256.727397338		255.410355856		258.071568892		
1472062281.08		245.643134252		244.203349311		247.032209318		
1472101200.0		241.885704883		240.395697971		243.293873513		
1472140118.92		216.976331685		215.627054901		218.310023763		
1472179037.84		229.678725264		228.180843639		231.106912209		
1472217956.76		207.564985418		206.220275434		208.905762093		
1472256875.68		218.780210433		217.360598151		220.195153091		
1472295794.59		213.810783625		212.392514755		215.225080732		
1472334713.51		209.037011848		207.646153008		210.448955907		
1472373632.43		204.562099133		203.162878535		205.954858573		
1472412551.35		200.263957376		198.912881511		201.703674316		
1472451470.27		196.212152394		194.851606873		197.652337743		
1472490389.19		192.352256703		191.007192885		193.774677639		
1472529308.11		188.654193975		187.312044485		190.117774243		
1472568227.03		185.147101375		183.813485322		186.553408572		
1472607145.95		181.792765013		180.467055015		183.17886643		
1472646064.86		178.564688465		177.279846891		179.927912583		
1472684983.78		175.475759701		174.188397499		176.872289598		
1472723902.7		172.52081501		171.261925754		173.894661891		
1472762821.62		169.675656688		168.408247841		171.015479455		
1472799999.0		167.057199771		165.767432253		168.40765084		
1472800000.0		167.057128846		165.767361158		168.407584717		
1472800001.0		167.057057922		165.767290063		168.407518593		
1472801740.54		166.936874332		165.646018663		168.28792153		
1472840659.46		164.02726014		162.7971474		165.340446357		
1472879578.38		168.684439032		167.451118969		170.007542765		
1472918497.3		173.16278941		171.927850008		174.5021505		
1472957416.22		177.583161046		176.359483049		178.929627563		
1472996335.14		182.025311517		180.808225587		183.365549461		
1473035254.05		186.404493682		185.169040662		187.75935737		
1473074172.97		190.771122076		189.532603013		192.138396382		
1473113091.89		195.308778397		194.06926663		196.673932497		
1473152010.81		199.541891556		198.312271977		200.900247656		
1473190929.73		203.813638678		202.585363173		205.14504509		
1473229848.65		208.043300679		206.789186267		209.351355569		
1473268767.57		212.204858881		210.947067438		213.504816173		
1473307686.49		216.27887157		215.032818421		217.577566633		
1473346605.41		220.29563075		219.070958412		221.61095473		
1473385524.32		224.060548759		222.864412999		225.383676885		
1473424443.24		228.035480818		226.817600393		229.338262752		
1473463362.16		231.806041322		230.597981345		233.113874513		
1473502281.08		235.50276118		234.301935388		236.79363271		
1473541200.0		239.143271435		237.959552197		240.414002805		
1473580118.92		242.706682275		241.501463192		243.949756318		
1473619037.84		246.165439885		244.949468424		247.405326798		
1473657956.76		249.557765195		248.321872422		250.775433885		
1473696875.68		252.890169497		251.657271651		254.11169771		
1473735794.59		256.133458558		254.888473588		257.332647994		
1473774713.51		259.325304421		258.071944392		260.523669967		
1473813632.43		262.813184082		261.574553015		263.994889546		
1473852551.35		265.97269374		264.799096233		267.12128945		
1473891470.27		268.81733342		267.719071239		269.987584603		
1473930389.19		271.46442175		270.332455194		272.602337399		
1473969308.11		274.271832962		273.144901965		275.423498051		
1474008227.03		276.993803641		275.856487739		278.134297373		
1474047145.95		279.647854224		278.497830244		280.788262264		
1474086064.86		273.422317676		272.338700486		274.539521752		
1474124983.78		275.851103254		274.757670435		276.990096527		
1474163902.7		278.246884208		277.144356906		279.403414642		
1474202821.62		280.576324505		279.471177919		281.745441127		
1474241740.54		282.83303139		281.711985207		284.013559471		
1474280659.46		285.012986807		283.881526616		286.197906088		
1474319578.38		287.116983516		285.994560608		288.348623938		
1474358497.3		289.159643756		288.050493028		290.415317975		
1474397416.22		289.176389388		288.054272095		290.43293528		
1474436335.14		291.168662998		290.040986826		292.425441378		
1474475254.05		293.113564943		291.958816485		294.373865023		
1474514172.97		293.755303095		292.614533296		295.032357205		
1474553091.89		295.956203119		294.801613922		297.264612732		
1474592010.81		298.17889513		297.037105333		299.504919906		
1474630929.73		300.232987693		299.087480589		301.560271594		
1474669848.65		297.554860155		296.417267398		298.880703182		
1474708767.57		299.381338494		298.239011226		300.708012252		
1474747686.49		301.062455651		299.911541418		302.392663538		
1474786605.41		302.691328618		301.5224868		304.025266319		
1474825524.32		304.247769017		303.072935129		305.600734701		
1474864443.24		305.748471495		304.576946865		307.122233663		
1474903362.16		312.001913601		310.806795194		313.402580148		
1474942281.08		308.589072972		307.414952603		309.978245646		
1474981200.0		309.948755562		308.775737188		311.355852151		
1475020118.92		311.287290241		310.098154374		312.693052389		
1475059037.84		312.57628921		311.372726837		313.987503956		
1475097956.76		313.973387589		312.772693224		315.394351697		
1475136875.68		315.394658137		314.206895661		316.827472202		
1475175794.59		320.564963353		319.340574506		322.02720297		
1475179999.0		316.668355909		315.467382579		318.104587452		
1475180000.0		316.668068946		315.467115546		318.104290927		
1475180001.0		316.667781984		315.466848513		318.103994403		
1475214713.51		306.570494051		305.591944707		307.688366804		
1475253632.43		295.297277691		294.491247293		296.266556222		
1475292551.35		275.278365381		274.507255575		276.114870508		
1475331470.27		274.974090043		274.147779323		275.862577204		
1475370389.19		268.542472858		267.596530152		269.508754073		
1475409308.11		265.707307045		264.571790948		266.836840146		
1475448227.03		263.28379129		262.010365704		264.445973831		
1475487145.95		260.896559287		259.471153067		262.194744489		
1475526064.86		257.044123433		255.455591172		258.437149983		
1475564983.78		253.587635105		251.864073816		255.166049209		
1475603902.7		251.850732422		250.011062984		253.602809502		
1475642821.62		250.17443901		248.167358139		252.086350492		
1475679999.0		249.339989727		247.169260331		251.398286495		
1475680000.0		249.340165128		247.169436486		251.39846179		
1475680001.0		249.340340529		247.169612641		251.398637085		
1475681740.54		249.64583152		247.476421725		251.703940394		
1475720659.46		256.450820871		254.341689803		258.478498134		
1475759578.38		263.062600116		260.999191039		265.042621472		
1475798497.3		269.680884671		267.663665966		271.623648933		
1475837416.22		276.199713849		274.23770432		278.083597038		
1475876335.14		282.399583813		280.474386441		284.249139894		
1475915254.05		287.902720821		286.03618634		289.68200269		
1475954172.97		293.280863245		291.483536792		295.01867281		
1475993091.89		298.62861795		296.879831355		300.291037037		
1476032010.81		303.725347695		302.055529598		305.312748938		
1476070929.73		308.725071738		307.108470712		310.240274965		
1476109848.65		313.591115726		312.044825819		315.069438762		
1476148767.57		318.347082466		316.851891911		319.786816504		
1476187686.49		322.990298812		321.580240325		324.412391175		
1476226605.41		327.463863403		326.111314593		328.883329964		
1476265524.32		331.820050581		330.527554053		333.17603534		
1476304443.24		336.079024884		334.857046433		337.386185045		
1476343362.16		339.318121133		338.185545879		340.613527573		
1476382281.08		342.631920992		341.527822767		343.941580263		
1476421200.0		346.1719641		345.102596001		347.448859694		
1476460118.92		349.531050386		348.490361198		350.742528691		
1476499037.84		352.948097981		351.924446035		354.154689891		
1476537956.76		356.475029668		355.484357999		357.6609517		
1476576875.68		359.880348846		358.87738347		361.058804274		
1476615794.59		363.177764504		362.21730466		364.303998331		
1476654713.51		366.373003391		365.382893114		367.453258563		
1476693632.43		369.430281494		368.437081098		370.515226794		
1476732551.35		372.387708074		371.375600059		373.439597389		
1476771470.27		375.228314698		374.213551571		376.264711995		
1476810389.19		377.9446661		376.876964583		378.96566737		
1476849308.11		380.567985421		379.514501106		381.591468922		
1476888227.03		383.097248239		382.057963258		384.138507284		
1476927145.95		385.496956338		384.443788767		386.556403906		
1476966064.86		387.754278124		386.708143139		388.83229723		
1477004983.78		389.67471654		388.626082663		390.761758586		
1477043902.7		391.431291931		390.375099152		392.516021818		
1477082821.62		393.104845092		392.038241398		394.204766559		
1477121740.54		394.737887529		393.656459804		395.864018919		
1477160659.46		396.310104398		395.227008235		397.448845065		
1477199578.38		397.844777416		396.722499727		398.969987187		
1477238497.3		399.332992615		398.203344637		400.447506678		
1477277416.22		400.767913628		399.615644793		401.907021616		
1477316335.14		402.140329586		400.99723882		403.308888062		
1477355254.05		403.469925339		402.295515071		404.67752564		
1477394172.97		404.745707891		403.563090009		406.006951864		
1477433091.89		405.98125883		404.798097423		407.263204644		
1477472010.81		407.175911977		405.99028134		408.486892882		
1477510929.73		408.373704471		407.157614812		409.689901058		
1477549848.65		409.510974248		408.288976634		410.828610001		
1477588767.57		413.567338039		412.334824292		414.928227913		
1477627686.49		411.667906513		410.429488029		413.012845622		
1477666605.41		412.729453676		411.500415555		414.088581562		
1477705524.32		413.705744991		412.459458451		415.077020496		
1477744443.24		414.689096902		413.438585473		416.070159344		
1477783362.16		415.670583604		414.394614957		417.048875525		
1477822281.08		416.627321265		415.339840012		418.039315126		
1477861200.0		417.550629041		416.264222324		418.964758318		
1477900118.92		418.441262764		417.156418666		419.858694014		
1477939037.84		419.331968196		418.043866132		420.744324923		
1477977956.76		420.200626434		418.910290114		421.62515747		
1478016875.68		421.041281429		419.736475123		422.480232465		
1478055794.59		421.880100996		420.558238656		423.324290966		
1478094713.51		422.690222797		421.364218079		424.119309159		
1478133632.43		423.511907915		422.159124833		424.942887687		
1478172551.35		424.304417524		422.949442908		425.733309482		
1478211470.27		425.090043305		423.738804756		426.510489609		
1478250389.19		425.849330813		424.493740456		427.288354261		
1478289308.11		426.625384647		425.256593127		428.081880309		
1478328227.03		427.397846037		426.015186674		428.852496971		
1478367145.95		428.125893243		426.740677183		429.589867501		
1478406064.86		428.865983618		427.470611944		430.33107826		
1478444983.78		429.582223395		428.176504311		431.052597178		
1478483902.7		430.277171239		428.876420072		431.762346892		
1478522821.62		430.976990953		429.577774101		432.472987511		
1478561740.54		431.692226651		430.295253113		433.192293099		
1478600659.46		432.388640821		430.991952912		433.88794892		
1478639578.38		433.088112404		431.698694111		434.588101043		
1478678497.3		433.778690713		432.39281032		435.270148325		
1478717416.22		434.473107214		433.083890989		435.954301775		
1478756335.14		435.157514032		433.76158863		436.627480395		
1478795254.05		435.807438766		434.424379792		437.281019502		
1478834172.97		436.498057251		435.10063376		437.976561326		
1478873091.89		437.170064732		435.759925055		438.650225337		
1478912010.81		437.83269008		436.434112015		439.310258437		
1478950929.73		438.489557788		437.110554862		439.9706157		
1478989848.65		439.138842092		437.7621773		440.617250559		
1479028767.57		439.811647262		438.433534486		441.286620943		
1479067686.49		440.455691807		439.077772607		441.929825884		
1479106605.41		441.098551154		439.711930918		442.56442782		
1479145524.32		441.757134791		440.374251978		443.226540182		
1479184443.24		442.395665195		441.031818764		443.871091059		
1479223362.16		443.03140649		441.675928872		444.511384518		
1479262281.08		443.670966588		442.30454676		445.141773354		
1479301200.0		444.300320951		442.925831925		445.771015108		
1479340118.92		444.943636235		443.564650433		446.413862918		
1479379037.84		445.571104551		444.194030493		447.041656959		
1479417956.76		446.209162549		444.839395039		447.676976931		
1479456875.68		446.839678015		445.471932512		448.302964351		
1479495794.59		447.485089264		446.12936675		448.944386408		
1479534713.51		448.114795361		446.767821887		449.562021035		
1479573632.43		448.753663145		447.417334161		450.187889992		
1479612551.35		449.388520088		448.063828046		450.825541055		
1479651470.27		450.01605648		448.688667186		451.449701229		
1479690389.19		450.632168127		449.308831729		452.067078741		
1479729308.11		451.269704365		449.942154726		452.702096788		
1479768227.03		439.19894691		437.902539444		440.581997146		
1479772378.0		439.273919695		437.981513792		440.658255069		
1479772379.0		439.273938341		437.98153353		440.658274081		
1479772380.0		439.273956987		437.981553269		440.658293094		
1479772799.0		439.281769827		437.989823776		440.666259558		
1479772800.0		439.281788474		437.989843515		440.666278571		
1479772801.0		439.273509652		437.980528802		440.65657814		
1479807145.95		359.765611997		354.415296336		364.930875353		
1479846064.86		361.330210089		356.205149711		366.336656848		
1479884983.78		376.052219679		370.985141737		380.95793858		
1479923902.7		380.210373448		375.41293709		384.967557337		
1479962821.62		384.305602365		379.73546249		388.84166193		
1480001740.54		388.283229794		383.883232324		392.623006844		
1480040659.46		392.134500871		387.936025801		396.296544899		
1480079578.38		395.850409052		391.825021944		399.77172439		
1480118497.3		399.439644459		395.510978433		403.160490844		
1480157416.22		402.928207039		399.140840446		406.418008069		
1480196335.14		406.265953635		402.670782385		409.632740099		
1480235254.05		409.533862465		406.038497449		412.700729405		
1480274172.97		412.653559704		409.302349677		415.671685215		
1480313091.89		415.686777799		412.503914491		418.553420771		
1480344348.0		417.669387649		414.623879513		420.437619825		
1480344349.0		417.669340638		414.623848664		420.437561028		
1480344350.0		417.669293626		414.623817816		420.43750223		
1480352010.81		417.247550746		414.302188543		419.958962536		
1480390929.73		415.111466288		412.365193257		417.512146939		
1480429848.65		413.15303916		410.604268114		415.379768111		
1480468767.57		411.295793792		408.973699258		413.442316828		
1480507686.49		409.561007095		407.322703065		411.71967292		
1480546605.41		407.990240481		405.504027532		410.226505702		
1480585524.32		406.570090895		403.981915814		408.828956721		
1480624443.24		405.239259673		402.577230687		407.622301585		
1480663362.16		403.917479436		401.110135354		406.4823822		
1480702281.08		402.709226994		399.664552551		405.621281793		
1480741200.0		401.621944999		398.385332344		404.730188812		
1480780118.92		400.594746732		397.135534588		403.982771512		
1480819037.84		399.668646192		396.063140993		403.259889177		
1480857956.76		398.830239091		395.05040051		402.637095938		
1480896875.68		398.056541684		394.112444851		402.031926349		
1480926699.0		397.769454948		393.691814831		401.821097097		
1480926700.0		397.76955474		393.691919186		401.821195429		
1480926701.0		397.769654532		393.692023541		401.82129376		
1480935794.59		398.703654504		394.652376397		402.727411535		
1480974713.51		402.754149578		398.81536757		406.633260914		
1481013632.43		406.705976799		402.913560051		410.455885889		
1481052551.35		410.523372177		406.892645084		414.089003195		
1481091470.27		414.176947608		410.678975088		417.538566955		
1481130389.19		417.733043731		414.313558171		420.898961484		
1481169308.11		421.157938117		417.844805702		424.16416032		
1481208227.03		424.52873529		421.314878082		427.398181079		
1481247145.95		427.711386399		424.582312801		430.470569467		
1481286064.86		430.767177378		427.735195126		433.367804144		
1481324983.78		433.643261616		430.802264703		436.182036662		
1481363902.7		436.449291709		433.734728321		438.815876405		
1481402821.62		439.113890325		436.554212611		441.401687025		
1481441740.54		441.748813503		439.284112149		443.921135397		
1481480659.46		444.31851502		441.922128598		446.417108899		
1481519578.38		446.736162472		444.399017738		448.726899071		
1481558497.3		449.00668239		446.774529583		450.928438882		
1481597416.22		450.969475527		448.850826588		452.836409113		
1481636335.14		452.820396165		450.780146178		454.608544565		
1481675254.05		454.566947005		452.60128518		456.286408062		
1481714172.97		456.275781343		454.452471225		458.01996903		
1481753091.89		458.01574123		456.282759206		459.750312981		
1481792010.81		459.727774015		458.020877611		461.406467114		
1481830929.73		461.272774124		459.606694548		462.961552783		
1481869848.65		462.845901425		461.207889151		464.492155617		
1481908767.57		464.398778249		462.786010544		466.014407079		
1481947686.49		465.839612235		464.280777005		467.465543355		
1481986605.41		467.225180111		465.706054652		468.860407185		
1482025524.32		468.590734482		467.081982525		470.201399311		
1482064443.24		469.947207137		468.448803825		471.528679534		
1482103362.16		471.270568378		469.802358536		472.838879269		
1482142281.08		472.551856852		471.111309512		474.144460225		
1482168544.0		472.704621705		471.285535047		474.245028488		
1482168545.0		472.704258973		471.285190196		474.244613457		
1482168546.0		472.703896241		471.284845346		474.244198427		
1482181200.0		468.193144575		466.803998101		469.423898702		
1482220118.92		454.685442597		452.890227731		456.583588212		
1482259037.84		442.216816039		439.307276637		445.254767792		
1482297956.76		430.957024268		426.886825453		435.149795517		
1482336875.68		420.399142447		415.372877527		425.613160336		
1482359159.0		415.32444252		409.714222643		420.959128436		
1482359160.0		415.324540983		409.71432485		420.959216159		
1482359161.0		415.324639445		409.714427057		420.959303882		
1482375794.59		417.019562144		411.517462429		422.541105281		
1482414713.51		421.155768985		415.895876563		426.472727674		
1482453632.43		425.180355799		420.145306549		430.298285568		
1482492551.35		429.079256051		424.251050991		433.929518027		
1482531470.27		432.81683913		428.181812622		437.498037448		
1482570389.19		436.424028359		432.013108722		440.915589519		
1482609308.11		439.961219595		435.769266724		444.290918494		
1482648227.03		443.298329212		439.325881413		447.482234342		
1482687145.95		446.510445893		442.712249417		450.491335468		
1482726064.86		449.569837267		445.932159772		453.328251422		
1482764983.78		452.530143298		449.115548431		456.084831743		
1482803902.7		455.355541723		452.071390438		458.715324238		
1482842821.62		458.044544216		454.911181447		461.27196953		
1482881740.54		460.695689494		457.650215372		463.778458108		
1482920659.46		463.191786904		460.346827952		466.162262713		
1482959578.38		463.184423039		460.567203072		466.073832473		
1482998497.3		465.703954206		463.156507492		468.488956769		
1483037416.22		468.099611177		465.73136765		470.846322002		
1483076335.14		470.435336175		468.173928305		473.03072728		
1483115254.05		472.70597077		470.503658995		475.148355933		
1483154172.97		474.887772425		472.760135176		477.242163975		
1483193091.89		476.91874893		474.860800095		479.158759083		
1483232010.81		478.896684599		476.944159088		481.076305184		
1483270929.73		480.847969477		478.952791022		482.905675884		
1483309848.65		482.716365834		480.855295562		484.707849435		
1483348767.57		484.545522218		482.720635358		486.455705485		
1483387686.49		486.293606801		484.505277637		488.145956414		
1483426605.41		488.000040191		486.229715414		489.753392524		
1483465524.32		489.578803528		487.837863013		491.391662153		
1483504443.24		491.1195189		489.335163208		492.887537091		
1483543362.16		492.628047807		490.791016527		494.365882547		
1483582281.08		494.127280813		492.310394282		495.909028744		
1483621200.0		495.536582893		493.691627191		497.267614439		
1483660118.92		496.927311881		495.022424223		498.67451806		
1483699037.84		498.274260702		496.381498778		500.008533368		
1483737956.76		499.624770502		497.712086699		501.370179459		
1483776875.68		500.932158434		499.052956208		502.686256072		
1483815794.59		502.21194037		500.32119431		503.959451519		
1483854713.51		503.467214207		501.596802478		505.206694872		
1483893632.43		504.662983951		502.783607073		506.46674942		
1483932551.35		505.842074395		503.947764053		507.704711178		
1483971470.27		507.010935222		505.107309665		508.890719364		
1484010389.19		508.186178418		506.301742454		510.144735139		
1484049308.11		509.373193301		507.469266134		511.385069723		
1484088227.03		510.46622765		508.527337682		512.525334279		
1484127145.95		511.497191352		509.559088175		513.593328165		
1484166064.86		512.500120431		510.554243597		514.652371777		
1484204983.78		513.502601924		511.558771422		515.710422848		
1484243902.7		514.507401052		512.529167645		516.714731743		
1484282821.62		515.426505815		513.430787153		517.69321058		
1484321740.54		516.342439456		514.300224304		518.639554796		
1484360659.46		517.216349072		515.1635546		519.553967502		
1484399578.38		518.122706149		516.057012869		520.495845156		
1484438497.3		519.033120024		516.953061479		521.444751831		
1484477416.22		519.980834413		517.880113901		522.435833118		
1484516335.14		520.850518937		518.7115844		523.314426847		
1484555254.05		521.696202945		519.541020379		524.19550182		
1484594172.97		522.529805965		520.350755921		525.056461483		
1484633091.89		523.335308002		521.133097571		525.888591314		
1484672010.81		524.182571482		521.948625778		526.774115203		
1484710929.73		525.051631467		522.78879939		527.671676144		
1484731511.0		525.518205406		523.241051644		528.146925991		
1484731512.0		525.518227392		523.241072948		528.146948104		
1484731513.0		525.518249378		523.241094253		528.146970217		
1484749848.65		525.903825429		523.608876717		528.535136093		
1484788767.57		417.072259115		415.254865914		419.202936722		
1484827686.49		417.72116739		415.881354748		419.870563451		
1484866605.41		418.370115436		416.503948622		420.530663879		
1484905524.32		419.042218993		417.130073472		421.204083917		
1484944443.24		419.684091377		417.746656367		421.864679568		
1484983362.16		502.210838894		499.851881771		504.832978219		
1485022281.08		503.034443603		500.640911244		505.680018158		
1485061200.0		503.811539148		501.394726154		506.489541734		
1485100118.92		504.574298343		502.141250722		507.284281488		
1485139037.84		505.350696884		502.889184386		508.0766051		
1485177956.76		506.103929993		503.631038503		508.864129604		
1485216875.68		504.35267518		501.847892875		507.114120025		
1485255794.59		490.971642968		488.514888416		493.658975081		
1485294713.51		478.621969486		476.211706111		481.243586129		
1485333632.43		475.368825854		472.95587618		478.001115366		
1485372551.35		477.353906457		474.912560718		480.002984238		
1485411470.27		479.297385646		476.832487002		481.981296602		
1485450389.19		402.784406162		400.68090105		405.055804494		
1485489308.11		404.412437825		402.273496016		406.705996075		
1485528227.03		406.026041288		403.849350879		408.338531068		
1485567145.95		407.588556194		405.37417283		409.923215116		
1485606064.86		409.061481051		406.816217716		411.437856496		
1485644983.78		410.490705188		408.223503116		412.910860587		
1485683902.7		411.931249426		409.62632141		414.37578022		
1485722821.62		413.315087671		410.988676535		415.793539414		
1485761740.54		414.660089601		412.31743468		417.167171808		
1485800659.46		415.97685826		413.580892283		418.502377322		
1485839578.38		479.299748619		476.490711226		482.230544835		
1485878497.3		480.698580978		477.865024528		483.668231254		
1485917416.22		482.055777049		479.1999016		485.058828116		
1485951099.0		483.223935279		480.346226511		486.2485177		
1485951100.0		483.223969745		480.346260242		486.248552597		
1485951101.0		483.224004211		480.346293974		486.248587493		
1485956335.14		475.15007058		473.026321976		477.403333462		
1485995254.05		447.424792063		440.99260375		454.547301757		
1486034172.97		449.847605333		443.696091336		456.705150161		
1486073091.89		462.318846132		456.408151884		469.023880293		
1486112010.81		465.080134686		459.429188564		471.367233163		
1486150929.73		467.706484869		462.32264338		473.576463551		
1486189848.65		470.248256307		465.196372157		475.760818825		
1486228767.57		472.622798653		467.854198196		477.828153349		
1486267686.49		474.975747918		470.556534445		479.929249762		
1486306605.41		477.318764963		473.047512383		481.967645605		
1486345524.32		479.57752929		475.546601588		483.93810869		
1486384443.24		481.701784708		477.775666341		485.771281811		
1486423362.16		483.717921223		479.991943702		487.627424657		
1486462281.08		485.779691956		482.114459134		489.423952883		
1486501200.0		487.81589504		484.383748831		491.320708973		
1486540118.92		489.696638325		486.42595973		493.029296101		
1486579037.84		491.557409818		488.518085552		494.76453605		
1486617956.76		493.332502262		490.403672978		496.410538801		
1486656875.68		495.050791586		492.244895861		498.034130063		
1486695794.59		496.696630713		493.966091877		499.604298309		
1486734713.51		498.272336791		495.644241536		501.144204401		
1486773632.43		499.752106565		497.284663137		502.637105147		
1486812551.35		501.293923284		498.847350208		504.124464196		
1486851470.27		502.826534266		500.345251859		505.623349183		
1486890389.19		504.305400309		501.882934522		507.055816069		
1486929308.11		505.817420092		503.452725941		508.575872263		
1486968227.03		507.267714683		504.851839689		509.9585893		
1487007145.95		508.61128045		506.212490329		511.369686534		
1487046064.86		509.972883534		507.518953303		512.772285375		
1487084983.78		511.296711519		508.75814225		514.123967202		
1487123902.7		512.590231258		509.998441592		515.469250376		
1487162821.62		513.878316444		511.291793128		516.793663828		
1487201740.54		515.215879897		512.564629367		518.186455802		
1487240659.46		516.53433682		513.832964925		519.508309433		
1487279578.38		518.691347837		515.825694219		521.705284394		
1487318497.3		519.851949235		516.913294236		522.878266976		
1487357416.22		520.949212995		517.974488999		523.907392749		
1487396335.14		522.05003196		519.048869245		524.979221859		
1487435254.05		523.125054904		520.074785548		525.9741816		
1487474172.97		524.174331492		521.078121601		526.935025468		
1487513091.89		525.235950792		522.137729179		527.948993847		
1487552010.81		526.223250907		523.123486885		528.883676862		
1487590929.73		527.230131804		524.153276296		529.859214316		
1487629848.65		528.180733434		525.177590594		530.778497901		
1487668767.57		529.126455003		526.157514376		531.644538183		
1487707686.49		530.064628001		527.15248268		532.548706879		
1487746605.41		530.937653207		528.091537617		533.400949344		
1487785524.32		531.807195425		528.990011953		534.216952049		
1487824443.24		532.66099486		530.001168701		535.035549281		
1487863362.16		533.465379278		530.972367823		535.823511468		
1487902281.08		534.247439403		531.840777784		536.56773167		
1487941200.0		534.972126935		532.624492654		537.338281284		
1487980118.92		535.656231107		533.28257068		537.964422595		
1488019037.84		536.292751625		533.972013172		538.573426076		
1488057956.76		536.944157404		534.717720316		539.261633981		
1488096875.68		537.536928236		535.304851937		539.873545426		
1488135794.59		538.113856533		535.942053523		540.466170863		
1488174713.51		538.691501758		536.411426406		540.96617001		
1488213632.43		539.290800899		536.992734116		541.555429176		
1488252551.35		539.87441326		537.61333173		542.1558003		
1488291470.27		540.391357862		538.11438856		542.722553224		
1488330389.19		540.898987401		538.551018082		543.219567708		
1488369308.11		541.358609198		538.923371762		543.69717863		
1488408227.03		541.844706017		539.40931534		544.140328846		
1488447145.95		542.339752891		539.89358667		544.757335214		
1488486064.86		542.823112803		540.364535416		545.259475874		
1488524983.78		543.250701428		540.794209587		545.706415374		
1488563902.7		543.758670119		541.221478674		546.21752748		
1488602821.62		544.180754963		541.561785959		546.681805909		
1488641740.54		544.56656229		541.939108173		547.111084853		
1488680659.46		544.898336842		542.231996224		547.495590495		
1488719578.38		545.158182662		542.48394881		547.844039269		
1488758497.3		543.706659142		541.019846867		546.418275867		
1488797416.22		544.213191942		541.516711744		546.927142293		
1488836335.14		544.766879471		542.066245112		547.534759242		
1488875254.05		545.288076655		542.567477809		548.058026276		
1488914172.97		545.767398361		543.049646369		548.660098259		
1488953091.89		546.228114474		543.502191735		549.174455001		
1488992010.81		546.736735189		544.00129525		549.648911492		
1489030929.73		547.233254149		544.492113407		550.16059654		
1489069848.65		547.716396501		544.975614275		550.646455688		
1489108767.57		549.092777231		546.337304914		552.040974527		
1489147686.49		549.483570988		546.740472637		552.467894667		
1489186605.41		549.831028384		547.115398829		552.844337934		
1489225524.32		550.197594268		547.474267666		553.198131311		
1489264443.24		550.663018158		547.932382224		553.699168185		
1489303362.16		551.037525951		548.315246273		554.082822475		
1489342281.08		551.373955951		548.677831852		554.391541874		
1489381200.0		551.650626705		548.981194854		554.647892727		
1489420118.92		551.874665921		549.215982367		554.866208783		
1489459037.84		552.151659686		549.519190904		555.159418709		
1489497956.76		552.370289319		549.747416496		555.3605091		
1489536875.68		552.619450099		550.01330378		555.583692036		
1489575794.59		552.886182486		550.290307412		555.835375188		
1489614713.51		553.151113396		550.57682027		556.09693264		
1489653632.43		553.421329268		550.838624779		556.330983375		
1489692551.35		553.597778868		551.013950655		556.488557113		
1489731470.27		553.733520687		551.158783999		556.598215834		
1489770389.19		554.028233602		551.452928139		556.850710136		
1489809308.11		554.248703992		551.690115841		557.02620363		
1489848227.03		554.421827363		551.863120627		557.172322273		
1489887145.95		554.515914777		551.967867202		557.251894155		
1489926064.86		554.670720763		552.161099585		557.395249206		
1489964983.78		554.758744754		552.263094294		557.445388791		
1490003902.7		554.958916862		552.466563371		557.604717809		
1490042821.62		555.123170054		552.656483006		557.734133261		
1490081740.54		555.248183178		552.789316865		557.840458232		
1490120659.46		555.42963474		552.970033205		557.988570456		
1490159578.38		555.546156154		553.127300127		558.085932571		
1490198497.3		555.642571801		553.289448223		558.175999083		
1490237416.22		555.758918234		553.415222764		558.276355787		
1490276335.14		555.994838668		553.665150382		558.459397418		
1490315254.05		556.149755515		553.837756816		558.560688686		
1490354172.97		556.275362154		553.945846552		558.623835923		
1490393091.89		556.386526122		554.073370769		558.701617433		
1490432010.81		556.549717539		554.260368335		558.85583726		
1490470929.73		556.702413467		554.423443185		558.965209108		
1490509848.65		556.831011811		554.567827417		559.08614868		
1490548767.57		556.965183029		554.715391949		559.194844332		
1490587686.49		557.087757167		554.871456691		559.295499964		
1490626605.41		557.218690892		555.040955276		559.407421751		
1490665524.32		557.443922525		555.305156804		559.607486982		
1490704443.24		557.662495485		555.522576652		559.801554168		
1490743362.16		557.794943329		555.665739096		559.902930437		
1490782281.08		557.964321242		555.844153534		560.059069605		
1490821200.0		558.260725322		556.135591023		560.328796658		
1490860118.92		558.45989385		556.375027466		560.522319187		
1490899037.84		558.634357149		556.583861848		560.674349515		
1490937956.76		558.798351686		556.788615015		560.80449438		
1490976875.68		559.06777266		557.050309266		561.020521735		
1491015794.59		559.340658773		557.33860019		561.276237643		
1491054713.51		559.653290277		557.663226434		561.579584208		
1491093632.43		559.982933159		557.978279037		561.889593629		
1491132551.35		560.170461735		558.144747872		562.065415383		
1491171470.27		560.361755862		558.326899749		562.258767283		
1491210389.19		560.455738242		558.434344313		562.315350916		
1491249308.11		560.630586117		558.594823902		562.43009714		
1491288227.03		560.803649916		558.771943325		562.586254583		
1491327145.95		561.043003528		558.997629328		562.774652963		
1491366064.86		561.262940251		559.213508869		562.988971986		
1491404983.78		561.417127443		559.386541624		563.13073723		
1491443902.7		561.582754749		559.585131151		563.276248747		
1491482821.62		561.732473302		559.753286205		563.464043326		
1491521740.54		560.130552955		558.173959404		561.873969408		
1491560659.46		560.294798866		558.371672531		562.039543574		
1491599578.38		560.521263781		558.60065863		562.316497508		
1491638497.3		560.736046161		558.83416635		562.522674835		
1491677416.22		560.974976245		559.104513437		562.782495768		
1491716335.14		561.17418751		559.307907147		562.967024153		
1491755254.05		561.354216185		559.473547879		563.124039186		
1491794172.97		561.578839857		559.699362486		563.347939387		
1491833091.89		561.883430612		559.995874148		563.651097781		
1491872010.81		562.085624465		560.178426798		563.875051809		
1491910929.73		562.220745642		560.333906582		564.003045833		
1491949848.65		562.400775482		560.511561459		564.216642073		
1491988767.57		562.497800042		560.596907533		564.320104064		
1492027686.49		562.699505472		560.810503955		564.517969055		
1492066605.41		562.769862387		560.888655241		564.618388349		
1492105524.32		563.951632199		562.058994898		565.780906138		
1492144443.24		564.438943632		562.524021319		566.239106991		
1492183362.16		564.544199027		562.606954817		566.356011891		
1492222281.08		564.598995127		562.643156105		566.448363015		
1492261200.0		564.691795602		562.736911223		566.533383272		
1492300118.92		564.847799168		562.928745371		566.700964604		
1492339037.84		564.967760731		563.053688394		566.838994352		
1492377956.76		565.0718334		563.139246426		566.96130885		
1492416875.68		565.126213762		563.154230799		567.01358278		
1492455794.59		565.293759915		563.334044183		567.212082855		
1492494713.51		565.421902199		563.427877081		567.32852151		
1492533632.43		565.438165487		563.449397187		567.354171036		
1492572551.35		565.570318266		563.549198343		567.514522768		
1492611470.27		565.759457873		563.709260668		567.726753886		
1492650389.19		565.936164775		563.881092145		567.935244615		
1492689308.11		566.125160134		564.082754095		568.144542397		
1492728227.03		566.328138732		564.278415439		568.354914682		
1492767145.95		566.552134021		564.530540073		568.613494745		
1492806064.86		566.743309893		564.727523067		568.849808342		
1492844983.78		566.875353861		564.836874895		569.031812585		
1492883902.7		566.972026742		564.906777209		569.159181951		
1492922821.62		567.100258281		565.013506065		569.319051634		
1492961740.54		567.283948056		565.166370826		569.538968661		
1493000659.46		567.34137612		565.208894342		569.632174871		
1493039578.38		567.407369214		565.267631354		569.750591952		
1493078497.3		567.471390247		565.343028948		569.900969599		
1493117416.22		567.569309746		565.43442887		570.071378997		
1493156335.14		567.72594927		565.542054999		570.210965986		
1493195254.05		567.881818485		565.652981027		570.40464018		
1493234172.97		567.975431273		565.727132595		570.554236597		
1493273091.89		568.02061219		565.758316961		570.648030408		
1493312010.81		568.049678399		565.768058281		570.732113255		
1493350929.73		568.075106441		565.795419973		570.771513309		
1493389848.65		568.079651098		565.752288843		570.805264477		
1493428767.57		568.130600213		565.801456317		570.874065547		
1493467686.49		568.24384801		565.913962807		570.997342957		
1493506605.41		568.316148531		565.943264068		571.101356111		
1493545524.32		568.383804233		565.997425534		571.191036668		
1493584443.24		568.522823004		566.080902644		571.375079281		
1493623362.16		568.613659549		566.171851162		571.519069284		
1493662281.08		568.889552818		566.413142787		571.838133584		
1493701200.0		569.066945967		566.582766041		572.083523519		
1493740118.92		569.317129437		566.794175539		572.369636289		
1493779037.84		569.514067453		566.950321489		572.610120024		
1493817956.76		569.711895741		567.106784505		572.884356982		
1493856875.68		569.913682839		567.258851867		573.124337644		
1493895794.59		570.094589236		567.426236036		573.36737955		
1493934713.51		570.25140004		567.544869612		573.571394835		
1493973632.43		570.472268927		567.743683963		573.86372133		
1494012551.35		570.62194619		567.828384314		574.016371608		
1494051470.27		570.826806224		567.983999245		574.262385686		
1494090389.19		571.081585389		568.194614192		574.544016352		
1494129308.11		571.228438671		568.297836268		574.719328736		
1494168227.03		571.457055474		568.51011574		574.978442681		
1494207145.95		571.613112641		568.611166697		575.150037061		
1494246064.86		571.870157641		568.843576777		575.454700075		
1494284983.78		572.028171225		568.985178723		575.637450038		
1494323902.7		572.154945128		569.094671356		575.800020141		
1494362821.62		572.391690859		569.286417768		576.092688023		
1494401740.54		572.483305011		569.346452044		576.24957591		
1494440659.46		572.550245456		569.380645639		576.34844988		
1494479578.38		572.748591495		569.531687202		576.547835091		
1494518497.3		572.844157534		569.598360226		576.685023113		
1494557416.22		572.934135651		569.629551077		576.822373349		
1494596335.14		573.031178652		569.690153931		576.968769578		
1494635254.05		573.212147049		569.822795254		577.181095122		
1494674172.97		573.386125725		569.952052127		577.395663611		
1494713091.89		573.661221935		570.166931268		577.690599768		
1494752010.81		573.905755027		570.382196878		577.963566728		
1494790929.73		574.137197056		570.568697806		578.226434627		
1494829848.65		574.402490673		570.790098992		578.539071364		
1494868767.57		574.791924493		571.135018635		578.952302098		
1494907686.49		575.036164657		571.337449765		579.249659597		
1494946605.41		575.338916029		571.594009294		579.576939727		
1494985524.32		575.557634762		571.76697418		579.829137926		
1495024443.24		575.797057488		571.963559575		580.120467678		
1495063362.16		576.017925784		572.137873041		580.386567716		
1495102281.08		576.205703721		572.280407759		580.632400188		
1495141200.0		576.400361906		572.424560309		580.880814406		
1495180118.92		576.679269244		572.639222516		581.17838791		
1495219037.84		576.884019347		572.791865594		581.433891415		
1495257956.76		577.123844705		573.001136481		581.747468868		
1495296875.68		577.302190168		573.145378798		582.006674164		
1495335794.59		577.539066803		573.349658441		582.316931246		
1495374713.51		577.769099612		573.544200619		582.612042673		
1495413632.43		578.032760836		573.767409753		582.917888843		
1495452551.35		578.260062998		573.986213037		583.201386679		
1495491470.27		578.520009008		574.202273364		583.498683121		
1495530389.19		578.777667263		574.404319757		583.788993904		
1495569308.11		579.027640135		574.595830294		584.08476147		
1495608227.03		579.276158881		574.77904221		584.372640485		
1495647145.95		579.534491129		574.975312167		584.647132472		
1495686064.86		579.777483237		575.176777003		584.930600599		
1495724983.78		580.02638642		575.379008443		585.227792018		
1495763902.7		580.266702802		575.587125148		585.530213364		
1495802821.62		580.494026736		575.79169765		585.822955651		
1495841740.54		580.725000244		575.989715479		586.123277836		
1495880659.46		580.960896153		576.183838652		586.420785125		
1495919578.38		581.187818096		576.360435422		586.717109799		
1495958497.3		581.419472504		576.533726114		587.012326571		
1495997416.22		581.642984162		576.717384145		587.306504554		
1496036335.14		581.886792141		576.925060676		587.589335619		
1496075254.05		582.122664837		577.131716084		587.862664527		
1496114172.97		582.35682076		577.318269562		588.165341034		
1496153091.89		582.592930087		577.492810632		588.467252303		
1496192010.81		582.831715352		577.666462236		588.760189017		
1496230929.73		583.057936455		577.83927585		589.047058759		
1496269848.65		583.284028758		578.011300607		589.321344401		
1496308767.57		583.509552811		578.18258242		589.596756577		
1496347686.49		583.745342865		578.354626334		589.885082052		
1496386605.41		583.981334862		578.533261388		590.172907982		
1496425524.32		584.221113354		578.710290279		590.460273519		
1496464443.24		584.463496545		578.885407656		590.747020085		
1496503362.16		584.683448872		579.061675887		591.023593614		
1496542281.08		584.900434818		579.221914804		591.284475249		
1496581200.0		585.12957044		579.37827157		591.544992324		
1496620118.92		585.360484895		579.53826547		591.805174387		
1496659037.84		585.577579315		579.734712639		592.065051233		
1496697956.76		585.773916177		579.928723441		592.324650199		
1496736875.68		585.967368937		580.101417488		592.591069483		
1496775794.59		586.186368449		580.273811015		592.865592588		
1496814713.51		586.4143227		580.445887517		593.139937048		
1496853632.43		586.644524764		580.617979843		593.414125342		
1496892551.35		586.87504242		580.790545264		593.688178659		
1496931470.27		587.112765284		580.957249331		593.964639692		
1496970389.19		587.344011477		581.122243139		594.243164063		
1497009308.11		587.563498356		581.287008281		594.521624149		
1497048227.03		587.788195805		581.439912821		594.800036873		
1497087145.95		588.01028992		581.58614852		595.078418611		
1497126064.86		588.230162589		581.73388185		595.35678461		
1497164983.78		588.454165561		581.901068736		595.634316964		
1497203902.7		588.668383202		582.090961433		595.91103033		
1497242821.62		588.884352575		582.27949378		596.187766023		
1497281740.54		589.103521182		582.446319385		596.44833067		
1497320659.46		589.332342163		582.607525094		596.735896019		
1497359578.38		589.574586922		582.770446049		597.017247805		
1497398497.3		589.802429493		582.932890565		597.287055314		
1497437416.22		590.01930171		583.098171306		597.553144171		
1497476335.14		590.234349633		583.261485083		597.81920964		
1497515254.05		590.461017322		583.420608845		598.090093252		
1497554172.97		590.687703861		583.579667733		598.358948125		
1497593091.89		590.914417291		583.740529206		598.623704624		
1497632010.81		591.141165121		583.903399188		598.898308638		
1497670929.73		591.360156009		584.066230752		599.172145289		
1497709848.65		591.586536465		584.229030681		599.446106797		
1497748767.57		591.812971368		584.391805319		599.721179082		
1497787686.49		592.027733898		584.55456068		599.996371639		
1497826605.41		592.228865313		584.719631436		600.273172701		
1497865524.32		592.44330868		584.893880393		600.550127905		
1497904443.24		592.666511254		585.054662231		600.825259186		
1497943362.16		592.879044169		585.206264234		601.083430127		
1497982281.08		593.091645489		585.36861895		601.340666589		
1498021200.0		593.30431968		585.53692598		601.624061158		
1498060118.92		593.517070865		585.70605327		601.909446157		
1498099037.84		593.74236853		585.875206371		602.195027968		
1498137956.76		593.973386013		586.044389038		602.480810696		
1498176875.68		594.204518517		586.212288665		602.766214544		
1498215794.59		594.417887855		586.366426412		603.045737879		
1498254713.51		594.630449053		586.530185968		603.325461131		
1498293632.43		594.843107677		586.696608724		603.607552625		
1498332551.35		595.061027055		586.86307492		603.899230304		
1498371470.27		595.285622801		587.02958726		604.191139465		
1498410389.19		595.510340869		587.19030689		604.483189908		
1498449308.11		595.735183821		587.346067618		604.774597767		
1498488227.03		595.960154119		587.501870067		605.06221598		
1498527145.95		596.179125278		587.657716452		605.360686327		
1498566064.86		596.400067387		587.813608839		605.653868238		
1498604983.78		596.618986811		587.969549186		605.944450408		
1498643902.7		596.838032546		588.126330791		606.235276515		
1498682821.62		597.057206483		588.287767825		606.526348681		
1498721740.54		597.276510502		588.449263271		606.817669023		
1498760659.46		597.497624548		588.611194623		607.109239524		
1498799578.38		597.723108663		588.775345801		607.401062082		
1498838497.3		597.948737134		588.939562701		607.69313852		
1498877416.22		598.17451144		589.101653864		607.985470555		
1498916335.14		598.400433053		589.262285571		608.278059899		
1498955254.05		598.620103908		589.422660976		608.570908171		
1498994172.97		598.830503098		589.578501401		608.864016924		
1499033091.89		599.058816026		589.742902401		609.157387651		
1499072010.81		599.283021127		589.913290682		609.45019884		
1499110929.73		599.507376662		590.075586771		609.741261575		
1499149848.65		599.726307247		590.237404469		610.030807521		
1499188767.57		599.941455371		590.399572446		610.308382651		
1499227686.49		600.156742524		590.565085502		610.608252935		
1499266605.41		600.372149567		590.730677098		610.90840386		
1499305524.32		600.584344097		590.896348036		611.20684639		
1499344443.24		600.803187622		591.062099107		611.502782875		
1499383362.16		601.029052716		591.227931048		611.798993508		
1499422281.08		601.244249555		591.401686295		612.093835912		
1499461200.0		601.458840628		591.57636472		612.381717896		
1499500118.92		601.683085132		591.751136017		612.660763863		
1499539037.84		601.907487374		591.926000826		612.936124971		
1499577956.76		602.134182297		592.101045426		613.211724237		
1499616875.68		602.3592716		592.277971298		613.487562474		
1499655794.59		602.58575291		592.439655119		613.763640472		
1499694713.51		602.816082644		592.600358417		614.036100248		
1499733632.43		603.04379078		592.760440384		614.311127269		
1499772551.35		603.267890638		592.92640027		614.598119375		
1499811470.27		603.492150496		593.103572951		614.879448633		
1499850389.19		603.716570881		593.280845381		615.161029175		
1499889308.11		603.941152298		593.458217976		615.442861683		
1499928227.03		604.165492947		593.635691142		615.724946827		
1499967145.95		604.385198333		593.813265269		616.011998953		
1500006064.86		604.605058497		593.993676522		616.303600425		
1500044983.78		604.825073874		594.174271087		616.595473295		
1500083902.7		605.045244882		594.354970897		616.8876182		
1500122821.62		605.265571925		594.535776282		617.180035761		
1500161740.54		605.488514961		594.716687572		617.472726598		
1500200659.46		605.713038639		594.897705079		617.765691313		
1500239578.38		605.937725335		595.078829104		618.058930501		
1500278497.3		606.16605154		595.260059936		618.352444743		
1500317416.22		606.394926086		595.441397854		618.646234611		
1500356335.14		606.623970336		595.622843131		618.940300672		
1500395254.05		606.853184649		595.804396032		619.234643487		
1500434172.97		607.082569376		595.98605681		619.529263604		
1500473091.89		607.312124858		596.159113588		619.824161566		
1500512010.81		607.542963981		596.332032153		620.118883537		
1500550929.73		607.779704804		596.50504875		620.408661579		
1500589848.65		608.016627943		596.672384973		620.698708418		
1500628767.57		608.253733735		596.827827874		620.989024547		
1500667686.49		608.49102251		596.983350117		621.279610452		
1500706605.41		608.728494593		597.138951867		621.587824044		
1500745524.32		608.966150302		597.294633287		621.900150547		
1500784443.24		609.203989954		597.467236288		622.204295904		
1500823362.16		609.438549737		597.642759532		622.50559192		
1500862281.08		609.671226772		597.818384783		622.80717842		
1500901200.0		609.904079986		597.994112212		623.107892888		
1500940118.92		610.13710966		598.170384732		623.406006265		
1500979037.84		610.370316074		598.350738595		623.704403721		
1501017956.76		610.603699503		598.531200037		624.003085735		
1501056875.68		610.83726022		598.71176922		624.302052782		
1501095794.59		611.070998492		598.892446302		624.601305335		
1501134713.51		611.307630026		599.073231434		624.899967112		
1501173632.43		611.543329911		599.254124771		625.193218366		
1501212551.35		611.777435207		599.435126461		625.486743996		
1501251470.27		612.01171913		599.615643722		625.78054444		
1501290389.19		612.246181932		599.790578834		626.074620136		
1501329308.11		612.480823864		599.96561528		626.36897152		
1501368227.03		612.715125897		600.14075319		626.663599025		
1501407145.95		612.942911407		600.315992694		626.958503085		
1501446064.86		613.179798754		600.491333917		627.25368413		
1501484983.78		613.416868941		600.666776984		627.549142592		
1501523902.7		613.652013526		600.842322018		627.844878898		
1501562821.62		613.88256476		601.017969139		628.140893476		
1501601740.54		614.113288769		601.193718467		628.437186752		
1501640659.46		614.344693116		601.369570122		628.733759153		
1501679578.38		614.579812548		601.545524218		629.030611102		
1501718497.3		614.815111522		601.721580873		629.327743025		
1501757416.22		615.053099878		601.897740199		629.625155344		
1501796335.14		615.291762811		602.074002311		629.925740705		
1501835254.05		615.530610654		602.25036732		630.233519183		
1501874172.97		615.769643645		602.426835338		630.541598157		
1501913091.89		616.008862021		602.603406474		630.84997809		
1501952010.81		616.248266017		602.78291858		631.158659443		
1501990929.73		616.487855868		602.963217549		631.467642678		
1502029848.65		616.727631811		603.143197045		631.776928257		
1502068767.57		616.967594079		603.325365547		632.086516642		
1502107686.49		617.207742905		603.507926142		632.396408294		
1502146605.41		617.448078524		603.690597016		632.706603674		
1502185524.32		617.681639623		603.873378281		633.017103244		
1502224443.24		617.918230951		604.056270052		633.327907467		
1502263362.16		618.159739916		604.239272442		633.641507029		
1502302281.08		618.401437586		604.422385563		633.955461833		
1502341200.0		618.643324195		604.605609526		634.269727694		
