1463457600.0		5.68634437457		3.31155645072		18.8362193018		
1463491243.24		3.00321225528		2.90348560167		3.13707977684		
1463524886.49		2.98866709225		2.95481325116		3.02701035931		
1463558529.73		3.11871765823		3.08528423795		3.15368798559		
1463592172.97		3.23467140187		3.20012093192		3.27085072375		
1463625816.22		3.39005224047		3.35393304982		3.42760025118		
1463659459.46		3.5521672227		3.51431660251		3.59146044922		
1463693102.7		3.68734418952		3.64792742549		3.72799453572		
1463726745.95		3.8647458377		3.82349769038		3.90724866904		
1463760389.19		4.01101977994		3.96829367511		4.05511580005		
1463794032.43		4.20235360962		4.15769299885		4.24854315875		
1463827675.68		4.40180431991		4.3554639951		4.45029186843		
1463861318.92		4.5770822996		4.52914192673		4.62766638947		
1463894962.16		4.79385337233		4.74380091344		4.84717283774		
1463928605.41		5.02092565745		4.96844562261		5.07671654458		
1463962248.65		5.22063791861		5.16579256945		5.27816496299		
1463995891.89		5.46761299487		5.4097820853		5.52742740627		
1464029535.14		5.66849656792		5.60851898945		5.73038752132		
1464063178.38		5.84798893285		5.78652421175		5.91167543136		
1464096821.62		6.01480060104		5.95288436834		6.0799888155		
1464130464.86		6.21498134834		6.15110774309		6.28208496985		
1464164108.11		6.53887881431		6.47167954141		6.60941719301		
1464197751.35		6.81704117347		6.74702260486		6.8904773337		
1464231394.59		7.08062056861		7.00789750975		7.15662465011		
1464265037.84		7.35417527696		7.27864731987		7.43321723595		
1464298681.08		7.61153607152		7.53327779748		7.69299415255		
1464332324.32		7.92974433602		7.84816292877		8.01431375154		
1464365967.57		8.21403384977		8.12944664378		8.30141176565		
1464399610.81		8.55612924275		8.468146477		8.64677356667		
1464433254.05		8.911709553		8.82050087815		9.00609241837		
1464466897.3		9.22714136256		9.13296752158		9.32480500101		
1464500540.54		9.60842386353		9.51070247395		9.70969178858		
1464534183.78		9.96535101306		9.864338778		10.0704400951		
1464567827.03		10.3566544638		10.2522928067		10.4663501203		
1464601470.27		10.7823945644		10.6737602907		10.8965184787		
1464635113.51		11.1388316154		11.0271965971		11.2563377652		
1464668756.76		11.5958331178		11.4801931792		11.7178278252		
1464702400.0		12.0297883485		11.91009346		12.1562118408		
1464736043.24		12.4902839072		12.3660051094		12.6207197669		
1464769686.49		12.9961652826		12.8672658004		13.1320020221		
1464803329.73		13.4191969684		13.2860815059		13.5590834645		
1464836972.97		13.9595136812		13.8211185484		14.1045531119		
1464870616.22		14.5198202346		14.3754642074		14.6701731875		
1464904259.46		15.0162737646		14.8665602394		15.1705380198		
1464937902.7		15.615050916		15.4600742413		15.773783677		
1464971545.95		16.0957884178		15.937547662		16.258603516		
1465005189.19		16.7178155279		16.5542854077		16.8862987388		
1465038832.43		17.3770300402		17.2079818958		17.55152094		
1465072475.68		17.9904971098		17.8166501498		18.1704481591		
1465106118.92		19.0160377585		18.8333234345		19.2066484346		
1465139762.16		20.0967804905		19.9053997137		20.2982115391		
1465173405.41		21.2313536394		21.0292529046		21.4429559344		
1465207048.65		22.418216368		22.2054519527		22.6383289798		
1465240691.89		23.6605082176		23.4376967897		23.8909329532		
1465274335.14		24.8678395023		24.6339005282		25.1068176386		
1465307978.38		26.2610778783		26.0160437177		26.5110148113		
1465341621.62		27.721881745		27.4655979621		27.9838303299		
1465375264.86		29.2506121932		28.9823453552		29.5247522519		
1465408908.11		30.8444687471		30.5640029144		31.1324102377		
1465442551.35		32.504341901		32.2120259848		32.8111276641		
1465476194.59		34.2372032695		33.9296496495		34.5619508914		
1465509837.84		36.0440931401		35.7195412477		36.3861031594		
1465543481.08		37.9254943064		37.5845860225		38.2864635898		
1465577124.32		39.882895921		39.5277825219		40.2591489903		
1465610767.57		41.9171269054		41.5498352963		42.311410143		
1465644410.81		44.032772641		43.6510322379		44.4453694425		
1465678054.05		46.2282972693		45.8298769129		46.6536902789		
1465711697.3		48.5120753563		48.1009340682		48.9485957266		
1465745340.54		50.8814628834		50.4534805067		51.3332221588		
1465778983.78		53.3326650942		52.8912676995		53.806216852		
1465812627.03		55.8712342232		55.4087062574		56.3632310698		
1465846270.27		58.5083180486		58.0270870411		59.0253426063		
1465879913.51		61.1595767557		60.6646100344		61.69593481		
1465913556.76		63.8844087794		63.3684168176		64.4408514871		
1465947200.0		45.7613012931		43.8380974819		47.5985838952		
1465980843.24		34.4963492097		33.4600452071		35.5010298856		
1466014486.49		34.7727615454		33.7393033864		35.6965143081		
1466048129.73		35.4317670783		34.3905773692		36.3525256214		
1466081772.97		36.1176272573		35.067847123		37.04761865		
1466115416.22		36.8114150141		35.7522438167		37.7548092551		
1466149059.46		37.5116930483		36.4407059176		38.4665652312		
1466182702.7		38.219164312		37.1398077439		39.1864691244		
1466216345.95		38.9335772344		37.8471013583		39.9141113157		
1466249989.19		39.6597776996		38.5634187075		40.650599648		
1466283632.43		40.389389554		39.281987722		41.3879935558		
1466317275.68		41.123120654		40.0045499666		42.1316922755		
1466350918.92		41.8608458724		40.7366709389		42.8788697063		
1466384562.16		42.5997183875		41.4700061952		43.6272117306		
1466418205.41		43.3474022384		42.2137117824		44.3858522377		
1466451848.65		44.1062057004		42.9603970209		45.1553249045		
1466485491.89		44.8672845554		43.711554852		45.9243217439		
1466519135.14		45.6411155304		44.4808633214		46.7061392783		
1466552778.38		47.2057225214		46.0211776279		48.2980475762		
1466586421.62		49.4320435187		48.2032632704		50.5635400803		
1466620064.86		51.744607436		50.4712687567		52.9177625583		
1466653708.11		54.1378427053		52.8265232571		55.3518589241		
1466687351.35		56.611703229		55.2656977749		57.8798820319		
1466720994.59		59.1746417698		57.7895708508		60.4810886105		
1466754637.84		61.8148449021		60.39275084		63.1706165311		
1466788281.08		64.5452032673		63.0840836516		65.9457936785		
1466821924.32		67.3541209433		65.8438637581		68.7884453451		
1466855567.57		70.2445020065		68.6855231164		71.7158491917		
1466889210.81		73.214550419		71.6136922224		74.7141673964		
1466922854.05		76.2608544064		74.6218483286		77.7842604163		
1466956497.3		79.3886388919		77.7040967067		80.9489702697		
1466990140.54		82.621854338		80.8672220933		84.1938431015		
1467023783.78		85.8930820953		84.1094025384		87.5056055675		
1467057427.03		89.239265898		87.4186153267		90.8959195225		
1467091070.27		92.6613081048		90.8082744165		94.3470473582		
1467124713.51		96.1474616598		94.2401893707		97.8514321623		
1467158356.76		99.6734578233		97.7102435438		101.397160157		
1467192000.0		103.258280459		101.262971057		105.008954951		
1467225643.24		106.9319824		104.895138464		108.716518675		
1467259286.49		110.651446866		108.560574795		112.456453206		
1467292929.73		107.011213078		105.033600184		108.733201107		
1467326572.97		110.556694962		108.496742812		112.289299549		
1467360216.22		121.927727474		119.713821868		123.8299486		
1467393859.46		125.753710034		123.503997048		127.680093831		
1467427502.7		129.651721042		127.385616763		131.595495016		
1467461145.95		133.506906063		131.237395985		135.432168466		
1467494789.19		137.399964191		135.120539244		139.338721955		
1467528432.43		141.286220036		139.005930844		143.215160268		
1467562075.68		145.155705862		142.904980695		147.098489833		
1467595718.92		149.050025296		146.767609672		150.968149656		
1467629362.16		152.90422683		150.605907968		154.854540794		
1467663005.41		156.757129598		154.485535279		158.719173304		
1467696648.65		160.579075693		158.312240542		162.558273425		
1467730291.89		164.383422374		162.132078825		166.376701399		
1467763935.14		168.146242602		165.894435483		170.164726677		
1467797578.38		171.828789696		169.619012276		173.856194742		
1467831221.62		175.514627043		173.319080265		177.54644471		
1467864864.86		179.160656347		176.945270798		181.134693156		
1467898508.11		182.714797124		180.513365264		184.706510193		
1467932151.35		186.624936014		184.431450006		188.621085349		
1467965794.59		189.711270786		187.537373238		191.696402176		
1467999437.84		193.075623752		190.863268104		195.067044271		
1468033081.08		196.379304999		194.172202201		198.389582223		
1468066724.32		199.608432422		197.39202212		201.685088676		
1468100367.57		202.75721675		200.53831873		204.85841832		
1468134010.81		205.85768012		203.640117485		207.950062868		
1468167654.05		208.896105977		206.655596125		211.023146901		
1468201297.3		211.887997711		209.622206294		213.999761335		
1468234940.54		214.738558048		212.486939801		216.915009813		
1468268583.78		217.555183625		215.267419602		219.685896538		
1468302227.03		220.368560174		218.092273495		222.507287931		
1468335870.27		223.049694744		220.824777762		225.205979321		
1468369513.51		225.673470255		223.473134447		227.829587874		
1468403156.76		228.199815348		225.997162945		230.369071096		
1468436800.0		230.638764301		228.394281991		232.807754418		
1468470443.24		249.428737217		246.982803195		251.790198604		
1468504086.49		251.886562054		249.409464884		254.236450787		
1468537729.73		254.203872967		251.633067392		256.561275435		
1468571372.97		256.467826054		253.866832972		258.858376108		
1468605016.22		179.549628988		171.693421851		187.002651374		
1468638659.46		137.410513787		133.147311068		142.203185758		
1468672302.7		138.235106122		134.624513781		142.168716661		
1468705945.95		142.025703695		138.437033212		145.759807516		
1468739589.19		146.140477701		142.588704935		149.826533168		
1468773232.43		150.366799133		146.840478319		154.018185846		
1468806875.68		154.591748449		151.074521751		158.181475232		
1468840518.92		158.792028541		155.295295904		162.34631598		
1468874162.16		162.942991565		159.520026161		166.476519206		
1468907805.41		167.105876554		163.714047178		170.637201473		
1468941448.65		171.273344695		167.923413449		174.755758292		
1468975091.89		173.469166591		170.195591304		176.874220617		
1469008735.14		177.671807517		174.39600292		181.056998073		
1469042378.38		181.771210709		178.548540642		185.123005901		
1469076021.62		185.921509063		182.722459384		189.228623967		
1469109664.86		189.970597679		186.849820631		193.217118162		
1469143308.11		193.979368051		190.897546822		197.136618471		
1469176951.35		197.964540377		194.935304742		200.975000531		
1469210594.59		181.586432071		178.886922821		184.254516623		
1469244237.84		184.883389261		182.238776791		187.479923077		
1469277881.08		188.061583506		185.491527946		190.514583166		
1469311524.32		191.162177719		188.637449353		193.531895152		
1469345167.57		194.185781671		191.777820821		196.506044846		
1469378810.81		197.159464956		194.813104688		199.360394008		
1469412454.05		200.043403723		197.754156527		202.144557825		
1469446097.3		202.886023081		200.683967691		204.928856609		
1469479740.54		205.691243226		203.540286493		207.647063415		
1469513383.78		208.43187008		206.274990303		210.294256945		
1469547027.03		201.924114788		199.960150453		203.60074116		
1469580670.27		204.382346792		202.456645709		205.986850138		
1469614313.51		206.781277019		204.851176761		208.286730598		
1469647956.76		209.083681474		207.187211154		210.586687247		
1469681600.0		211.335086481		209.489656584		212.832622979		
1469715243.24		213.460729734		211.676197424		214.951704199		
1469748886.49		220.620874176		218.834155281		222.119041569		
1469782529.73		222.709904311		220.974612708		224.165735743		
1469816172.97		224.744672914		223.021975357		226.199191116		
1469849816.22		240.659793206		238.880026517		242.217326		
1469883459.46		242.656988621		240.932916061		244.218390717		
1469917102.7		244.608756115		242.86342082		246.228099497		
1469950745.95		246.521080322		244.722759294		248.089631912		
1469984389.19		248.356601807		246.56460855		249.919612283		
1470018032.43		250.124079937		248.254579984		251.699230046		
1470051675.68		251.850440362		249.925434314		253.417608211		
1470085318.92		238.169541816		236.30814679		239.62935037		
1470118962.16		255.146309712		253.172285086		256.730180694		
1470152605.41		256.618679931		254.619578792		258.203423702		
1470186248.65		239.937695054		238.078874418		241.418891713		
1470219891.89		241.437658258		239.583178559		242.902736697		
1470253535.14		242.882595571		241.038742402		244.339067569		
1470287178.38		244.27139053		242.489614659		245.739911872		
1470320821.62		245.579606086		243.845055599		247.037771617		
1470354464.86		246.371551317		244.630629172		247.825860571		
1470388108.11		247.864351771		246.125388923		249.293243822		
1470421751.35		249.141810146		247.433406928		250.583517324		
1470455394.59		250.32295438		248.639650056		251.761406508		
1470489037.84		251.488705086		249.796563401		252.920951825		
1470522681.08		249.825997348		248.149445658		251.235490026		
1470556324.32		250.915409026		249.220041457		252.347407405		
1470589967.57		252.044630745		250.335348314		253.448695663		
1470623610.81		253.120070242		251.43997326		254.526897415		
1470657254.05		254.228292714		252.523048462		255.607776266		
1470690897.3		255.27348081		253.564817533		256.659850212		
1470724540.54		275.743199943		273.863864223		277.217101324		
1470758183.78		258.30206817		256.529868684		259.663677497		
1470791827.03		277.641537079		275.763794401		279.132604325		
1470825470.27		277.860471002		276.001325001		279.35382395		
1470859113.51		277.964007703		276.104620814		279.451601906		
1470892756.76		278.028509444		276.178894839		279.491970231		
1470926400.0		278.046295544		276.245725537		279.532875179		
1470960043.24		278.301490382		276.572665971		279.752444948		
1470993686.49		278.66986822		277.07636539		280.073998743		
1471027329.73		278.95425213		277.419396634		280.300153637		
1471060972.97		279.323485975		277.855637249		280.672430757		
1471094616.22		279.620347667		278.209523631		280.941912984		
1471128259.46		279.965921437		278.638432808		281.297848256		
1471161902.7		280.30506916		278.985396663		281.563255669		
1471195545.95		280.614768276		279.305312641		281.843014004		
1471229189.19		280.946490782		279.632713992		282.195235079		
1471262832.43		281.211467645		279.939409584		282.48813949		
1471296475.68		281.53540834		280.223482944		282.808359581		
1471330118.92		281.894275094		280.541352959		283.187494891		
1471363762.16		282.142193268		280.789667928		283.473735706		
1471397405.41		282.428403486		281.093982674		283.777047212		
1471431048.65		282.688622683		281.325659759		284.086064893		
1471464691.89		283.04522808		281.606726702		284.451167002		
1471498335.14		283.381702022		281.976121061		284.810432624		
1471531978.38		283.659989333		282.217763728		285.120408066		
1471565621.62		283.973185413		282.501814486		285.452012813		
1471599264.86		284.280534664		282.795757691		285.77666903		
1471632908.11		284.567278718		283.066668749		286.083761806		
1471666551.35		284.819967327		283.326602099		286.37017578		
1471700194.59		285.087901036		283.576675424		286.662727544		
1471733837.84		285.354714086		283.817011357		286.940552685		
1471767481.08		285.640580142		284.06120019		287.226333677		
1471801124.32		285.927778365		284.302857335		287.491055054		
1471834767.57		286.258786264		284.629870625		287.866089974		
1471868410.81		286.416284439		284.761829758		288.038038281		
1471902054.05		285.527714498		284.078986975		287.051418715		
1471935697.3		276.851890554		275.439663553		278.204424102		
1471969340.54		268.880449341		267.485319166		270.336216471		
1472002983.78		261.46408773		260.034747454		262.940894592		
1472036627.03		254.550250947		252.94427392		256.023575573		
1472070270.27		239.505893451		237.761825264		240.958643421		
1472103913.51		242.161085576		240.370490357		243.673500503		
1472137556.76		217.97913697		216.354878639		219.413725168		
1472171200.0		231.48039267		229.717635451		233.008963971		
1472204843.24		226.510681943		224.763194054		228.037591337		
1472238486.49		221.789779022		220.077938549		223.30951275		
1472272129.73		217.288935231		215.618760574		218.79197082		
1472305772.97		213.001206991		211.357572447		214.49104177		
1472339416.22		208.913359464		207.279714596		210.385068504		
1472373059.46		205.00922936		203.389570014		206.500450869		
1472406702.7		201.280356204		199.663256707		202.760829937		
1472440345.95		197.693598901		196.074234856		199.182359107		
1472473989.19		194.256947812		192.671410707		195.745378163		
1472507632.43		190.950705902		189.395061455		192.441101313		
1472541275.68		187.77657112		186.249051894		189.245967966		
1472574918.92		184.717892118		183.194906109		186.181963139		
1472608562.16		181.757158189		180.262470912		183.260378147		
1472642205.41		178.918370966		177.459988575		180.375594296		
1472675848.65		176.186225696		174.742678799		177.582289794		
1472709491.89		173.545161823		172.129169693		174.903059831		
1472743135.14		171.022519309		169.586657316		172.282969834		
1472776778.38		168.555836364		167.126959213		169.78851856		
1472810421.62		166.097684056		164.695724801		167.258303565		
1472844064.86		164.220377109		162.875863751		165.341012397		
1472877708.11		168.242341978		166.920334703		169.366148166		
1472911351.35		172.112785122		170.826460487		173.20115963		
1472944994.59		175.950265579		174.694169894		177.037937121		
1472978637.84		179.787253081		178.582940608		180.884585365		
1473012281.08		183.579066431		182.435880481		184.673503598		
1473045924.32		187.340508362		186.225831818		188.426543361		
1473079567.57		191.1127238		189.970794595		192.178854294		
1473113210.81		195.086592601		193.947115676		196.156983367		
1473146854.05		198.700905377		197.578943194		199.78291333		
1473180497.3		202.425135583		201.304630762		203.500981272		
1473214140.54		206.090608264		204.978196443		207.164774808		
1473247783.78		209.702717861		208.606043526		210.784744031		
1473281427.03		213.296647972		212.216351194		214.333102674		
1473315070.27		216.809159314		215.707991266		217.871265662		
1473348713.51		220.297348258		219.167483648		221.340833901		
1473382356.76		223.524610475		222.414052561		224.570741487		
1473416000.0		226.95699132		225.857698409		228.055606609		
1473449643.24		230.220084587		229.117726761		231.364159434		
1473483286.49		233.430484624		232.325405912		234.579658036		
1473516929.73		236.636673666		235.522344933		237.766132016		
1473550572.97		239.744191986		238.623726319		240.986841286		
1473584216.22		242.777564649		241.678133658		244.077077582		
1473617859.46		245.746643445		244.653163664		247.133290914		
1473651502.7		248.667799153		247.581262328		250.126813902		
1473685145.95		251.543581366		250.502919415		253.079729154		
1473718789.19		254.365813816		253.335636976		255.977041593		
1473752432.43		257.123382848		256.120824861		258.772259966		
1473786075.68		259.847212966		258.870895073		261.523984791		
1473819718.92		262.918188815		261.954594456		264.602406246		
1473853362.16		265.71363225		264.731105563		267.376139227		
1473887005.41		268.320529537		267.29581698		269.986805495		
1473920648.65		270.436796642		269.392425151		272.179933912		
1473954291.89		272.834137459		271.796070184		274.615085299		
1473987935.14		275.226133498		274.2100279		277.092123465		
1474021578.38		277.547198454		276.540000643		279.529727306		
1474055221.62		279.795101434		278.802266845		281.898669307		
1474088864.86		273.211147584		272.274010088		275.45686813		
1474122508.11		275.289931741		274.372753166		277.700242319		
1474156151.35		277.33228968		276.442410967		279.887752822		
1474189794.59		279.366663131		278.493814875		282.031895593		
1474223437.84		281.315697054		280.456462903		284.135209512		
1474257081.08		283.225871798		282.376766968		286.190261707		
1474290724.32		285.087234285		284.236895028		288.190325755		
1474324367.57		286.890712097		286.050708476		290.138986925		
1474358010.81		288.660449632		287.811136692		292.03184599		
1474391654.05		288.415610544		287.578253539		291.891587757		
1474425297.3		290.117847511		289.293588673		293.706428084		
1474458940.54		291.788965353		290.972819496		295.485828892		
1474492583.78		293.431862761		292.629990939		297.251221232		
1474526227.03		293.895708264		293.108403215		297.78867579		
1474559870.27		295.806594076		295.027749171		299.809817621		
1474593513.51		297.717511107		296.930958899		301.821202609		
1474627156.76		299.497906233		298.708882346		303.699475598		
1474660800.0		296.578728756		295.805942551		300.817195975		
1474694443.24		298.164374514		297.409401389		302.48308221		
1474728086.49		299.64031312		298.887449414		304.053211631		
1474761729.73		301.067081505		300.321340536		305.560215086		
1474795372.97		302.44222701		301.704869102		307.004577623		
1474829016.22		303.782599702		303.03922139		308.400248661		
1474862659.46		305.072941123		304.33349481		309.738141383		
1474896302.7		306.324639485		305.590106087		311.028751613		
1474929945.95		307.525139862		306.800823495		312.274703307		
1474963589.19		308.69491911		307.979997631		313.520684087		
1474997232.43		309.859481766		309.143772461		314.754972768		
1475030875.68		310.994719127		310.282223379		315.936342896		
1475064518.92		312.093408552		311.396161428		317.073595551		
1475098162.16		313.311948821		312.611216491		318.360217933		
1475131805.41		314.530569315		313.825808888		319.672355995		
1475165448.65		315.713919423		315.0129161		320.949915669		
1475199091.89		310.792353637		310.123350484		315.137731626		
1475232735.14		301.439207816		300.729904332		304.310410337		
1475266378.38		292.4247281		291.689079791		293.905085014		
1475300021.62		274.434965255		273.607914616		275.441792421		
1475333664.86		275.85214044		274.779817217		276.708433812		
1475367308.11		270.46542396		269.277735981		271.359371246		
1475400951.35		268.096971784		266.774853556		269.022591222		
1475434594.59		266.112919388		264.640309726		267.279501676		
1475468237.84		264.239654286		262.597154788		265.549089047		
1475501881.08		262.470124782		260.561707985		263.923846932		
1475535524.32		257.777151613		255.590530381		259.315460789		
1475569167.57		256.206095542		253.713217168		257.884145287		
1475602810.81		254.932709724		252.163801331		256.748100703		
1475636454.05		253.428736003		250.387640495		255.368582346		
1475670097.3		253.196862653		249.896641147		255.25866287		
1475703740.54		256.889512361		253.572330143		258.95503643		
1475737383.78		262.547901847		259.332022592		264.576477135		
1475771027.03		268.313336683		265.194769382		270.297968615		
1475804670.27		273.922981624		270.956577497		275.886677254		
1475838313.51		279.468028481		276.625962179		281.375719065		
1475871956.76		284.80187099		282.066614123		286.666292579		
1475905600.0		289.48356095		286.835684305		291.285089913		
1475939243.24		294.065924624		291.625728602		295.82366117		
1475972886.49		298.608329128		296.312631919		300.30827379		
1476006529.73		303.011541176		300.851862416		304.702740253		
1476040172.97		307.315888743		305.271355404		308.963464828		
1476073816.22		311.542298794		309.565633038		313.117488574		
1476107459.46		315.656103703		313.738176962		317.180212015		
1476141102.7		319.686548847		317.873344646		321.176004709		
1476174745.95		323.694391112		321.92321493		325.096053613		
1476208389.19		327.501486585		325.834924456		328.846022158		
1476242032.43		331.248589454		329.666944841		332.542050079		
1476275675.68		334.912520152		333.352429976		336.104495112		
1476309318.92		338.4385774		336.866743838		339.581212453		
1476342962.16		341.145165203		339.615512356		342.250941047		
1476376605.41		343.860802788		342.391670557		345.011332992		
1476410248.65		346.857838905		345.430790462		348.001395302		
1476443891.89		349.763165943		348.372472752		350.899974235		
1476477535.14		352.453674486		351.112137635		353.586301799		
1476511178.38		355.47124168		354.177140079		356.650059984		
1476544821.62		358.420307435		357.151825599		359.615129257		
1476578464.86		361.290955856		360.035213743		362.523980296		
1476612108.11		364.032361897		362.830648504		365.323509375		
1476645751.35		366.704992361		365.541138696		368.009453048		
1476679394.59		369.283971271		368.175106119		370.616042147		
1476713037.84		371.780398799		370.747633252		373.080755093		
1476746681.08		374.19086622		373.176792023		375.58128555		
1476780324.32		376.526811331		375.523310823		377.973208858		
1476813967.57		378.772864192		377.790618497		380.23249205		
1476847610.81		380.959770399		380.020326957		382.419897412		
1476881254.05		383.098800863		382.153409584		384.602267513		
1476914897.3		385.139413349		384.189705036		386.844888282		
1476948540.54		387.051140606		386.117565053		388.932357269		
1476982183.78		388.840593067		387.919494681		390.808850625		
1477015827.03		390.318892193		389.42587146		392.373430984		
1477049470.27		391.746691151		390.873412831		393.965987343		
1477083113.51		393.117220821		392.287063453		395.507147992		
1477116756.76		394.46576922		393.658553009		397.008671852		
1477150400.0		395.780968643		394.977864052		398.463355492		
1477184043.24		397.046221813		396.260625978		399.868056482		
1477217686.49		398.2880408		397.522203272		401.238792322		
1477251329.73		399.496940989		398.745853183		402.567403492		
1477284972.97		400.665495779		399.932409958		403.852662999		
1477318616.22		401.796442362		401.075599768		405.095468691		
1477352259.46		402.903739399		402.176883498		406.295436027		
1477385902.7		403.980540301		403.255148999		407.461193948		
1477419545.95		405.002367712		404.275971508		408.572135716		
1477453189.19		406.028474015		405.291245394		409.672601411		
1477486832.43		407.01944442		406.280622538		410.744847994		
1477520475.68		407.987045791		407.261874094		411.7960686		
1477554118.92		408.9215844		408.203694481		412.775422566		
1477587762.16		409.707774873		408.998235088		413.536329448		
1477621405.41		410.715457709		410.000738173		414.627559174		
1477655048.65		411.606670407		410.889706968		415.556594444		
1477688691.89		412.41283012		411.702644629		416.404183877		
1477722335.14		413.23323362		412.537588695		417.28176367		
1477755978.38		414.053871378		413.350048436		418.152621337		
1477789621.62		414.852138245		414.151078917		419.001722186		
1477823264.86		415.640004643		414.939263124		419.821648781		
1477856908.11		416.40343903		415.702550403		420.608424809		
1477890551.35		417.160765575		416.457663638		421.394005021		
1477924194.59		417.879712826		417.178490788		422.133265645		
1477957837.84		418.599534955		417.904430472		422.880313175		
1477991481.08		419.316532449		418.622662173		423.610516136		
1478025124.32		420.015911754		419.323389776		424.31729101		
1478058767.57		420.709303564		420.015289135		425.018352473		
1478092410.81		421.371371618		420.674306083		425.685579586		
1478126054.05		422.046133256		421.348517359		426.362055084		
1478159697.3		422.674117179		421.982440902		426.994738957		
1478193340.54		423.36517341		422.672951182		427.678942855		
1478226983.78		424.004061301		423.310274478		428.318938034		
1478260627.03		424.638874365		423.942187291		428.949531778		
1478294270.27		425.284486279		424.588067059		429.588462816		
1478327913.51		425.920532688		425.220612544		430.220047485		
1478361556.76		426.521712682		425.830618355		430.817088616		
1478395200.0		427.143014393		426.461892871		431.431499415		
1478428843.24		427.739768315		427.056745556		432.016658769		
1478462486.49		428.323317068		427.650096336		432.589836403		
1478496129.73		428.905757871		428.239548392		433.161385183		
1478529772.97		429.494502235		428.828039629		433.738217461		
1478563416.22		430.088395607		429.418308288		434.317374932		
1478597059.46		430.669444472		429.995739368		434.881289662		
1478630702.7		431.248834225		430.576986053		435.444676477		
1478664345.95		431.830790289		431.165436434		436.008588872		
1478697989.19		432.39278813		431.725789132		436.550775852		
1478731632.43		432.960249769		432.292466672		437.096675376		
1478765275.68		433.536085902		432.863277968		437.648257664		
1478798918.92		434.084953827		433.41404813		438.175733345		
1478832562.16		434.658142339		433.986576136		438.721634115		
1478866205.41		435.208768318		434.541215925		439.250602399		
1478899848.65		435.760665953		435.097844659		439.781132738		
1478933491.89		436.318616804		435.657092307		440.312425068		
1478967135.14		436.882541124		436.221015606		440.848255039		
1479000778.38		437.417348256		436.756273165		441.357835879		
1479034421.62		437.982383641		437.32209342		441.894863644		
1479068064.86		438.523179618		437.866756427		442.409303131		
1479101708.11		439.05985024		438.406076677		442.919306387		
1479135351.35		439.617621497		438.960752888		443.444517661		
1479168994.59		440.156360449		439.503313215		443.955635757		
1479202637.84		440.693199516		440.041877616		444.462603346		
1479236281.08		441.229068989		440.582458264		444.970546352		
1479269924.32		441.751654261		441.109914327		445.466131272		
1479303567.57		442.280312787		441.639871997		445.965314757		
1479337210.81		442.811164749		442.171951662		446.465303583		
1479370854.05		443.341755686		442.70501759		446.966148501		
1479404497.3		443.872745302		443.234959105		447.465314235		
1479438140.54		444.41531371		443.779396445		447.975879691		
1479471783.78		444.937354749		444.302703107		448.468292497		
1479505427.03		445.480044404		444.849414542		448.979239467		
1479539070.27		446.010596553		445.379236013		449.476002163		
1479572713.51		446.544296359		445.912073185		449.975278252		
1479606356.76		447.082211355		446.451175597		450.477167876		
1479640000.0		447.614251518		446.982064798		450.971747168		
1479673643.24		448.133787976		447.498741625		451.455039479		
1479707286.49		448.657252878		448.025424106		451.944729247		
1479740929.73		449.184999008		448.557072327		452.438802568		
1479774572.97		425.44074124		423.687637057		427.028402605		
1479808216.22		367.19071469		365.528565116		368.787567012		
1479841859.46		367.954345703		366.597912991		369.130374072		
1479875502.7		381.926885491		380.60677533		383.054872496		
1479909145.95		385.293096368		384.00824472		386.372403439		
1479942789.19		388.554570321		387.330960634		389.596391755		
1479976432.43		391.770603278		390.556469222		392.755621549		
1480010075.68		394.845781676		393.696284546		395.807915641		
1480043718.92		397.857837999		396.752738304		398.788325665		
1480077362.16		400.759458784		399.682853163		401.652504809		
1480111005.41		403.548402139		402.490714357		404.43545924		
1480144648.65		406.174262649		405.145069808		407.027711026		
1480178291.89		405.284970863		404.38216488		406.113822066		
1480211935.14		404.423759238		403.621072155		405.200663662		
1480245578.38		403.60435869		402.891179957		404.325404884		
1480279221.62		402.858384297		402.211472006		403.536292269		
1480312864.86		402.175473094		401.556867953		402.78963289		
1480346508.11		401.536902083		400.953629102		402.121634064		
1480380151.35		400.938975097		400.372074399		401.523813169		
1480413794.59		400.386667212		399.827073306		400.951526918		
1480447437.84		399.87846307		399.314478906		400.462236902		
1480481081.08		399.43253875		398.865815033		399.995258201		
1480514724.32		399.027715059		398.427331275		399.614406997		
1480548367.57		398.665172757		398.02799754		399.233669252		
1480582010.81		398.338986622		397.68261368		398.944611804		
1480615654.05		398.048612339		397.380772542		398.667970623		
1480649297.3		397.777769533		397.090436757		398.435951476		
1480682940.54		397.545813261		396.802766196		398.241695292		
1480716583.78		397.300517246		396.558692577		398.058789178		
1480750227.03		397.121869886		396.375706864		397.934696097		
1480783870.27		396.956806708		396.196445116		397.809250964		
1480817513.51		396.823018467		396.039469198		397.743729902		
1480851156.76		396.71498411		395.912448946		397.650939164		
1480884800.0		396.65195942		395.823910109		397.593946328		
1480918443.24		396.607451651		395.745804073		397.575772571		
1480952086.49		399.368059903		398.515742077		400.313095328		
1480985729.73		402.744986012		401.924761673		403.643284342		
1481019372.97		406.021200646		405.229798063		406.874337493		
1481053016.22		409.198841385		408.442323006		410.028470302		
1481086659.46		412.262900624		411.525571428		413.053475858		
1481120302.7		415.252264941		414.528377122		415.996978964		
1481153945.95		418.162818834		417.463301425		418.871662022		
1481187589.19		420.984827918		420.313747939		421.671197199		
1481221232.43		423.77895222		423.126373504		424.42644634		
1481254875.68		426.398573035		425.75646806		427.028466886		
1481288518.92		428.926200569		428.307129329		429.525996314		
1481322162.16		431.36204074		430.766874286		431.946404647		
1481355805.41		433.723542482		433.155701562		434.291620157		
1481389448.65		436.006339389		435.458286411		436.554560248		
1481423091.89		438.232608483		437.692159143		438.766724803		
1481456735.14		440.411545166		439.89308565		440.929403222		
1481490378.38		442.538934988		442.032084501		443.048503464		
1481524021.62		444.570408711		444.07031714		445.056547586		
1481557664.86		446.478409193		445.993583118		446.947486528		
1481591308.11		448.151788272		447.684353086		448.612695785		
1481624951.35		449.693521259		449.239133161		450.132489819		
1481658594.59		451.191369788		450.74427486		451.61096478		
1481692237.84		452.654975961		452.230453005		453.060116559		
1481725881.08		454.078349763		453.668335439		454.472761926		
1481759524.32		455.529718466		455.131607442		455.911138582		
1481793167.57		456.951537097		456.568778746		457.330656849		
1481826810.81		458.243886653		457.882009392		458.609924748		
1481860454.05		459.539121977		459.174412069		459.895458152		
1481894097.3		460.812563076		460.446983395		461.173149017		
1481927740.54		462.044568841		461.695767344		462.398921022		
1481961383.78		463.236233633		462.886540332		463.589338004		
1481995027.03		464.392638223		464.046049304		464.751852362		
1482028670.27		465.502515905		465.163197141		465.863775543		
1482062313.51		466.617644371		466.284415377		466.982562009		
1482095956.76		467.726104426		467.371968458		468.072385247		
1482129600.0		468.80817547		468.438387393		469.156134887		
1482163243.24		469.825009949		469.438536229		470.170641508		
1482196886.49		461.085005162		460.820918083		461.367179168		
1482230529.73		451.663825548		451.443724787		451.902879097		
1482264172.97		442.982489516		442.75664641		443.207501811		
1482297816.22		434.910812667		434.641550079		435.183413093		
1482331459.46		427.278602044		426.962984556		427.634901227		
1482365102.7		422.368297855		422.002900223		422.791996539		
1482398745.95		425.527101312		425.18716369		425.924687687		
1482432389.19		428.696943847		428.375028129		429.068747091		
1482466032.43		431.74973325		431.431733323		432.089939342		
1482499675.68		434.70484152		434.414662279		435.024776977		
1482533318.92		437.568265986		437.281021745		437.862004337		
1482566962.16		440.326654291		440.044697323		440.605212181		
1482600605.41		443.027848015		442.752761445		443.298980754		
1482634248.65		445.631959434		445.354979632		445.89108285		
1482667891.89		448.10610654		447.833817985		448.373019839		
1482701535.14		450.496571285		450.218285829		450.764185533		
1482735178.38		452.807668039		452.514775981		453.069754145		
1482768821.62		455.0368982		454.729582225		455.303947305		
1482802464.86		457.172354548		456.850099124		457.44553949		
1482836108.11		459.256787883		458.896505636		459.529748879		
1482869751.35		461.256781695		460.876502824		461.534980295		
1482903394.59		463.199375465		462.812048949		463.496597861		
1482937037.84		465.116208604		464.714908351		465.421296475		
1482970681.08		464.526532157		464.069346337		464.833405239		
1483004324.32		466.448903433		465.940988598		466.762344445		
1483037967.57		468.322813592		467.75362691		468.63843306		
1483071610.81		470.127412143		469.537658383		470.450358217		
1483105254.05		471.884353451		471.247218341		472.21561647		
1483138897.3		473.545543707		472.87152712		473.882609757		
1483172540.54		475.143529061		474.421901047		475.475389969		
1483206183.78		476.695118339		475.914040005		477.025666018		
1483239827.03		478.204217557		477.372637825		478.535646259		
1483273470.27		479.677554706		478.783198981		480.015060567		
1483307113.51		481.131111103		480.180409591		481.474909064		
1483340756.76		482.544143783		481.539531484		482.89581769		
1483374400.0		483.916264788		482.845778616		484.273012507		
1483408043.24		485.229792211		484.098866324		485.596236517		
1483441686.49		486.505086632		485.303237055		486.87714999		
1483475329.73		487.721085196		486.459737425		488.104135445		
1483508972.97		488.887193685		487.560348377		489.278466186		
1483542616.22		490.054211047		488.663069002		490.453429792		
1483576259.46		491.213348639		489.760772974		491.621622936		
1483609902.7		492.327301116		490.814998599		492.745170534		
1483643545.95		493.391089803		491.812452553		493.819324724		
1483677189.19		494.444604851		492.800674029		494.878228616		
1483710832.43		495.494707057		493.779901746		495.927421052		
1483744475.68		496.547120909		494.760347357		496.985010871		
1483778118.92		497.577289835		495.722678883		498.022561617		
1483811762.16		498.584103097		496.665431542		499.041285846		
1483845405.41		499.570959256		497.59046587		500.039429611		
1483879048.65		500.533314533		498.481048738		501.002794387		
1483912691.89		501.465427516		499.352175511		501.950932687		
1483946335.14		502.391985638		500.210022298		502.879645252		
1483979978.38		503.317500107		501.071351003		503.816165301		
1484013621.62		504.283249944		501.968481845		504.78772694		
1484047264.86		505.236936109		502.851515162		505.747327554		
1484080908.11		506.115670166		503.646817265		506.634113605		
1484114551.35		506.940922531		504.3955971		507.468857964		
1484148194.59		507.745476092		505.122842009		508.276011158		
1484181837.84		508.536693653		505.84167518		509.071186584		
1484215481.08		509.354912608		506.599611		509.89706396		
1484249124.32		510.138642191		507.327261555		510.687810752		
1484282767.57		510.866949262		507.954358691		511.411881431		
1484316410.81		511.583844631		508.612566153		512.133518857		
1484350054.05		512.269249553		509.218535242		512.818989827		
1484383697.3		512.992717752		509.867924823		513.543402077		
1484417340.54		513.723700599		510.510162287		514.279008189		
1484450983.78		514.456463307		511.176850494		515.020349447		
1484484627.03		515.202927927		511.858114231		515.779931288		
1484518270.27		515.890609755		512.47169936		516.479775646		
1484551913.51		516.560825028		513.062005931		517.161573419		
1484585556.76		517.233963052		513.663023321		517.841546668		
1484619200.0		517.861532821		514.221689086		518.472661747		
1484652843.24		518.524036492		514.797373124		519.139519699		
1484686486.49		519.219978691		515.415671045		519.847980211		
1484720129.73		519.917693765		516.013559481		520.547077028		
1484753772.97		520.567302754		516.580788836		521.2064907		
1484787416.22		412.734740237		409.535262019		413.255210837		
1484821059.46		413.257095554		409.994707003		413.783623845		
1484854702.7		413.775456508		410.435955595		414.302058233		
1484888345.95		414.29208044		410.891027574		414.81976353		
1484921989.19		414.819833501		411.358070948		415.353624586		
1484955632.43		496.200176341		491.973905639		496.841759013		
1484989275.68		496.86592518		492.558040003		497.510451473		
1485022918.92		497.532068167		493.138020451		498.17750024		
1485056562.16		498.165869717		493.693895521		498.815350055		
1485090205.41		498.782445242		494.238758492		499.437162317		
1485123848.65		499.425374562		494.810896203		500.081949387		
1485157491.89		500.038143474		495.345883035		500.699757119		
1485191135.14		500.631761979		495.864147105		501.293267154		
1485224778.38		495.851051222		491.14507859		496.513285046		
1485258421.62		484.491033383		480.019264079		485.142319687		
1485292064.86		473.896175133		469.523734098		474.545319189		
1485325708.11		469.445115706		465.080506224		470.095493454		
1485359351.35		471.107193349		466.631803665		471.77248709		
1485392994.59		472.732469778		468.122704427		473.405279035		
1485426637.84		474.355790294		469.672105139		475.036737367		
1485460281.08		398.376990102		394.377410414		398.95646549		
1485493924.32		399.750487455		395.621553259		400.337883164		
1485527567.57		401.093373472		396.828014672		401.690008217		
1485561210.81		402.399693842		398.024667569		403.008891433		
1485594854.05		403.653186367		399.165356601		404.266592518		
1485628497.3		404.876079753		400.325313164		405.496399049		
1485662140.54		406.080090992		401.461994486		406.700517591		
1485695783.78		407.266471067		402.577307885		407.892390931		
1485729427.03		408.415227335		403.647139498		409.051968686		
1485763070.27		409.540972035		404.689588737		410.184841066		
1485796713.51		410.637385228		405.70243388		411.287662438		
1485830356.76		472.928698606		467.169580252		473.684885675		
1485864000.0		474.109175425		468.256597824		474.87071202		
1485897643.24		475.26962248		469.320531044		476.033218878		
1485931286.49		476.387780548		470.342050116		477.161478546		
1485964929.73		462.079774838		459.937246913		465.059577998		
1485998572.97		455.638138057		453.288969146		462.9064567		
1486032216.22		457.324766439		454.997406442		464.187774027		
1486065859.46		469.009534331		466.748668254		475.372123761		
1486099502.7		470.859134235		468.730068065		476.595976659		
1486133145.95		472.57487487		470.533362924		477.62892522		
1486166789.19		474.243539243		472.296016105		478.659380652		
1486200432.43		475.898510541		474.049636351		479.693218835		
1486234075.68		477.50517308		475.747098525		480.763663536		
1486267718.92		479.078990018		477.432133051		481.91150397		
1486301362.16		480.572356247		479.055798127		483.021333231		
1486335005.41		482.046437984		480.615638436		484.125339442		
1486368648.65		483.430482709		482.079716338		485.160961202		
1486402291.89		484.770113515		483.51069781		486.206887546		
1486435935.14		486.097503715		484.961843687		487.287325666		
1486469578.38		487.450621181		486.393553962		488.495555665		
1486503221.62		488.6838025		487.793617023		489.731157678		
1486536864.86		489.865452336		489.033806974		490.886196401		
1486570508.11		491.111283084		490.140299927		492.128110033		
1486604151.35		492.300793092		491.201683185		493.29119741		
1486637794.59		493.520613383		492.241719455		494.440147613		
1486671437.84		494.678937259		493.173645492		495.550819685		
1486705081.08		495.76996828		493.949517457		496.62691554		
1486738724.32		496.836579969		494.528635155		497.67975006		
1486772367.57		497.88017996		495.123598785		498.699940208		
1486806010.81		498.972574257		495.776519134		499.749837674		
1486839654.05		500.025922635		496.383342005		500.786579382		
1486873297.3		501.069567093		497.128806726		501.819019405		
1486906940.54		502.139980253		497.908234649		502.874511425		
1486940583.78		503.199992191		498.684433944		503.914356508		
1486974227.03		504.193162947		499.341326621		504.89750995		
1487007870.27		505.173618808		499.926291734		505.867195124		
1487041513.51		506.138123237		500.57501581		506.841222391		
1487075156.76		507.081497399		501.212163725		507.776317544		
1487108800.0		508.025371039		501.851347521		508.726888487		
1487142443.24		508.99571197		502.548865371		509.715976726		
1487176086.49		509.956143217		503.231445119		510.673685892		
1487209729.73		510.93903877		503.951445191		511.672168542		
1487243372.97		511.861863229		504.618521808		512.60646797		
1487277016.22		513.68110874		506.162175811		514.452204273		
1487310659.46		514.523398757		506.76112835		515.31245263		
1487344302.7		515.357693364		507.346082229		516.137060113		
1487377945.95		516.17916857		507.939838289		516.97577062		
1487411589.19		516.992747013		508.516909093		517.809435665		
1487445232.43		517.765298349		509.054187412		518.58668876		
1487478875.68		518.571551605		509.634333195		519.411788694		
1487512518.92		519.437835671		510.27957422		520.299646956		
1487546162.16		520.239037509		510.859686074		521.113519604		
1487579805.41		521.067325571		511.465518015		521.949347786		
1487613448.65		521.865637605		512.047456711		522.756565731		
1487647091.89		522.687338468		512.664473484		523.580636715		
1487680735.14		523.532280139		513.297846469		524.429867067		
1487714378.38		524.345513055		513.904088948		525.265064493		
1487748021.62		525.176101253		514.531135999		526.113123713		
1487781664.86		525.983395259		515.150655943		526.948089834		
1487815308.11		526.876677244		515.851676371		527.863016745		
1487848951.35		527.715587488		516.502907551		528.723050995		
1487882594.59		528.554314505		517.147450446		529.575209947		
1487916237.84		529.38343151		517.789884991		530.416853448		
1487949881.08		530.134428077		518.364547213		531.16182636		
1487983524.32		530.904568867		518.968632928		531.938888859		
1488017167.57		531.664115695		519.561007727		532.667340902		
1488050810.81		532.415136978		520.196575221		533.407160925		
1488084454.05		533.132138955		520.821344865		534.116268126		
1488118097.3		533.827006183		521.431936112		534.781654841		
1488151740.54		534.511037515		522.065204413		535.428167791		
1488185383.78		535.180654349		522.702019104		536.070403897		
1488219027.03		535.807402593		523.341418686		536.693604851		
1488252670.27		536.473123596		524.030087053		537.354391057		
1488286313.51		537.088126312		524.68704204		537.971548696		
1488319956.76		537.645539724		525.306191042		538.491190279		
1488353600.0		538.194582226		525.952205234		539.03319344		
1488387243.24		538.70677041		526.592305384		539.581470922		
1488420886.49		539.291373342		527.312622504		540.165905606		
1488454529.73		539.846674714		528.009709198		540.712994121		
1488488172.97		540.366760392		528.723786501		541.255853004		
1488521816.22		540.821169114		529.38225406		541.708456843		
1488555459.46		541.328198286		530.100485608		542.217844081		
1488589102.7		541.785506484		530.785851347		542.664710904		
1488622745.95		542.26039021		531.509752147		543.154945563		
1488656389.19		542.687033341		532.191018706		543.570985849		
1488690032.43		543.058001254		532.827983071		543.935502681		
1488723675.68		543.395891344		533.461074838		544.280391495		
1488757318.92		542.520383129		532.913302292		543.401577554		
1488790962.16		542.539004143		533.250056403		543.431009292		
1488824605.41		543.082568415		534.116792502		543.970723874		
1488858248.65		543.623094956		534.99589355		544.505985232		
1488891891.89		544.195921159		535.909729791		545.075119475		
1488925535.14		544.705737471		536.68909189		545.598568616		
1488959178.38		545.170848614		537.382345988		546.074600044		
1488992821.62		545.646882371		538.203321137		546.560787069		
1489026464.86		546.193726183		539.093051933		547.104888328		
1489060108.11		546.666266878		539.878101217		547.569897333		
1489093751.35		548.21857644		541.782331576		549.117601995		
1489127394.59		548.58717719		542.455744831		549.490132357		
1489161037.84		548.978046778		542.972833116		549.891640832		
1489194681.08		549.336930799		543.468656361		550.250694884		
1489228324.32		549.779703957		544.071501229		550.687165713		
1489261967.57		550.229696429		544.693485593		551.12178541		
1489295610.81		550.620440792		545.320163487		551.504489117		
1489329254.05		551.00635077		546.065103482		551.89582084		
1489362897.3		551.322001849		546.800999944		552.205892021		
1489396540.54		551.610515095		547.503929693		552.483681633		
1489430183.78		551.886016496		548.177114256		552.764207788		
1489463827.03		552.168149191		548.945110071		553.042491288		
1489497470.27		552.415366174		549.707565848		553.293054146		
1489531113.51		552.695601198		550.422816475		553.570233156		
1489564756.76		552.951143691		551.149037125		553.819626464		
1489598400.0		553.250206951		551.800104813		554.127510445		
1489632043.24		553.505577153		552.369074499		554.363036554		
1489665686.49		553.817307231		552.923737554		554.662605479		
1489699329.73		554.069608881		553.320941948		554.855849649		
1489732972.97		554.342195846		553.624471236		555.102916291		
1489766616.22		554.665786622		553.90486753		555.505286191		
1489800259.46		555.007568064		554.17137868		555.993990863		
1489833902.7		555.247352958		554.401929018		556.479767481		
1489867545.95		555.409656876		554.564143507		556.913751789		
1489901189.19		555.573311634		554.728787776		557.347348161		
1489934832.43		555.692493232		554.853766806		557.837167062		
1489968475.68		555.881597374		555.036800839		558.484633836		
1490002118.92		556.050688165		555.221181761		558.935466845		
1490035762.16		556.231348019		555.405570464		559.376450628		
1490069405.41		556.39570749		555.57982567		559.806097678		
1490103048.65		556.595904074		555.779217578		560.269731212		
1490136691.89		556.756419963		555.940636873		560.695895539		
1490170335.14		556.918896911		556.099475133		561.111618417		
1490203978.38		557.04053867		556.219480425		561.480543181		
1490237621.62		557.209871448		556.392250024		561.897655969		
1490271264.86		557.417801616		556.59115086		562.348822407		
1490304908.11		557.643079231		556.81086559		562.816181609		
1490338551.35		557.775538398		556.949722139		563.189466064		
1490372194.59		557.898745042		557.067063769		563.547380741		
1490405837.84		558.132854045		557.290815975		564.005323358		
1490439481.08		558.324965462		557.466750539		564.426839747		
1490473124.32		558.468975867		557.599986549		564.800148164		
1490506767.57		558.630816841		557.753189063		565.193030438		
1490540410.81		558.783387521		557.891584876		565.570570382		
1490574054.05		558.93725959		558.03160603		565.94045366		
1490607697.3		559.078318498		558.166038621		566.302349262		
1490641340.54		559.309193858		558.391691713		566.75399777		
1490674983.78		559.526812348		558.587284658		567.191093354		
1490708627.03		559.764788093		558.81732148		567.645285708		
1490742270.27		559.925445275		558.961157918		568.014809571		
1490775913.51		560.130177133		559.154867947		568.43186716		
1490809556.76		560.42235732		559.43941509		568.941698361		
1490843200.0		560.684562792		559.688166646		569.422397812		
1490876843.24		560.86728215		559.869260179		569.829917234		
1490910486.49		561.029465879		560.023549621		570.209162728		
1490944129.73		561.209989336		560.192909478		570.604155146		
1490977772.97		561.380434969		560.363180109		570.996734546		
1491011416.22		561.564406678		560.52609188		571.389790179		
1491045059.46		561.750644821		560.702281814		571.783314132		
1491078702.7		561.937758269		560.868986849		572.17731026		
1491112345.95		562.123558813		561.036493206		572.571782738		
1491145989.19		562.304720804		561.205880719		572.966735335		
1491179632.43		562.497117671		561.385237387		573.362171935		
1491213275.68		562.690640941		561.570480679		573.758096314		
1491246918.92		562.896555348		561.739220757		574.154511887		
1491280562.16		563.100961837		561.910967213		574.551422238		
1491314205.41		563.288831822		562.083575089		574.948830787		
1491347848.65		563.486540332		562.255263323		575.346740648		
1491381491.89		563.676521522		562.430333213		575.745155136		
1491415135.14		563.87402173		562.603709507		576.144077369		
1491448778.38		564.072529142		562.77935182		576.543510197		
1491482421.62		564.259186547		562.954929733		576.943456701		
1491516064.86		564.451558642		563.141705118		577.343919729		
1491549708.11		564.639573297		563.319585008		577.744901931		
1491583351.35		564.83407991		563.485628136		578.146406154		
1491616994.59		565.032233898		563.669035101		578.548435018		
1491650637.84		565.227829093		563.861106648		578.950991016		
1491684281.08		565.425198879		564.035055874		579.354076777		
1491717924.32		565.636057047		564.209066248		579.757694729		
1491751567.57		565.840480214		564.387077897		580.161847228		
1491785210.81		566.034485913		564.569742839		580.566536712		
1491818854.05		566.245527849		564.750948246		580.971765449		
1491852497.3		566.45462573		564.935854466		581.377535672		
1491886140.54		566.655599102		565.120212442		581.783849657		
1491919783.78		566.850903677		565.305218661		582.190709531		
1491953427.03		567.07217649		565.494772723		582.598117423		
1491987070.27		567.272445955		565.681225077		583.006075468		
1492020713.51		567.473271329		565.866476845		583.414585674		
1492054356.76		567.687152611		566.05418713		583.823650077		
1492088000.0		567.896593635		566.242308144		584.233270691		
1492121643.24		568.104822565		566.424149384		584.643449426		
1492155286.49		568.313184459		566.606334815		585.054188232		
1492188929.73		568.518721804		566.791240056		585.465489025		
1492222572.97		568.725293307		566.978612362		585.877353627		
1492256216.22		568.931273714		567.167626799		586.289783915		
1492289859.46		569.144271767		567.36497248		586.702781721		
1492323502.7		569.347320114		567.553786998		587.116348793		
1492357145.95		569.550942853		567.750155905		587.530486945		
1492390789.19		569.757680692		567.945730431		587.945197935		
1492424432.43		569.966514713		568.132432889		588.360483453		
1492458075.68		570.173085431		568.329417891		588.776345255		
1492491718.92		570.381976863		568.525404321		589.192785035		
1492525362.16		570.58795372		568.7147529		589.609804441		
1492559005.41		570.791044937		568.897940579		590.027405174		
1492592648.65		570.996862645		569.081367768		590.445588873		
1492626291.89		571.205791811		569.265029504		590.864357156		
1492659935.14		571.418303446		569.454722733		591.283711669		
1492693578.38		571.633972212		569.643458158		591.703654014		
1492727221.62		571.851441073		569.836745548		592.124185777		
1492760864.86		572.058560888		570.033503015		592.545308564		
1492794508.11		572.273784578		570.225985294		592.967023941		
1492828151.35		572.495268604		570.414323151		593.389333469		
1492861794.59		572.717075187		570.601995111		593.812238721		
1492895437.84		572.932069056		570.792005815		594.235741233		
1492929081.08		573.146951105		570.977460254		594.659842546		
1492962724.32		573.372721008		571.166477894		595.084544206		
1492996367.57		573.588214965		571.352235855		595.509847724		
1493030010.81		573.807602664		571.538949472		595.935754626		
1493063654.05		574.026245298		571.729035289		596.362266432		
1493097297.3		574.234927497		571.920748979		596.789384638		
1493130940.54		574.45644604		572.113305548		597.217110755		
1493164583.78		574.676219191		572.306170749		597.645446286		
1493198227.03		574.892255725		572.499294271		598.074392711		
1493231870.27		575.107602847		572.694325762		598.50395153		
1493265513.51		575.326684177		572.891204297		598.934124233		
1493299156.76		575.545980772		573.088398625		599.364912289		
1493332800.0		575.757435154		573.285775912		599.796317191		
1493366443.24		575.966150105		573.476000711		600.228340417		
1493400086.49		576.176525427		573.669737325		600.66098343		
1493433729.73		576.393900233		573.856994052		601.094247715		
1493467372.97		576.618144938		574.059955213		601.528134742		
1493501016.22		576.83326024		574.24302317		601.962645974		
1493534659.46		577.046000508		574.432318214		602.397782888		
1493568302.7		577.264780119		574.616519635		602.833546949		
1493601945.95		577.48375871		574.800994194		603.269939621		
1493635589.19		577.702934932		574.994291937		603.706962376		
1493669232.43		577.922766549		575.189869438		604.144616677		
1493702875.68		578.132166522		575.385608023		604.58290399		
1493736518.92		578.3485336		575.581351033		605.021825784		
1493770162.16		578.567402487		575.778290985		605.461383523		
1493803805.41		578.78444556		575.983074838		605.901578673		
1493837448.65		579.006751984		576.188028257		606.342412707		
1493871091.89		579.22742146		576.385683839		606.783887088		
1493904735.14		579.443578808		576.57070666		607.226003287		
1493938378.38		579.657722884		576.760202436		607.668762778		
1493972021.62		579.87847798		576.956302517		608.112167027		
1494005664.86		580.105090682		577.141934972		608.556217511		
1494039308.11		580.330186647		577.326968076		609.000915706		
1494072951.35		580.552115744		577.512135274		609.446263084		
1494106594.59		580.777847244		577.698146634		609.892261126		
1494140237.84		581.010467294		577.886018797		610.338911314		
1494173881.08		581.243289652		578.083611151		610.786215126		
1494207524.32		581.474376669		578.281352393		611.234174049		
1494241167.57		581.698638236		578.479242053		611.682789572		
1494274810.81		581.920511652		578.678448564		612.132063178		
1494308454.05		582.142881358		578.884251025		612.581996363		
1494342097.3		582.372144747		579.090927646		613.03259062		
1494375740.54		582.601600486		579.298462997		613.483847445		
1494409383.78		582.830162734		579.504129262		613.935768338		
1494443027.03		583.053860879		579.700200016		614.388354802		
1494476670.27		583.277740665		579.902071553		614.84160834		
1494510313.51		583.501801834		580.110074816		615.295530462		
1494543956.76		583.73360146		580.319276723		615.750122679		
1494577600.0		583.959858814		580.525763014		616.205386504		
1494611243.24		584.186553992		580.7267975		616.661323457		
1494644886.49		584.413595381		580.927404153		617.117935057		
1494678529.73		584.643310471		581.128349277		617.575222828		
1494712172.97		584.873051734		581.327138511		618.033188298		
1494745816.22		585.102980333		581.525345769		618.491832999		
1494779459.46		585.333096187		581.723702016		618.951158464		
1494813102.7		585.56339922		581.92006659		619.411166233		
1494846745.95		585.793453517		582.11656931		619.871857846		
1494880389.19		586.019978808		582.31347416		620.333234849		
1494914032.43		586.24488412		582.512436912		620.795298793		
1494947675.68		586.467411727		582.711511904		621.258051229		
1494981318.92		586.690112967		582.907271352		621.721493716		
1495014962.16		586.920283543		583.104042017		622.185627813		
1495048605.41		587.148481384		583.300949766		622.650455085		
1495082248.65		587.372798085		583.499182466		623.115977103		
1495115891.89		587.597290085		583.697916146		623.582195438		
1495149535.14		587.821957427		583.89678891		624.049111667		
1495183178.38		588.041832155		584.097039648		624.516727372		
1495216821.62		588.25773882		584.299800902		624.985044138		
1495250464.86		588.479893783		584.506477502		625.454063555		
1495284108.11		588.703848956		584.716336468		625.923787216		
1495317751.35		588.924499466		584.926349203		626.39421672		
1495351394.59		589.145318348		585.136515747		626.865353669		
1495385037.84		589.36758271		585.341128852		627.33719967		
1495418681.08		589.595629629		585.539104719		627.809756334		
1495452324.32		589.825861577		585.732776435		628.283025277		
1495485967.57		590.056275898		585.930160696		628.75700812		
1495519610.81		590.286872702		586.132750759		629.231706487		
1495553254.05		590.517652102		586.337860921		629.707122007		
1495586897.3		590.748614207		586.543116733		630.183256314		
1495620540.54		590.978511341		586.748518259		630.660111047		
1495654183.78		591.207707949		586.954065565		631.137687849		
1495687827.03		591.431682286		587.159758717		631.615988368		
1495721470.27		591.65839297		587.367234761		632.095014256		
1495755113.51		591.883467618		587.575502858		632.574767171		
1495788756.76		592.109118161		587.782699522		633.055248775		
1495822400.0		592.338344505		587.983202222		633.536460734		
1495856043.24		592.568419651		588.184706932		634.018404721		
1495889686.49		592.800039666		588.384323357		634.501082412		
1495923329.73		593.031842197		588.584152245		634.984495488		
1495956972.97		593.263827396		588.786900635		635.468645636		
1495990616.22		593.495841807		588.989789955		635.953534548		
1496024259.46		593.7250981		589.191236291		636.439163919		
1496057902.7		593.958363483		589.392624421		636.925535452		
1496091545.95		594.192596637		589.598574953		637.412650852		
1496125189.19		594.427015641		589.80260342		637.90051183		
1496158832.43		594.661620668		590.012294782		638.389120105		
1496192475.68		594.896411896		590.220023479		638.878477396		
1496226118.92		595.12891203		590.427460558		639.368585432		
1496259762.16		595.353907537		590.631378768		639.859445943		
1496293405.41		595.579073974		590.835438628		640.351060667		
1496327048.65		595.804411504		591.039640255		640.843431347		
1496360691.89		596.029920287		591.243983759		641.33655973		
1496394335.14		596.258126829		591.448810198		641.830447569		
1496427978.38		596.491482204		591.652036437		642.325096622		
1496461621.62		596.725021116		591.85916658		642.820508653		
1496495264.86		596.958743754		592.066249078		643.31668543		
1496528908.11		597.195927944		592.273619343		643.813628728		
1496562551.35		597.431872341		592.481699714		644.311340326		
1496596194.59		597.668003782		592.689926851		644.80982201		
1496629837.84		597.904322466		592.898300887		645.309075569		
1496663481.08		598.140828592		593.106821953		645.809102801		
1496697124.32		598.377522365		593.315488837		646.309905505		
1496730767.57		598.614403987		593.52408042		646.81148549		
1496764410.81		598.851473661		593.732819125		647.313844568		
1496798054.05		599.088731595		593.941705088		647.816984557		
1496831697.3		599.323455097		594.150738448		648.32090728		
1496865340.54		599.557419881		594.359919344		648.825614567		
1496898983.78		599.791567746		594.571417828		649.331108253		
1496932627.03		600.025898891		594.783967293		649.837390179		
1496966270.27		600.260413515		594.997085208		650.34446219		
1496999913.51		600.495111823		595.210053005		650.852326139		
1497033556.76		600.729994014		595.41870033		651.360983883		
1497067200.0		600.965060292		595.624640884		651.870437287		
