1463457600.0		4.91904070035		3.16531296036		15.596531349		
1463491243.24		2.9938313151		2.88941254704		3.15015990252		
1463524886.49		2.97554920283		2.93595083789		3.02204469142		
1463558529.73		3.10292032841		3.06585768586		3.14026973229		
1463592172.97		3.21843152513		3.18026952693		3.25659817818		
1463625816.22		3.37270632707		3.33299101864		3.4129823043		
1463659459.46		3.53400531827		3.4924008036		3.57618667612		
1463693102.7		3.66837527739		3.62530796995		3.71229492566		
1463726745.95		3.84477391157		3.79981810004		3.89103088051		
1463760389.19		3.99028780739		3.94379765502		4.03845859291		
1463794032.43		4.18063741018		4.1321160183		4.23113735425		
1463827675.68		4.37907705608		4.32850804888		4.43206760133		
1463861318.92		4.55405801716		4.5012244238		4.60878343208		
1463894962.16		4.77032633242		4.71477998198		4.82729116597		
1463928605.41		4.9965408923		4.93827314923		5.05595231799		
1463962248.65		5.19487170473		5.13457683378		5.25674083952		
1463995891.89		5.44033566476		5.37752072255		5.50515057354		
1464029535.14		5.64022426714		5.5754860626		5.70745966322		
1464063178.38		5.81881479388		5.75316783468		5.88832092651		
1464096821.62		5.98438713687		5.91733000613		6.0562350695		
1464130464.86		6.18357862733		6.11429895896		6.25766467126		
1464164108.11		6.50590492581		6.43321435578		6.58362946058		
1464197751.35		6.78271177273		6.70717580137		6.86357812205		
1464231394.59		7.0450958529		6.96680048244		7.12880402447		
1464265037.84		7.31753325546		7.23643833166		7.40404951831		
1464298681.08		7.57335878211		7.48984917928		7.66277987945		
1464332324.32		7.88955475532		7.80302943793		7.98253796695		
1464365967.57		8.17205349384		8.08302232172		8.26821458095		
1464399610.81		8.5119071286		8.41993995562		8.61203812214		
1464433254.05		8.86534673483		8.77038955349		8.96950591605		
1464466897.3		9.17898558291		9.08118131464		9.28682507328		
1464500540.54		9.55827722598		9.45689433451		9.67021793263		
1464534183.78		9.91368632143		9.80870556097		10.0292168867		
1464567827.03		10.3033675754		10.1943611752		10.4232191195		
1464601470.27		10.7271196532		10.6137478156		10.8512322254		
1464635113.51		11.0817437597		10.9647485318		11.2095190728		
1464668756.76		11.5366433065		11.4149826897		11.6695121956		
1464702400.0		11.9687073681		11.8427474997		12.1063896134		
1464736043.24		12.4267848691		12.2960010536		12.569369104		
1464769686.49		12.9301838574		12.794606742		13.0783452904		
1464803329.73		13.3503299115		13.2111181796		13.5041867404		
1464836972.97		13.8867118401		13.743061682		14.0475013081		
1464870616.22		14.4436117751		14.2959701956		14.6108632206		
1464904259.46		14.9362544698		14.7850915812		15.1086081171		
1464937902.7		15.5318834631		15.3753404234		15.7106490935		
1464971545.95		16.0112387885		15.850609018		16.196421425		
1465005189.19		16.6305557807		16.4650068492		16.8220594903		
1465038832.43		17.2867043548		17.1165405626		17.4849424136		
1465072475.68		17.8970993355		17.7216240698		18.1012242842		
1465106118.92		18.9177104818		18.7320265529		19.1321324988		
1465139762.16		19.9929941018		19.7979111505		20.2182030775		
1465173405.41		21.1214319166		20.9175327445		21.3580699386		
1465207048.65		22.3017070776		22.0880449509		22.5501855391		
1465240691.89		23.5377152803		23.3117606683		23.7981236525		
1465274335.14		24.7374874731		24.4997012907		25.0088305574		
1465307978.38		26.1222796229		25.8734572582		26.4061373884		
1465341621.62		27.5752503807		27.3159701777		27.873012601		
1465375264.86		29.0949069938		28.8268786613		29.4078307861		
1465408908.11		30.6802121967		30.3989426317		31.0080461442		
1465442551.35		32.3309903372		32.0369425102		32.6760094793		
1465476194.59		34.0541341851		33.743441325		34.4134186142		
1465509837.84		35.8490513744		35.5259376068		36.2237649576		
1465543481.08		37.7231534289		37.3831501564		38.1112612322		
1465577124.32		39.6721623313		39.3101077255		40.0768120099		
1465610767.57		41.7000669887		41.3146521214		42.1196005586		
1465644410.81		43.8026608895		43.4050696911		44.2383801545		
1465678054.05		45.9892807436		45.5785846955		46.442398972		
1465711697.3		48.2622353993		47.8349974073		48.7369457606		
1465745340.54		50.6170054628		50.175555491		51.1133426446		
1465778983.78		53.0566218017		52.6088176006		53.5767388956		
1465812627.03		55.5839551305		55.1204895474		56.1228294256		
1465846270.27		58.210714235		57.7328895446		58.7784303926		
1465879913.51		60.8521485645		60.3564053372		61.4404312264		
1465913556.76		63.5679666739		63.0512512191		64.1784549332		
1465947200.0		46.6450525686		44.2059256038		48.2415496265		
1465980843.24		34.7223977034		33.8047036653		35.6825598802		
1466014486.49		34.8581108052		34.0448512992		35.7584413412		
1466048129.73		35.4834460365		34.6706549718		36.3865033192		
1466081772.97		36.179571293		35.3505399666		37.082082616		
1466115416.22		36.8854197449		36.0383233846		37.7884399846		
1466149059.46		37.584749884		36.7299340043		38.4982246099		
1466182702.7		38.288600093		37.4282291619		39.2122127546		
1466216345.95		39.0037652628		38.1368488849		39.9398661572		
1466249989.19		39.7250024446		38.8562031705		40.6675051101		
1466283632.43		40.4522907657		39.5755724053		41.4057568605		
1466317275.68		41.1794306251		40.3005776968		42.1487898927		
1466350918.92		41.9090401828		41.0313143569		42.8937313465		
1466384562.16		42.6464187676		41.7635411745		43.6378096359		
1466418205.41		43.3937236686		42.5008959196		44.3939232522		
1466451848.65		44.1489890162		43.2477018733		45.1603371746		
1466485491.89		44.9088588453		43.9990065071		45.9282215993		
1466519135.14		45.6848256069		44.7626244528		46.7054402898		
1466552778.38		47.2537832618		46.3050849543		48.2987142287		
1466586421.62		49.4839144247		48.5015991026		50.5610431361		
1466620064.86		51.7935865059		50.7812077213		52.9186582199		
1466653708.11		54.189046137		53.1408655048		55.3507023391		
1466687351.35		56.666196967		55.5888209082		57.8660969612		
1466720994.59		59.2262947105		58.1218167811		60.456228067		
1466754637.84		61.861497218		60.730839042		63.1445812149		
1466788281.08		64.5829567874		63.4222034741		65.9112204778		
1466821924.32		67.385520732		66.190933945		68.7547999584		
1466855567.57		70.2640140013		69.0398846883		71.6723896108		
1466889210.81		73.2138191961		71.9611650837		74.6616193143		
1466922854.05		76.2550586643		74.9634309578		77.7454724352		
1466956497.3		79.3755790425		78.0368604007		80.8969487017		
1466990140.54		82.586727315		81.1912148223		84.1491826807		
1467023783.78		85.8701924553		84.4272823325		87.4695240493		
1467057427.03		89.2153289225		87.7579117526		90.8517381687		
1467091070.27		92.6202395644		91.1346753103		94.313670576		
1467124713.51		96.0788143615		94.5717802834		97.824449341		
1467158356.76		99.5869585149		98.0589528927		101.374167681		
1467192000.0		103.1590346		101.60542247		104.952454341		
1467225643.24		106.826617896		105.23521294		108.660985471		
1467259286.49		110.537014991		108.895175463		112.389539202		
1467292929.73		106.924625878		105.332651791		108.647313092		
1467326572.97		110.46490004		108.830530435		112.209446056		
1467360216.22		121.832388351		120.050368044		123.685624093		
1467393859.46		125.685400335		123.831401508		127.534833169		
1467427502.7		129.573327974		127.71291329		131.430930284		
1467461145.95		133.41862601		131.555485023		135.264747141		
1467494789.19		137.292764757		135.399979906		139.146194443		
1467528432.43		141.15542801		139.211546718		143.055926405		
1467562075.68		145.032202282		143.049557416		146.958611903		
1467595718.92		148.921771158		146.913011221		150.832253823		
1467629362.16		152.780451428		150.753450385		154.70385079		
1467663005.41		156.627734406		154.555875407		158.560727979		
1467696648.65		160.468961521		158.336749387		162.389496198		
1467730291.89		164.271713344		162.095515448		166.211957906		
1467763935.14		168.0188014		165.834732984		169.965544774		
1467797578.38		171.680786821		169.511734228		173.665389921		
1467831221.62		175.324555792		173.143554421		177.33996143		
1467864864.86		178.949596944		176.718028428		180.967777668		
1467898508.11		182.501440072		180.265937712		184.537986399		
1467932151.35		186.380234288		184.15971062		188.470137544		
1467965794.59		189.468902076		187.274700457		191.626043109		
1467999437.84		192.807728479		190.635819939		194.946471196		
1468033081.08		196.097461165		193.896942584		198.290446544		
1468066724.32		199.368115225		197.11237331		201.533059049		
1468100367.57		202.507423508		200.296067602		204.710502875		
1468134010.81		205.604291138		203.373499107		207.77666083		
1468167654.05		208.629945805		206.385987674		210.879170627		
1468201297.3		211.537127768		209.304288776		213.881413928		
1468234940.54		214.36587219		212.140583782		216.750137549		
1468268583.78		217.169941555		214.930712553		219.553571884		
1468302227.03		219.953303887		217.720784438		222.337082544		
1468335870.27		222.581969877		220.382987002		225.027080714		
1468369513.51		225.166178543		222.971936456		227.677965787		
1468403156.76		227.660255558		225.473671659		230.191279686		
1468436800.0		230.051289639		227.882784348		232.643256071		
1468470443.24		248.789747854		246.432000066		251.579207539		
1468504086.49		251.211440356		248.769070727		254.00326112		
1468537729.73		253.491480012		250.967069773		256.298606512		
1468571372.97		255.742613002		253.158218974		258.599247607		
1468605016.22		182.924833222		173.450233504		190.914752945		
1468638659.46		138.744287288		134.528439518		144.253825378		
1468672302.7		138.959035322		135.429304474		142.764429275		
1468705945.95		142.59589167		139.339097909		146.251421539		
1468739589.19		146.684404859		143.444244647		150.307575271		
1468773232.43		150.859726856		147.654760682		154.473590764		
1468806875.68		155.047136979		151.820276138		158.636063315		
1468840518.92		159.224656345		156.03698855		162.766527877		
1468874162.16		163.383576746		160.219733252		166.87743678		
1468907805.41		167.54690763		164.425769903		170.982464647		
1468941448.65		171.699075287		168.594177252		175.076661943		
1468975091.89		173.915722347		170.796966201		177.177904271		
1469008735.14		178.111886875		175.044827585		181.296093996		
1469042378.38		182.207965225		179.200958571		185.313944737		
1469076021.62		186.349267709		183.357718245		189.367530521		
1469109664.86		190.404104516		187.451439284		193.366102666		
1469143308.11		194.403505493		191.552788129		197.289290913		
1469176951.35		198.305081485		195.538894352		201.150267472		
1469210594.59		181.876453409		179.47892917		184.298806618		
1469244237.84		185.163905958		182.788664989		187.481588477		
1469277881.08		188.322581862		186.007833209		190.562586778		
1469311524.32		191.405775505		189.177151117		193.571327383		
1469345167.57		194.44679818		192.261267059		196.498844659		
1469378810.81		197.357581302		195.230812863		199.353152078		
1469412454.05		200.22285027		198.203014242		202.139623009		
1469446097.3		202.986114183		201.084791514		204.870811411		
1469479740.54		205.705454615		203.963973727		207.577136937		
1469513383.78		208.356831051		206.657855392		210.166589609		
1469547027.03		201.811940316		200.219900893		203.523224438		
1469580670.27		204.238936944		202.698798413		205.911900308		
1469614313.51		206.604551113		205.152659055		208.209036715		
1469647956.76		208.904748186		207.497488449		210.461211967		
1469681600.0		211.141374132		209.742299833		212.666095603		
1469715243.24		213.301522788		211.933530047		214.817523371		
1469748886.49		220.465189288		219.041640959		221.977517899		
1469782529.73		222.509702945		221.11178433		224.050064983		
1469816172.97		224.535315467		223.147913158		226.098448415		
1469849816.22		240.470827686		238.935757259		242.037925007		
1469883459.46		242.488323044		240.877596851		244.031912764		
1469917102.7		244.410380223		242.801405713		245.970753998		
1469950745.95		246.24899021		244.66868837		247.798876777		
1469984389.19		248.042480866		246.398011573		249.663198921		
1470018032.43		249.756720212		248.088359807		251.396729884		
1470051675.68		251.439715432		249.720981854		253.099788777		
1470085318.92		237.736566145		236.095821271		239.339986121		
1470118962.16		254.708767173		252.887678407		256.419529707		
1470152605.41		256.145283074		254.257115132		257.948295666		
1470186248.65		239.485507308		237.726443912		241.207992805		
1470219891.89		240.971836863		239.222110529		242.697217497		
1470253535.14		242.427981197		240.68404924		244.112846508		
1470287178.38		243.826136591		242.103094964		245.530962911		
1470320821.62		245.143278046		243.46043336		246.830807935		
1470354464.86		245.914854522		244.208512123		247.612539136		
1470388108.11		247.421306107		245.734143515		249.089494755		
1470421751.35		248.722824817		247.055625592		250.373792377		
1470455394.59		249.902889183		248.279481823		251.546205688		
1470489037.84		251.046860269		249.475167973		252.68716617		
1470522681.08		249.420483577		247.870582114		251.037394588		
1470556324.32		250.500489154		248.968922925		252.125473561		
1470589967.57		251.617961906		250.076341977		253.234576413		
1470623610.81		252.697190722		251.175169678		254.305063759		
1470657254.05		253.761550222		252.254140985		255.378890816		
1470690897.3		254.801105774		253.286592213		256.412151247		
1470724540.54		275.217275705		273.607675829		276.933811973		
1470758183.78		257.810882622		256.300037708		259.408845444		
1470791827.03		277.158693122		275.573237351		278.850958594		
1470825470.27		277.392403733		275.801285265		279.061735392		
1470859113.51		277.468034831		275.892918574		279.164509666		
1470892756.76		277.520310027		275.954500009		279.223607311		
1470926400.0		277.562073424		276.004122228		279.281842815		
1470960043.24		277.828949781		276.317985686		279.529921361		
1470993686.49		278.252510427		276.713027733		279.905791975		
1471027329.73		278.558654989		277.1461485		280.173779249		
1471060972.97		278.940229526		277.584269725		280.529502297		
1471094616.22		279.298277367		277.997239574		280.7970264		
1471128259.46		279.710092403		278.373792543		281.141624357		
1471161902.7		280.072734513		278.73717739		281.478007084		
1471195545.95		280.40618927		279.05423984		281.801785352		
1471229189.19		280.75576095		279.420860293		282.106631741		
1471262832.43		281.062362303		279.726629208		282.396526546		
1471296475.68		281.455672111		280.035901684		282.696404638		
1471330118.92		281.875313779		280.407738294		283.091022616		
1471363762.16		282.132666669		280.631614077		283.372525162		
1471397405.41		282.477302575		280.92273568		283.69933468		
1471431048.65		282.759484759		281.156854887		283.963743161		
1471464691.89		283.110846896		281.489973862		284.351894723		
1471498335.14		283.458316615		281.834324798		284.739020818		
1471531978.38		283.737564099		282.138088226		285.060932607		
1471565621.62		284.082425715		282.452308648		285.434350233		
1471599264.86		284.400323593		282.693315931		285.785010621		
1471632908.11		284.706296091		282.933723599		286.103099311		
1471666551.35		284.995563307		283.185219891		286.474294275		
1471700194.59		285.273369545		283.417062007		286.789987416		
1471733837.84		285.539283346		283.664886908		287.081220252		
1471767481.08		285.818871809		283.893266459		287.405412418		
1471801124.32		286.099759352		284.146063535		287.718349881		
1471834767.57		286.444429833		284.481975807		288.062291233		
1471868410.81		286.587638787		284.634352064		288.257403405		
1471902054.05		285.711185966		284.024313755		287.119633044		
1471935697.3		276.9769974		275.549717533		278.227717024		
1471969340.54		269.034980146		267.643261726		270.25007504		
1472002983.78		261.671062024		260.189492541		262.96468955		
1472036627.03		254.752479508		253.157520903		256.224826591		
1472070270.27		239.678815346		237.976025325		241.258083917		
1472103913.51		242.293122351		240.558693543		243.977308464		
1472137556.76		218.084968823		216.527064532		219.614250074		
1472171200.0		231.576283258		229.943259651		233.285641346		
1472204843.24		226.607748128		225.001305093		228.303106222		
1472238486.49		221.874417548		220.262010397		223.546782723		
1472272129.73		217.373320414		215.787693644		219.040875126		
1472305772.97		213.07212216		211.512650172		214.724107222		
1472339416.22		208.972573053		207.435597343		210.563394361		
1472373059.46		205.049037445		203.510438729		206.617301402		
1472406702.7		201.264342571		199.726480848		202.814328433		
1472440345.95		197.649442053		196.140888176		199.200282995		
1472473989.19		194.179713984		192.714869663		195.686272124		
1472507632.43		190.847022582		189.411187245		192.27555368		
1472541275.68		187.623056112		186.255084796		189.015602072		
1472574918.92		184.553569484		183.200122535		185.927474201		
1472608562.16		181.582047112		180.217455474		182.909961789		
1472642205.41		178.672971498		177.375907415		179.957800435		
1472675848.65		175.894798481		174.58491794		177.14678814		
1472709491.89		173.209141024		171.934844666		174.455535056		
1472743135.14		170.610849471		169.342235931		171.860044833		
1472776778.38		168.090037396		166.862697974		169.364886737		
1472810421.62		165.585752078		164.321834315		166.887446327		
1472844064.86		163.731310758		162.481014527		164.979342505		
1472877708.11		167.757021285		166.537836376		169.010911501		
1472911351.35		171.619390845		170.40364772		172.861956271		
1472944994.59		175.463007076		174.246008758		176.698215951		
1472978637.84		179.31930011		178.106651157		180.552654		
1473012281.08		183.128425728		181.949106818		184.351084273		
1473045924.32		186.8954441		185.743059985		188.139829491		
1473079567.57		190.66389695		189.499309911		191.913869485		
1473113210.81		194.636676812		193.494390859		195.898806698		
1473146854.05		198.248091327		197.126387931		199.539207502		
1473180497.3		201.976446822		200.850948707		203.239403179		
1473214140.54		205.625899986		204.518222755		206.879735876		
1473247783.78		209.284783992		208.137239541		210.501038188		
1473281427.03		212.86000041		211.684543669		214.098148122		
1473315070.27		216.411201296		215.190048174		217.628474009		
1473348713.51		219.883855487		218.669510756		221.09226442		
1473382356.76		223.113186664		221.921509335		224.353392374		
1473416000.0		226.559200039		225.354634379		227.816040236		
1473449643.24		229.81542356		228.627963083		231.088427581		
1473483286.49		233.035384477		231.86795089		234.319582161		
1473516929.73		236.224345393		235.08227792		237.571042008		
1473550572.97		239.336710114		238.208512372		240.702343586		
1473584216.22		242.376244362		241.264875307		243.818230106		
1473617859.46		245.38291418		244.268044917		246.902257676		
1473651502.7		248.313201673		247.213949019		249.920137833		
1473685145.95		251.203470468		250.116931631		252.890155961		
1473718789.19		254.033982281		252.958899026		255.809089689		
1473752432.43		256.801129366		255.748838577		258.591545977		
1473786075.68		259.523110731		258.493135282		261.432843375		
1473819718.92		262.60204434		261.633447128		264.52556025		
1473853362.16		265.35978841		264.408157044		267.147131434		
1473887005.41		267.93708098		267.022510555		269.686651773		
1473920648.65		270.034256649		269.154215648		271.913546732		
1473954291.89		272.451873931		271.557108167		274.323297946		
1473987935.14		274.85341955		273.963718762		276.7193232		
1474021578.38		277.185535443		276.29703374		279.045888936		
1474055221.62		279.445048966		278.558997476		281.29406412		
1474088864.86		272.890238122		272.039680167		274.739290279		
1474122508.11		274.994346574		274.146157235		276.982636817		
1474156151.35		277.063241758		276.216722393		279.089324385		
1474189794.59		279.115503085		278.276611484		281.269889404		
1474223437.84		281.080603632		280.243625607		283.373199788		
1474257081.08		282.994499266		282.174869664		285.437598265		
1474290724.32		284.868718096		284.055640087		287.442789997		
1474324367.57		286.694378975		285.890064785		289.394479752		
1474358010.81		288.466297611		287.665900366		291.296854119		
1474391654.05		288.228166933		287.448142455		291.159764264		
1474425297.3		289.942955458		289.161759752		292.95214049		
1474458940.54		291.634200893		290.852008492		294.724575712		
1474492583.78		293.297897365		292.506246289		296.495395093		
1474526227.03		293.773493108		292.983253109		297.034162124		
1474559870.27		295.696743582		294.905075381		299.05954827		
1474593513.51		297.608950328		296.826416439		301.07780704		
1474627156.76		299.399859279		298.616189774		302.961045641		
1474660800.0		296.493100579		295.735491337		300.098071357		
1474694443.24		298.09441686		297.345575288		301.796842118		
1474728086.49		299.575561373		298.824255498		303.373400835		
1474761729.73		301.00070876		300.260642777		304.896220274		
1474795372.97		302.383962207		301.648469784		306.36931364		
1474829016.22		303.734937904		303.005470295		307.799076483		
1474862659.46		305.035879147		304.307124198		309.180257371		
1474896302.7		306.30662803		305.57787552		310.533439522		
1474929945.95		307.516240708		306.793604099		311.839101707		
1474963589.19		308.699155451		307.98083232		313.10831118		
1474997232.43		309.864942572		309.160166201		314.366199877		
1475030875.68		311.00000988		310.304643521		315.587657541		
1475064518.92		312.108805938		311.415058266		316.736347029		
1475098162.16		313.33246028		312.63821999		318.027193138		
1475131805.41		314.555923309		313.868198672		319.324186832		
1475165448.65		315.750917781		315.068528248		320.582732519		
1475199091.89		310.783146718		310.165067191		315.141484689		
1475232735.14		301.346818035		300.729766351		304.389856635		
1475266378.38		292.255474858		291.581763521		293.828648447		
1475300021.62		274.215086098		273.48234639		275.283006947		
1475333664.86		275.51472197		274.70283807		276.486223012		
1475367308.11		270.113843585		269.157626545		271.060849529		
1475400951.35		267.690278298		266.519718089		268.769006389		
1475434594.59		265.71601702		264.428381871		266.934582393		
1475468237.84		263.848275142		262.368163794		265.142925439		
1475501881.08		262.056906744		260.2871353		263.430398867		
1475535524.32		257.28029849		255.242730077		258.868118427		
1475569167.57		255.665495509		253.368917298		257.420455564		
1475602810.81		254.363661791		251.733970682		256.224509712		
1475636454.05		252.864371455		249.9996751		254.855776161		
1475670097.3		252.599134305		249.585729345		254.760345404		
1475703740.54		256.28591008		253.249903251		258.472750131		
1475737383.78		261.957031312		258.96407287		264.105544302		
1475771027.03		267.710590261		264.80882623		269.830446582		
1475804670.27		273.344204424		270.515716475		275.415428802		
1475838313.51		278.902204906		276.270349159		280.929962203		
1475871956.76		284.269674464		281.755630947		286.228162577		
1475905600.0		288.961652702		286.609339565		290.886107928		
1475939243.24		293.595413813		291.284988874		295.42593067		
1475972886.49		298.179034044		295.975865318		299.890843974		
1476006529.73		302.648215464		300.526370073		304.276751036		
1476040172.97		306.972051683		304.972729462		308.5375508		
1476073816.22		311.190634455		309.28213896		312.701990724		
1476107459.46		315.299528969		313.624234218		316.764968089		
1476141102.7		319.353424109		317.731669566		320.776918701		
1476174745.95		323.339509341		321.811224308		324.721278078		
1476208389.19		327.143817562		325.695985605		328.47638634		
1476242032.43		330.882668875		329.484446345		332.237816264		
1476275675.68		334.519588613		333.168584587		335.819628041		
1476309318.92		338.057604481		336.759256647		339.345113413		
1476342962.16		340.812935504		339.503729705		341.989286873		
1476376605.41		343.566408644		342.29195208		344.707879346		
1476410248.65		346.574379472		345.336260204		347.683565396		
1476443891.89		349.483529145		348.315447274		350.612738234		
1476477535.14		352.166662189		351.071345195		353.328879088		
1476511178.38		355.216476225		354.151596815		356.4145787		
1476544821.62		358.17519378		357.139367873		359.36062479		
1476578464.86		361.067450223		360.031973711		362.298928987		
1476612108.11		363.851614933		362.820307359		365.106291806		
1476645751.35		366.551388317		365.516915202		367.796060778		
1476679394.59		369.130595813		368.121198945		370.37707975		
1476713037.84		371.646122268		370.639145671		372.818092801		
1476746681.08		374.061757418		373.089393655		375.306500068		
1476780324.32		376.397144922		375.447815171		377.766294874		
1476813967.57		378.633968025		377.73789839		380.13876726		
1476847610.81		380.831092802		379.953313135		382.380940445		
1476881254.05		382.944602816		382.07980605		384.65832942		
1476914897.3		384.980394021		384.124898825		386.882543003		
1476948540.54		386.902068642		386.05100172		388.923960524		
1476982183.78		388.699391841		387.874789209		390.799570305		
1477015827.03		390.191435207		389.388263539		392.490046659		
1477049470.27		391.624931831		390.83039206		394.099714222		
1477083113.51		393.014902605		392.236625696		395.619784421		
1477116756.76		394.364894291		393.611819565		397.105287807		
1477150400.0		395.676021373		394.942775579		398.540988925		
1477184043.24		396.950996736		396.219752052		399.936449922		
1477217686.49		398.193426021		397.467492985		401.326721071		
1477251329.73		399.400271686		398.677263323		402.615368982		
1477284972.97		400.576395997		399.861929804		403.897538145		
1477318616.22		401.714731356		401.007750326		405.146284036		
1477352259.46		402.818712821		402.130279058		406.326768508		
1477385902.7		403.895007545		403.223647965		407.469420762		
1477419545.95		404.913995674		404.267036758		408.546000457		
1477453189.19		405.927351902		405.291686588		409.608069726		
1477486832.43		406.927034856		406.292029622		410.637973513		
1477520475.68		407.904491446		407.277257724		411.66481807		
1477554118.92		408.836750295		408.210212095		412.641901067		
1477587762.16		409.624499447		408.991585178		413.444499217		
1477621405.41		410.630101901		409.998030208		414.506920008		
1477655048.65		411.524444622		410.896935752		415.427335806		
1477688691.89		412.336674914		411.70460358		416.269978593		
1477722335.14		413.177275711		412.529319043		417.15238269		
1477755978.38		414.004628335		413.349647234		418.019464063		
1477789621.62		414.822437155		414.160963888		418.877926139		
1477823264.86		415.619393159		414.957169791		419.715240516		
1477856908.11		416.386819881		415.72244847		420.509302082		
1477890551.35		417.147613737		416.484506527		421.303515692		
1477924194.59		417.874887448		417.204388103		422.047592662		
1477957837.84		418.604542301		417.933890854		422.80779979		
1477991481.08		419.323983932		418.659629566		423.582194142		
1478025124.32		420.026968618		419.37352381		424.32312272		
1478058767.57		420.725958485		420.069140218		425.063266514		
1478092410.81		421.392735594		420.734472501		425.758318869		
1478126054.05		422.072729129		421.405010914		426.477683823		
1478159697.3		422.705002263		422.046596522		427.123873161		
1478193340.54		423.398911497		422.744556304		427.862223423		
1478226983.78		424.045380861		423.384300679		428.517216627		
1478260627.03		424.685306046		424.011891446		429.17752886		
1478294270.27		425.33247295		424.651924579		429.833129721		
1478327913.51		425.97470449		425.29262814		430.489300166		
1478361556.76		426.583315964		425.902547918		431.109340923		
1478395200.0		427.206571138		426.526902873		431.743742376		
1478428843.24		427.808062313		427.120887816		432.336408813		
1478462486.49		428.397370518		427.70566492		432.914276518		
1478496129.73		428.982449027		428.288643248		433.486070494		
1478529772.97		429.57454176		428.874575856		434.066286797		
1478563416.22		430.165687657		429.465478667		434.646228302		
1478597059.46		430.744536509		430.045690177		435.213571347		
1478630702.7		431.327710289		430.629197082		435.780417281		
1478664345.95		431.911685147		431.217294502		436.351888532		
1478697989.19		432.473854586		431.780723126		436.891231464		
1478731632.43		433.042232823		432.34495339		437.435150676		
1478765275.68		433.614143522		432.916435374		437.985983712		
1478798918.92		434.163718816		433.468033755		438.509729682		
1478832562.16		434.733724664		434.040001396		439.055398951		
1478866205.41		435.284709521		434.59548913		439.581230908		
1478899848.65		435.836461187		435.153617124		440.107913795		
1478933491.89		436.389773102		435.707534482		440.63693026		
1478967135.14		436.950589634		436.273153164		441.169632441		
1479000778.38		437.488445062		436.814158615		441.676181457		
1479034421.62		438.053312381		437.382974768		442.210603944		
1479068064.86		438.593637088		437.924579844		442.722018472		
1479101708.11		439.13063059		438.457645543		443.227668544		
1479135351.35		439.68608706		439.006234932		443.749947321		
1479168994.59		440.22581824		439.543142709		444.256095195		
1479202637.84		440.762616976		440.080569087		444.75760739		
1479236281.08		441.301410472		440.621422421		445.261528634		
1479269924.32		441.826499154		441.149797417		445.751411788		
1479303567.57		442.354505786		441.680781306		446.245009537		
1479337210.81		442.887363823		442.211124808		446.739866376		
1479370854.05		443.417981494		442.741699506		447.235624129		
1479404497.3		443.948554591		443.272618128		447.729095579		
1479438140.54		444.492385545		443.810122307		448.235575805		
1479471783.78		445.016713944		444.329826861		448.721453443		
1479505427.03		445.56066413		444.870102935		449.229862139		
1479539070.27		446.092545773		445.399947899		449.721420719		
1479572713.51		446.626228709		445.936640938		450.214784998		
1479606356.76		447.16215714		446.471955433		450.71355413		
1479640000.0		447.691777167		446.997589024		451.201508491		
1479673643.24		448.209308165		447.513549517		451.676913487		
1479707286.49		448.732691734		448.042227692		452.162485648		
1479740929.73		449.260804131		448.572960474		452.650249084		
1479774572.97		425.995582104		424.438220594		427.295013027		
1479808216.22		367.641476422		365.642876571		369.414525569		
1479841859.46		367.803365272		366.688884358		369.059400734		
1479875502.7		381.704521516		380.689147169		382.976212508		
1479909145.95		385.046596		384.09793708		386.277216198		
1479942789.19		388.336723547		387.3972888		389.505165764		
1479976432.43		391.50610979		390.608113389		392.645755388		
1480010075.68		394.60312657		393.715939329		395.686524741		
1480043718.92		397.58735255		396.751836143		398.68382352		
1480077362.16		400.492629383		399.688047493		401.55032068		
1480111005.41		403.302574045		402.539008276		404.340815348		
1480144648.65		405.956071745		405.207711777		406.944225099		
1480178291.89		405.108396581		404.405715163		406.022176392		
1480211935.14		404.254385782		403.62733317		405.12731364		
1480245578.38		403.450031922		402.865735294		404.268532035		
1480279221.62		402.729090078		402.175566626		403.465420054		
1480312864.86		402.047805267		401.543050128		402.741721669		
1480346508.11		401.422683011		400.913464543		402.080218932		
1480380151.35		400.837547344		400.330053339		401.499200199		
1480413794.59		400.312529944		399.790708873		400.929124951		
1480447437.84		399.829394738		399.285032385		400.417088929		
1480481081.08		399.383786611		398.821395048		399.955834129		
1480514724.32		398.987422052		398.397199454		399.558574699		
1480548367.57		398.605343856		397.995568526		399.227529663		
1480582010.81		398.284035893		397.655575804		398.928286058		
1480615654.05		398.002237991		397.316954699		398.667129864		
1480649297.3		397.725217121		397.001799296		398.444932158		
1480682940.54		397.477587995		396.727128724		398.250490739		
1480716583.78		397.252954313		396.476994184		398.059635209		
1480750227.03		397.099081564		396.284308444		397.924761141		
1480783870.27		396.938149799		396.099553421		397.801109622		
1480817513.51		396.802383502		395.920257822		397.713591235		
1480851156.76		396.701572355		395.755970669		397.641344528		
1480884800.0		396.633095343		395.660405195		397.603327474		
1480918443.24		396.589989672		395.563272655		397.604459003		
1480952086.49		399.359881636		398.34821647		400.336088843		
1480985729.73		402.738621924		401.768457017		403.687543178		
1481019372.97		406.017687394		405.095452625		406.903597188		
1481053016.22		409.217933882		408.335490138		410.056738647		
1481086659.46		412.272504107		411.43297002		413.076261658		
1481120302.7		415.259105229		414.456398846		416.025651682		
1481153945.95		418.153538596		417.406991718		418.890975369		
1481187589.19		420.983774271		420.26026204		421.69480318		
1481221232.43		423.770464778		423.089009328		424.434336339		
1481254875.68		426.391748411		425.746059726		427.020897554		
1481288518.92		428.921264365		428.296648154		429.517837579		
1481322162.16		431.364569325		430.763797786		431.939310947		
1481355805.41		433.730151474		433.157882402		434.294797426		
1481389448.65		436.01070414		435.465321123		436.572709757		
1481423091.89		438.231657549		437.710349208		438.778612857		
1481456735.14		440.409683552		439.899667048		440.918951062		
1481490378.38		442.523496134		442.03984708		443.019657566		
1481524021.62		444.539015343		444.082736658		445.034277451		
1481557664.86		446.454899482		446.011747699		446.933279831		
1481591308.11		448.128470852		447.693395865		448.591584499		
1481624951.35		449.655899484		449.235275734		450.104155206		
1481658594.59		451.15921666		450.743048244		451.587565762		
1481692237.84		452.616632094		452.208976601		453.028508161		
1481725881.08		454.038159324		453.645388471		454.442232099		
1481759524.32		455.49589012		455.112274437		455.875312425		
1481793167.57		456.921584135		456.542705957		457.308951829		
1481826810.81		458.211843754		457.838864984		458.594683303		
1481860454.05		459.492648754		459.126620951		459.883749587		
1481894097.3		460.767538024		460.404706619		461.151251586		
1481927740.54		462.005328619		461.6357928		462.386524593		
1481961383.78		463.191233136		462.829877142		463.572990668		
1481995027.03		464.350086382		463.979527037		464.727931039		
1482028670.27		465.463320626		465.089669731		465.850574434		
1482062313.51		466.581352315		466.202532876		466.964450558		
1482095956.76		467.686173331		467.29844165		468.077063986		
1482129600.0		468.760867631		468.37256297		469.159754339		
1482163243.24		469.77369888		469.380802559		470.178769851		
1482196886.49		461.067393161		460.786993734		461.364508089		
1482230529.73		451.655828235		451.452181214		451.881067481		
1482264172.97		442.978650215		442.76763687		443.198738932		
1482297816.22		434.913754954		434.65828323		435.198612785		
1482331459.46		427.308641485		426.97454093		427.64409869		
1482365102.7		422.411245721		422.007519538		422.792025311		
1482398745.95		425.556412007		425.185214105		425.918851581		
1482432389.19		428.72444535		428.376058507		429.0668427		
1482466032.43		431.774041808		431.433019873		432.091821917		
1482499675.68		434.729626624		434.412171939		435.026481993		
1482533318.92		437.585660245		437.278250556		437.875011501		
1482566962.16		440.330447808		440.047159663		440.616944491		
1482600605.41		443.026268766		442.760945363		443.309390939		
1482634248.65		445.631905955		445.366240349		445.907057493		
1482667891.89		448.111313738		447.849445657		448.372859196		
1482701535.14		450.495427862		450.226463691		450.758989224		
1482735178.38		452.809355199		452.528160356		453.063947362		
1482768821.62		455.042592792		454.74722008		455.301040821		
1482802464.86		457.173105545		456.860773915		457.426697611		
1482836108.11		459.254692899		458.904021164		459.507016391		
1482869751.35		461.252335874		460.864173694		461.508676556		
1482903394.59		463.201487661		462.765879268		463.458926994		
1482937037.84		465.127258325		464.648158042		465.382222029		
1482970681.08		464.537735765		463.96916413		464.785431623		
1483004324.32		466.457644682		465.821416057		466.720896121		
1483037967.57		468.32212531		467.6419999		468.600149651		
1483071610.81		470.120966943		469.417582284		470.411075309		
1483105254.05		471.874259601		471.094400912		472.179204592		
1483138897.3		473.533640179		472.678337958		473.85501433		
1483172540.54		475.130068431		474.247573689		475.456452895		
1483206183.78		476.674844735		475.72729133		477.007014808		
1483239827.03		478.180239244		477.17776403		478.520228063		
1483273470.27		479.655111707		478.580515245		479.997290079		
1483307113.51		481.105274		479.982553327		481.459582103		
1483340756.76		482.52365522		481.350344641		482.88638445		
1483374400.0		483.893545671		482.664339458		484.263853164		
1483408043.24		485.20093658		483.926553437		485.590690931		
1483441686.49		486.465481769		485.138093284		486.870046403		
1483475329.73		487.680099176		486.302525135		488.094570568		
1483508972.97		488.842973127		487.40859298		489.264402162		
1483542616.22		490.013122153		488.518706203		490.440314654		
1483576259.46		491.175323911		489.616165611		491.608294172		
1483609902.7		492.28961976		490.668000987		492.735850773		
1483643545.95		493.351608388		491.67194636		493.812399721		
1483677189.19		494.402655026		492.659565909		494.874471778		
1483710832.43		495.445491946		493.637372848		495.926541611		
1483744475.68		496.48819624		494.618621172		496.979364068		
1483778118.92		497.514960539		495.577670593		498.01448448		
1483811762.16		498.523195085		496.517151239		499.030156744		
1483845405.41		499.517503286		497.444563377		500.022486814		
1483879048.65		500.473050484		498.336524669		500.981762492		
1483912691.89		501.410435316		499.198826429		501.924809344		
1483946335.14		502.334228612		500.057302149		502.852857646		
1483979978.38		503.261179495		500.916117592		503.786315449		
1484013621.62		504.225519458		501.815003502		504.757776226		
1484047264.86		505.179839991		502.702573076		505.713388154		
1484080908.11		506.060782668		503.499135553		506.59669439		
1484114551.35		506.887284242		504.253690571		507.430260949		
1484148194.59		507.692676281		504.986352741		508.23940859		
1484181837.84		508.4785831		505.700905572		509.033910886		
1484215481.08		509.299433561		506.456509045		509.859247698		
1484249124.32		510.08505446		507.173365479		510.651275389		
1484282767.57		510.810587478		507.801050165		511.387125438		
1484316410.81		511.525121479		508.448755988		512.10493157		
1484350054.05		512.212568759		509.047871123		512.79332738		
1484383697.3		512.93414099		509.68884028		513.518359059		
1484417340.54		513.666416107		510.326960506		514.255188296		
1484450983.78		514.399324707		510.986824349		514.996362255		
1484484627.03		515.151118388		511.658228574		515.749674704		
1484518270.27		515.845269429		512.264334976		516.446558842		
1484551913.51		516.516667407		512.849043436		517.12804381		
1484585556.76		517.190706518		513.439990247		517.803235124		
1484619200.0		517.814678023		513.979017699		518.431466009		
1484652843.24		518.471829435		514.552343032		519.093667613		
1484686486.49		519.165173935		515.166868162		519.792708808		
1484720129.73		519.861803998		515.769677641		520.48859256		
1484753772.97		520.508351125		516.335542352		521.13696186		
1484787416.22		412.689746088		409.331825739		413.187806113		
1484821059.46		413.216459083		409.789746653		413.714163255		
1484854702.7		413.733199062		410.228910713		414.23246105		
1484888345.95		414.248543978		410.681575332		414.751054406		
1484921989.19		414.778822454		411.14558327		415.280393651		
1484955632.43		496.146054911		491.721304564		496.74859393		
1484989275.68		496.810630053		492.301491294		497.415991318		
1485022918.92		497.472852194		492.876329065		498.085795938		
1485056562.16		498.108397507		493.421163372		498.721140115		
1485090205.41		498.725792229		493.960593054		499.339469183		
1485123848.65		499.367692715		494.524387342		499.984561041		
1485157491.89		499.978918412		495.035121341		500.599692695		
1485191135.14		500.566056583		495.548207557		501.194657494		
1485224778.38		495.784764254		490.847863611		496.40912469		
1485258421.62		484.428169668		479.706801758		485.041346217		
1485292064.86		473.843492633		469.294791999		474.444436798		
1485325708.11		469.397275988		464.834195747		469.995606872		
1485359351.35		471.064915068		466.333022472		471.665378924		
1485392994.59		472.683220172		467.812479863		473.291018574		
1485426637.84		474.303158126		469.357248525		474.917000785		
1485460281.08		398.335097543		394.114669042		398.852278441		
1485493924.32		399.707690916		395.37506443		400.228345603		
1485527567.57		401.052509374		396.604861365		401.576056358		
1485561210.81		402.359810102		397.787827518		402.884286827		
1485594854.05		403.607594878		398.865407169		404.138472123		
1485628497.3		404.828949027		399.907415883		405.363746312		
1485662140.54		406.029630005		400.9415958		406.565520068		
1485695783.78		407.218884586		402.005880552		407.753296338		
1485729427.03		408.374659483		403.04108235		408.907627004		
1485763070.27		409.502250528		404.047171031		410.034976185		
1485796713.51		410.601244344		405.011475231		411.132618371		
1485830356.76		472.889974124		466.301579971		473.500854502		
1485864000.0		474.0746521		467.309026831		474.684494904		
1485897643.24		475.228594798		468.30230684		475.845089059		
1485931286.49		476.344907256		469.305955136		476.967479682		
1485964929.73		462.656035771		460.709186777		464.977303302		
1485998572.97		455.68257066		453.638147522		463.112572078		
1486032216.22		457.2970388		455.305324886		464.404324403		
1486065859.46		468.97750659		467.016433939		475.491197442		
1486099502.7		470.841818293		468.956490705		476.651420403		
1486133145.95		472.548050128		470.767929535		477.631628595		
1486166789.19		474.19874862		472.517875426		478.580510055		
1486200432.43		475.859809357		474.231656229		479.546317778		
1486234075.68		477.461451669		475.881084216		480.597163679		
1486267718.92		479.054613059		477.535214008		481.863724618		
1486301362.16		480.560602733		479.136030164		482.990996895		
1486335005.41		482.023492365		480.686079876		484.047744482		
1486368648.65		483.407240871		482.144901324		485.136280261		
1486402291.89		484.739845423		483.550671154		486.181720614		
1486435935.14		486.095754242		484.979623174		487.283341469		
1486469578.38		487.441980912		486.413607828		488.458848218		
1486503221.62		488.719661426		487.80305234		489.60359204		
1486536864.86		489.925376445		489.030427435		490.732369941		
1486570508.11		491.113621725		490.193235357		491.968309211		
1486604151.35		492.262281118		491.283475565		493.148287737		
1486637794.59		493.471431736		492.314189255		494.327262511		
1486671437.84		494.612112679		493.158490691		495.444840157		
1486705081.08		495.715290452		493.979800157		496.528581004		
1486738724.32		496.781392087		494.573717476		497.578027599		
1486772367.57		497.8329199		495.149145867		498.592905302		
1486806010.81		498.887491052		495.765288634		499.632568059		
1486839654.05		499.933050349		496.376049332		500.666172759		
1486873297.3		500.97427101		496.992185918		501.693899229		
1486906940.54		502.04671893		497.642715514		502.744680954		
1486940583.78		503.105180892		498.296762059		503.787745002		
1486974227.03		504.102034667		498.892601212		504.768540738		
1487007870.27		505.095473976		499.493856443		505.74785353		
1487041513.51		506.065386891		500.10013284		506.715748237		
1487075156.76		506.995256905		500.676420455		507.661612401		
1487108800.0		507.912253888		501.251611797		508.596294576		
1487142443.24		508.87952305		501.864880825		509.582492461		
1487176086.49		509.826616686		502.472125527		510.538274092		
1487209729.73		510.817185043		503.119423044		511.528331465		
1487243372.97		511.745082765		503.715495454		512.448286117		
1487277016.22		513.552673167		504.887734623		514.267883093		
1487310659.46		514.398898957		505.251013048		515.122824682		
1487344302.7		515.231596992		505.789111015		515.959552702		
1487377945.95		516.053625482		506.347305581		516.788444103		
1487411589.19		516.855651651		506.894172418		517.592976263		
1487445232.43		517.612957095		507.40702391		518.360507919		
1487478875.68		518.418834682		507.970890079		519.166262009		
1487512518.92		519.291278837		508.601186621		520.042026871		
1487546162.16		520.079661571		509.167640875		520.849227225		
1487579805.41		520.889979869		509.771594101		521.682876424		
1487613448.65		521.683306281		510.336676401		522.48994194		
1487647091.89		522.511253765		510.95187932		523.321891923		
1487680735.14		523.351567957		511.557014364		524.171989045		
1487714378.38		524.161645928		512.128972631		524.999978263		
1487748021.62		524.989136764		512.727179872		525.837921461		
1487781664.86		525.803517216		513.31367464		526.658056379		
1487815308.11		526.69364207		513.982614071		527.544278227		
1487848951.35		527.528858532		514.616614941		528.374157881		
1487882594.59		528.347927914		515.257606817		529.183237517		
1487916237.84		529.146232885		515.889463524		530.005918158		
1487949881.08		529.884771722		516.448895663		530.729507038		
1487983524.32		530.584723487		517.047825354		531.498004756		
1488017167.57		531.29963536		517.632928834		532.235023529		
1488050810.81		532.029227686		518.253710305		533.016401908		
1488084454.05		532.713388899		518.873910173		533.748261577		
1488118097.3		533.348771699		519.478712787		534.428165184		
1488151740.54		534.017726361		520.104401372		535.116752817		
1488185383.78		534.628109258		520.734587608		535.778313732		
1488219027.03		535.239424251		521.371452422		536.426431956		
1488252670.27		535.882716012		522.053906733		537.093304004		
1488286313.51		536.462140463		522.697474404		537.725110208		
1488319956.76		536.96554121		523.316012867		538.282221051		
1488353600.0		537.486654682		523.952687104		538.824832938		
1488387243.24		538.010945184		524.594177154		539.355223539		
1488420886.49		538.559650199		525.315382319		539.944746794		
1488454529.73		539.103288969		526.003374676		540.4898847		
1488488172.97		539.629086582		526.718442307		541.024495895		
1488521816.22		540.092896636		527.379739874		541.487129359		
1488555459.46		540.602108201		528.100159765		542.000259643		
1488589102.7		541.068079996		528.784812923		542.474537919		
1488622745.95		541.539406343		529.51382747		542.964653399		
1488656389.19		541.968852163		530.20031278		543.38454977		
1488690032.43		542.333952485		530.841261419		543.756414395		
1488723675.68		542.675735961		531.479695858		544.109166809		
1488757318.92		541.810914758		530.938925939		543.245633575		
1488790962.16		541.8457164		531.241997069		543.264703047		
1488824605.41		542.400574077		532.11317804		543.812279957		
1488858248.65		542.962706333		532.99955033		544.361604897		
1488891891.89		543.560728042		533.920658993		544.928962647		
1488925535.14		544.073884676		534.798938214		545.444589779		
1488959178.38		544.535387118		535.645296783		545.915291084		
1488992821.62		545.014319382		536.509401889		546.390255609		
1489026464.86		545.585266625		537.451133568		546.93455477		
1489060108.11		546.069226266		538.336326225		547.414435151		
1489093751.35		547.635216375		540.026340711		548.951833294		
1489127394.59		548.015071779		540.68155468		549.319600829		
1489161037.84		548.436021184		541.527960029		549.709581122		
1489194681.08		548.830662667		542.382058079		550.087880657		
1489228324.32		549.288434889		543.293324362		550.517648015		
1489261967.57		549.761827745		544.208410936		550.94923851		
1489295610.81		550.17988555		545.081095015		551.334243262		
1489329254.05		550.596280182		545.956987631		551.730039791		
1489362897.3		550.928402154		546.770074368		552.041170628		
1489396540.54		551.224364268		547.552995793		552.315338215		
1489430183.78		551.534747796		548.345724464		552.587268747		
1489463827.03		551.847232381		549.146991796		552.881141325		
1489497470.27		552.117669856		549.871019707		553.128556726		
1489531113.51		552.439792736		550.478332589		553.403538179		
1489564756.76		552.73976547		551.179053567		553.664681783		
1489598400.0		553.070079188		551.833972282		553.963687433		
1489632043.24		553.347263117		552.364700409		554.236202486		
1489665686.49		553.694427165		552.843294176		554.545666143		
1489699329.73		554.005885148		553.179972659		554.748483414		
1489732972.97		554.316993227		553.492876529		555.048412849		
1489766616.22		554.657255801		553.775594871		555.495690554		
1489800259.46		554.991015407		554.083512713		555.952329961		
1489833902.7		555.25736628		554.354029135		556.445441698		
1489867545.95		555.442500272		554.540868519		556.867318196		
1489901189.19		555.614595555		554.739576164		557.479104499		
1489934832.43		555.779851465		554.884709397		558.082329832		
1489968475.68		555.979565373		555.096587375		558.858356052		
1490002118.92		556.181334734		555.292030559		559.630365156		
1490035762.16		556.382227034		555.481968841		560.398419935		
1490069405.41		556.549892434		555.652831648		561.160088602		
1490103048.65		556.766517921		555.884312558		561.96098092		
1490136691.89		556.957457233		556.070316475		562.732241841		
1490170335.14		557.150504208		556.230531964		563.50252439		
1490203978.38		557.279352884		556.348391471		564.227894688		
1490237621.62		557.433756392		556.519753841		565.012201031		
1490271264.86		557.6816419		556.749667772		565.826413785		
1490304908.11		557.94962289		556.981119507		566.669179612		
1490338551.35		558.105494117		557.115708645		567.430758951		
1490372194.59		558.272942652		557.217453665		568.175021		
1490405837.84		558.51897248		557.462192019		569.022470686		
1490439481.08		558.744896447		557.634336383		569.847907888		
1490473124.32		558.930534097		557.766315691		570.623595774		
1490506767.57		559.157135619		557.924271543		571.429056386		
1490540410.81		559.296733107		558.066749037		572.222687898		
1490574054.05		559.47635771		558.199910835		573.011040089		
1490607697.3		559.67448803		558.318532514		573.8020245		
1490641340.54		559.968096948		558.522582823		574.684435422		
1490674983.78		560.224723302		558.732670021		575.555698132		
1490708627.03		560.494840368		558.954730006		576.452597908		
1490742270.27		560.695065664		559.088489665		577.264648902		
1490775913.51		560.928111247		559.271190908		578.13209302		
1490809556.76		561.248775431		559.550656278		579.097187273		
1490843200.0		561.552485088		559.792030979		580.038482199		
1490876843.24		561.785569372		559.966808962		580.905721469		
1490910486.49		561.996729584		560.114720257		581.749693048		
1490944129.73		562.235254797		560.280334878		582.613777468		
1490977772.97		562.467433405		560.443271815		583.476488942		
1491011416.22		562.701040486		560.60510106		584.340990448		
1491045059.46		562.95878934		560.774094298		585.210010106		
1491078702.7		563.215553629		560.941208353		586.087195585		
1491112345.95		563.466109166		561.110138285		586.974161673		
1491145989.19		563.720698434		561.278585172		587.86569807		
1491179632.43		563.974480471		561.451130251		588.761745466		
1491213275.68		564.1881259		561.622969643		589.662247455		
1491246918.92		564.419662553		561.7956601		590.567157966		
1491280562.16		564.669018935		561.975690789		591.47642582		
1491314205.41		564.920214439		562.146894773		592.39000438		
1491347848.65		565.173419296		562.319513396		593.307855969		
1491381491.89		565.425614732		562.496512201		594.229889395		
1491415135.14		565.679750499		562.684989509		595.155519056		
1491448778.38		565.926318206		562.85726974		596.083970556		
1491482421.62		566.167092513		563.029861285		597.013020584		
1491516064.86		566.411794115		563.197694132		597.94602112		
1491549708.11		566.667033375		563.374438804		598.882724064		
1491583351.35		566.911490207		563.551727988		599.823098404		
1491616994.59		567.175239369		563.728914918		600.767338899		
1491650637.84		567.427569464		563.906395342		601.715428535		
1491684281.08		567.676280405		564.088255034		602.667346682		
1491717924.32		567.932652875		564.267312908		603.623078012		
1491751567.57		568.182842167		564.454248349		604.581602372		
1491785210.81		568.431105547		564.641689413		605.543893818		
1491818854.05		568.677228093		564.819711172		606.509952391		
1491852497.3		568.922980362		564.99163701		607.479767972		
1491886140.54		569.17745095		565.163727904		608.45332937		
1491919783.78		569.454198747		565.336260471		609.430629403		
1491953427.03		569.705847081		565.510026114		610.411660931		
1491987070.27		569.96921191		565.689281395		611.396416633		
1492020713.51		570.239373411		565.8671971		612.384892676		
1492054356.76		570.521262906		566.048873168		613.377084632		
1492088000.0		570.794959011		566.225496786		614.372988583		
1492121643.24		571.074829621		566.404061829		615.372603645		
1492155286.49		571.339869536		566.584276097		616.375927864		
1492188929.73		571.604435419		566.760957852		617.382960317		
1492222572.97		571.884204924		566.937520248		618.393702729		
1492256216.22		572.164210727		567.117695728		619.408155402		
1492289859.46		572.412222083		567.296101312		620.426320062		
1492323502.7		572.656871422		567.473896842		621.448200741		
1492357145.95		572.901916416		567.654061229		622.47379981		
1492390789.19		573.14734919		567.844962136		623.503121338		
1492424432.43		573.402825396		568.023121219		624.536171414		
1492458075.68		573.660799296		568.20153469		625.572954299		
1492491718.92		573.919166127		568.381137385		626.613476256		
1492525362.16		574.169875042		568.559820704		627.657744892		
1492559005.41		574.417328006		568.745123417		628.705766523		
1492592648.65		574.679452061		568.935605319		629.757549257		
1492626291.89		574.954851499		569.122396583		630.813102081		
1492659935.14		575.230650693		569.300815098		631.87243318		
1492693578.38		575.50684431		569.478001156		632.935552308		
1492727221.62		575.7834273		569.655583022		634.002469739		
1492760864.86		576.060394351		569.83336961		635.073195334		
1492794508.11		576.33774092		570.011357008		636.147176964		
1492828151.35		576.615462575		570.189541397		637.224624192		
1492861794.59		576.891236217		570.371078592		638.305913688		
1492895437.84		577.166014698		570.561474946		639.391057774		
1492929081.08		577.441147356		570.733444933		640.480068792		
1492962724.32		577.716630408		570.916054792		641.572959214		
1492996367.57		577.992460633		571.099194304		642.669742621		
1493030010.81		578.269141236		571.285096573		643.633286845		
1493063654.05		578.551250965		571.467528102		644.70076154		
1493097297.3		578.833710503		571.649889352		645.812065684		
1493130940.54		579.116516908		571.83380966		646.927339872		
1493164583.78		579.399667449		572.017973019		648.046599177		
1493198227.03		579.68315982		572.207172054		649.169859545		
1493231870.27		579.965264072		572.390705371		650.199250497		
1493265513.51		580.244148003		572.578601823		651.122461342		
1493299156.76		580.530438684		572.773580224		652.249185306		
1493332800.0		580.817175744		572.96129508		653.379914487		
1493366443.24		581.104247376		573.145038903		654.514665702		
1493400086.49		581.390676812		573.328776327		655.618418003		
1493433729.73		581.674589386		573.513484846		656.608299619		
1493467372.97		581.958824097		573.713356506		657.575787157		
1493501016.22		582.24337954		573.916777212		658.724923807		
1493534659.46		582.525436006		574.102164574		659.862897697		
1493568302.7		582.800491392		574.278204989		660.895063351		
1493601945.95		583.076235782		574.457780262		661.689753216		
1493635589.19		583.356151757		574.648928436		662.52197296		
1493669232.43		583.636369339		574.843867847		663.340053975		
1493702875.68		583.916887546		575.042930818		664.144629927		
1493736518.92		584.197705345		575.242157099		664.886879453		
1493770162.16		584.478821893		575.44043296		665.587203543		
1493803805.41		584.760236367		575.626828475		666.273243675		
1493837448.65		585.04194793		575.808780676		666.945668232		
1493871091.89		585.317702305		575.994855091		667.605053757		
1493904735.14		585.593981316		576.186750986		668.251991676		
1493938378.38		585.872785666		576.379650844		668.887064391		
1493972021.62		586.151877221		576.568950249		669.510774619		
1494005664.86		586.431255408		576.756954846		670.123652693		
1494039308.11		586.710919699		576.945098891		670.726205399		
1494072951.35		586.99086969		577.135878601		671.318870464		
1494106594.59		587.271104921		577.327639485		671.902122523		
1494140237.84		587.551624991		577.520120427		672.476402035		
1494173881.08		587.832429607		577.713356331		673.042089668		
1494207524.32		588.113518408		577.90714705		673.599609505		
1494241167.57		588.394891105		578.110103652		674.149343951		
1494274810.81		588.684119171		578.299714758		674.691623699		
1494308454.05		588.975697921		578.491246179		675.226827114		
1494342097.3		589.267578746		578.687219877		675.755283648		
1494375740.54		589.559761549		578.883337025		676.277287045		
1494409383.78		589.852246176		579.079597254		676.793167723		
1494443027.03		590.14503255		579.276243663		677.303210837		
1494476670.27		590.438120639		579.473972597		677.807678978		
1494510313.51		590.731510369		579.666338398		678.306858549		
1494543956.76		591.025201739		579.868390096		678.800996836		
1494577600.0		591.319194769		580.064065161		679.290328287		
1494611243.24		591.61348946		580.252353271		679.775101002		
1494644886.49		591.908085872		580.442687348		680.255529299		
1494678529.73		592.202984075		580.63465338		680.731822272		
1494712172.97		592.498184135		580.82328475		681.204194727		
1494745816.22		592.793686164		581.012967338		681.672832313		
1494779459.46		593.089490278		581.207170226		682.137921334		
1494813102.7		593.385596596		581.40150835		682.599647686		
1494846745.95		593.681330677		581.596429403		683.058172113		
1494880389.19		593.97517028		581.794125653		683.513660473		
1494914032.43		594.269306834		581.990002354		683.966273584		
1494947675.68		594.563344011		582.183044397		684.416150571		
1494981318.92		594.85676341		582.377106469		684.863438984		
1495014962.16		595.1504778		582.574997309		685.308277898		
1495048605.41		595.444487401		582.771590851		685.750787694		
1495082248.65		595.738792415		582.963833776		686.191099547		
1495115891.89		596.033393067		583.156207238		686.6293337		
1495149535.14		596.329493002		583.348341958		687.065594286		
1495183178.38		596.633415228		583.540563744		687.499997861		
1495216821.62		596.93765159		583.732915419		687.93264821		
1495250464.86		597.242202402		583.925396981		688.363635848		
1495284108.11		597.547067956		584.118008409		688.793063838		
1495317751.35		597.855875255		584.310749703		689.221021237		
1495351394.59		598.162657012		584.504534776		689.647588692		
1495385037.84		598.460497367		584.706885856		690.072855334		
1495418681.08		598.754888777		584.910572936		690.496898218		
1495452324.32		599.050142152		585.108320373		690.919789166		
1495485967.57		599.345689623		585.307323829		691.341605251		
1495519610.81		599.640752644		585.513138793		691.762413146		
1495553254.05		599.930358804		585.714375273		692.182276783		
1495586897.3		600.220247097		585.912501017		692.601262809		
1495620540.54		600.510417835		586.109372842		693.019428916		
1495654183.78		600.800871333		586.314050969		693.436831989		
1495687827.03		601.091607906		586.520752601		693.853529666		
1495721470.27		601.38697948		586.717118322		694.269571867		
1495755113.51		601.68349022		586.910375773		694.685009198		
1495788756.76		601.981437227		587.103074134		695.099891506		
1495822400.0		602.280713532		587.296554446		695.514261998		
1495856043.24		602.580289245		587.491006523		695.928165676		
1495889686.49		602.880164738		587.685588626		696.341645664		
1495923329.73		603.180340397		587.880300832		696.75473936		
1495956972.97		603.480816598		588.075618301		697.167486783		
1495990616.22		603.781593729		588.273005372		697.579925243		
1496024259.46		604.082672184		588.473174076		697.992087126		
1496057902.7		604.384052351		588.674783646		698.404008012		
1496091545.95		604.685734629		588.876532436		698.815720192		
1496125189.19		604.987719421		589.078420546		699.227251722		
1496158832.43		605.290007127		589.280448073		699.638634235		
1496192475.68		605.592598153		589.482615119		700.049895551		
1496226118.92		605.895492913		589.684921789		700.461060403		
1496259762.16		606.198691816		589.887368187		700.872156498		
1496293405.41		606.502195277		590.088976279		701.283207868		
1496327048.65		606.806003717		590.286519114		701.694236584		
1496360691.89		607.110117554		590.48410763		702.10526667		
1496394335.14		607.414537211		590.68182915		702.516318982		
1496427978.38		607.719263117		590.879683778		702.92741322		
1496461621.62		608.024295696		591.077671619		703.338570225		
1496495264.86		608.329635382		591.277235351		703.749808111		
1496528908.11		608.636195815		591.478338459		704.161144466		
1496562551.35		608.943864559		591.670788984		704.572597382		
1496596194.59		609.253399225		591.866618577		704.984182606		
1496629837.84		609.563249311		592.063289904		705.395915845		
1496663481.08		609.873415274		592.261269374		705.807812819		
1496697124.32		610.183897572		592.459572728		706.219887233		
1496730767.57		610.494696664		592.658009333		706.632153116		
1496764410.81		610.805813013		592.85720178		707.044624145		
1496798054.05		611.117247083		593.058198663		707.457312258		
1496831697.3		611.428999339		593.259621454		707.870229997		
1496865340.54		611.741070248		593.461181443		708.283389273		
1496898983.78		612.053460283		593.662878755		708.696800501		
1496932627.03		612.366169912		593.860181981		709.1104749		
1496966270.27		612.679199609		594.059854382		709.524422857		
1496999913.51		612.99254985		594.260593779		709.938653475		
1497033556.76		613.306221111		594.461959268		710.353176795		
1497067200.0		613.62021387		594.663461518		710.768001892		
