1463461200.0		6.019378846		3.31293826641		23.6376064381		
1463515949.55		2.9494576986		2.90778020557		3.00720701251		
1463570699.1		3.15144186632		3.11737324328		3.1887238847		
1463625448.65		3.36781981415		3.33068719112		3.4051673298		
1463680198.2		3.59953865009		3.55988183493		3.63931139172		
1463734947.75		3.88564756599		3.84300311679		3.92891971411		
1463789697.3		4.15235698703		4.10677492056		4.19712199998		
1463844446.85		4.46263094867		4.41390972078		4.51079008392		
1463899196.4		4.79454969325		4.74237914266		4.84650840919		
1463953945.95		5.13233474624		5.07613216045		5.18813806073		
1464008695.5		5.53194373015		5.47140720143		5.59251120091		
1464063445.05		5.81677336978		5.75287951541		5.88048082207		
1464118194.59		6.0901407127		6.02225783608		6.15576286795		
1464172944.14		6.59106781005		6.51768670042		6.66186467712		
1464227693.69		7.01358569531		6.93531561199		7.08876293812		
1464282443.24		7.42752781038		7.34453210997		7.50659163366		
1464337192.79		7.935418267		7.84656047227		8.01889414955		
1464391942.34		8.43286265026		8.33889884973		8.52106195388		
1464446691.89		8.97851434635		8.87988134864		9.07337398651		
1464501441.44		9.56780382041		9.46350494838		9.66825517135		
1464556190.99		10.159429457		10.0496655213		10.2657256061		
1464610940.54		10.8189095237		10.7032195375		10.9324227223		
1464665690.09		11.4919961253		11.3701072234		11.6127582707		
1464720439.64		12.1968613158		12.067190816		12.324588549		
1464775189.19		13.012358839		12.8746726972		13.1484857061		
1464829938.74		13.7725025098		13.6250339472		13.9165130533		
1464884688.29		14.6444322872		14.4881064816		14.7968876067		
1464939437.84		15.5615064804		15.3968655685		15.7227696116		
1464994187.39		16.4221705952		16.2511526209		16.5932904346		
1465048936.94		17.4235960186		17.2432503912		17.6052125276		
1465103686.49		18.8424718347		18.6493614121		19.0382383324		
1465158436.04		20.614522294		20.4040232907		20.8256552995		
1465213185.59		22.5226650523		22.2958343482		22.754448988		
1465267935.14		24.4783318261		24.2315177881		24.7278899463		
1465322684.68		26.7492999601		26.4801019639		27.0192836354		
1465377434.23		29.1963036299		28.9076679737		29.4899552906		
1465432183.78		31.8174908654		31.5036081076		32.136573344		
1465486933.33		34.6183239445		34.2851890309		34.971528563		
1465541682.88		37.6195697126		37.2599812293		38.0019982397		
1465596432.43		40.8221204884		40.4304496892		41.2306544739		
1465651181.98		44.2286780702		43.8111272171		44.6695247012		
1465705931.53		47.8535315361		47.4100304839		48.3285838587		
1465760681.08		51.709054319		51.2282666236		52.2162358814		
1465815430.63		55.7805663548		55.2796223372		56.3306362731		
1465870180.18		60.0720456518		59.5359122409		60.6567532944		
1465924929.73		64.4893476739		63.9183392051		65.1091699095		
1465937519.0		65.5359530997		64.9560202844		66.1675610333		
1465937520.0		65.5360374244		64.9561029426		66.16764617		
1465937521.0		65.5361217494		64.9561856009		66.167731307		
1465979679.28		34.5734509104		33.6081105696		35.7063979099		
1466034428.83		35.2010324433		34.3644102532		36.2204778405		
1466089178.38		36.308856352		35.4585216769		37.3448170462		
1466143927.93		37.4460079208		36.5714009411		38.4989037536		
1466198677.48		38.6071557463		37.7012087136		39.6702011239		
1466253427.03		39.7876347704		38.8635040047		40.8592868984		
1466308176.58		40.9789247092		40.0345141861		42.0493124506		
1466362926.13		42.1770155294		41.2241857818		43.2575839872		
1466417675.68		43.3806990994		42.422983921		44.4911189647		
1466472425.23		44.6101747794		43.6458026017		45.7417614303		
1466527174.77		45.8713333117		44.8898711348		46.9966511975		
1466581924.32		49.1808693921		48.1391452803		50.3526849852		
1466636673.87		52.9680861659		51.8636816873		54.2018707184		
1466691423.42		56.9671397414		55.8073568699		58.2868091324		
1466746172.97		61.1887922172		59.9713725029		62.577069403		
1466800922.52		65.6289148208		64.3601221608		67.0927823897		
1466855672.07		70.2701917484		68.960157943		71.8174025501		
1466910421.62		75.1331294322		73.7589700459		76.748395705		
1466965171.17		80.20173352		78.7757812967		81.8827018548		
1467019920.72		85.4734834831		83.9927430349		87.1926592833		
1467074670.27		90.8944535581		89.3896564549		92.7065526479		
1467129419.82		89.0433250486		87.5788410011		90.7788637666		
1467184169.37		102.258494699		100.632866018		104.229979104		
1467238918.92		108.199270774		106.569471818		110.262493929		
1467293668.47		106.898962993		105.30264685		108.864042504		
1467348418.02		120.312755537		118.583051054		122.478353766		
1467403167.57		126.548866537		124.810350295		128.761196225		
1467457917.12		132.833566414		131.048056951		135.086622473		
1467512666.67		139.132752849		137.2737376		141.406493871		
1467567416.22		145.401096304		143.402154549		147.728602792		
1467622165.77		151.660695992		149.494491238		154.040586261		
1467676915.32		157.917840344		155.709274533		160.317096471		
1467731664.86		164.099631829		161.821803031		166.51004574		
1467786414.41		170.202330283		167.866468699		172.606239373		
1467841163.96		176.161649782		173.729912125		178.564265318		
1467895913.51		181.985820697		179.513356634		184.391075184		
1467950663.06		187.822021019		185.333255731		190.174108875		
1468005412.61		193.244444625		190.561022425		195.564918014		
1468060162.16		198.563746738		195.767204825		200.900829221		
1468114911.71		203.739544751		200.900616525		206.044883174		
1468169661.26		208.698627065		205.76248055		211.048630049		
1468224410.81		213.418342301		210.388029148		215.813112456		
1468279160.36		217.970366678		214.891628137		220.40853416		
1468333909.91		222.415163706		219.253031455		224.824693093		
1468388659.46		226.606053721		223.375914329		229.031627326		
1468443409.01		230.5522516		227.216870919		233.078728928		
1468498158.56		250.851848703		247.186607556		253.551040035		
1468552908.11		254.583020603		250.793908726		257.315448805		
1468597799.0		257.471594026		253.583281486		260.28593275		
1468597800.0		257.471658836		253.583341719		260.285996945		
1468597801.0		257.471723645		253.583401952		260.28606114		
1468607657.66		165.372319147		158.619387004		178.562674517		
1468662407.21		137.840893079		134.206447085		143.144087924		
1468717156.76		144.04844679		140.490417017		148.458620067		
1468771906.31		150.877331758		147.2784303		155.135496647		
1468826655.86		157.765316802		154.118325625		161.926866949		
1468881405.41		164.532061205		160.961771546		168.627471414		
1468936154.95		171.256255551		167.813982463		175.243889694		
1468990904.5		176.061780596		172.786717637		179.828766033		
1469045654.05		182.702766787		179.558404884		186.157568039		
1469100403.6		189.427660858		186.345079767		192.692559366		
1469155153.15		195.911330507		192.883836984		198.998640879		
1469209902.7		181.885229572		179.347264002		184.478679417		
1469264652.25		187.145632924		184.631459004		189.479431469		
1469319401.8		192.100293222		189.698235586		194.380862032		
1469374151.35		196.936469259		194.673066006		199.099967858		
1469428900.9		201.584091319		199.397857099		203.658994077		
1469483650.45		205.993532528		203.948483922		208.107321863		
1469538400.0		210.237192055		208.207836758		212.371868849		
1469593149.55		205.071171678		203.02665756		207.082747395		
1469647899.1		208.842401338		206.665991805		210.812608992		
1469702648.65		212.443643569		210.258267314		214.422355188		
1469757398.2		220.929996076		218.548320554		222.988092683		
1469812147.75		224.323449339		221.865941973		226.310830531		
1469866897.3		241.517381691		238.8359215		243.607683994		
1469921646.85		244.707090656		242.009256416		246.784793524		
1469976396.4		247.759507873		244.862716418		249.843442374		
1470031145.95		250.596924715		247.439175706		252.675719858		
1470085895.5		237.964302767		234.824896784		239.953277554		
1470140645.05		255.934344217		252.574799247		258.03167737		
1470195394.59		240.179422509		236.975674881		242.073577348		
1470250144.14		242.573263958		239.401673186		244.441399305		
1470304893.69		244.876065291		241.838363689		246.672715965		
1470359643.24		246.488939783		243.475946782		248.311914222		
1470414392.79		248.742340136		245.816971021		250.518132868		
1470469142.34		250.676217865		247.844699649		252.437723883		
1470523891.89		249.723307164		247.004157249		251.511063139		
1470578641.44		251.52152429		248.818202558		253.30869573		
1470633390.99		253.301600921		250.677354832		255.087880235		
1470688140.54		255.027393489		252.48074476		256.810118788		
1470742890.09		276.077979284		273.429790324		278.009187738		
1470797639.64		277.481621196		274.897167196		279.3878693		
1470852389.19		277.714549227		275.230157511		279.655827769		
1470907138.74		277.815199341		275.378078183		279.78315424		
1470961888.29		278.094795733		275.897919783		280.001313302		
1471016637.84		278.649605058		276.736402974		280.48256751		
1471071387.39		279.286177376		277.577096775		281.00413872		
1471126136.94		279.84560311		278.3973657		281.530098918		
1471180886.49		280.392535857		279.008844493		282.04743193		
1471235636.04		281.009449387		279.701145001		282.577697592		
1471290385.59		281.588530564		280.340681677		283.140468364		
1471345135.14		282.210548937		280.823854603		283.723128268		
1471399884.68		282.793684798		281.328533754		284.38618257		
1471454634.23		283.286462109		281.760984545		285.017324321		
1471509383.78		283.856419686		282.286296979		285.8927407		
1471564133.33		284.41000441		282.731530776		286.498143702		
1471618882.88		284.918013497		283.174317317		287.126466725		
1471673632.43		285.355663104		283.591563343		287.827638616		
1471728381.98		285.828542697		284.001109639		288.359982588		
1471783131.53		286.218216403		284.398015818		288.905032665		
1471837881.08		286.715053154		284.829295817		289.491745992		
1471879999.0		287.182715579		285.281626495		290.067989078		
1471880000.0		287.182742969		285.281650412		290.068017804		
1471880001.0		287.182770359		285.281674329		290.06804653		
1471892630.63		287.778762994		285.992631009		290.493775767		
1471947380.18		273.990269972		272.59830919		275.697802076		
1472002129.73		261.207983406		259.744438037		262.675174677		
1472056879.28		246.570022609		244.630433211		248.196443166		
1472111628.83		240.009693468		237.899411979		241.729937657		
1472166378.38		231.382838848		229.37738126		233.07824197		
1472221127.93		206.99833227		205.185226644		208.545891166		
1472275877.48		216.102007683		214.226454961		217.758033726		
1472330627.03		209.301616264		207.52514715		210.947197398		
1472385376.58		202.991770979		201.316750396		204.565601706		
1472440126.13		197.141511041		195.495844729		198.63472209		
1472494875.68		191.68976168		190.034298115		193.114109268		
1472549625.23		186.574052499		184.926156166		187.95193017		
1472604374.77		181.757165191		180.135853422		183.11216093		
1472659124.32		177.22378785		175.589265846		178.577592214		
1472713873.87		172.938710103		171.356550037		174.31114246		
1472768623.42		168.89053114		167.30077527		170.247714382		
1472799999.0		166.64348516		165.09708282		168.040847329		
1472800000.0		166.643415087		165.097012156		168.040780034		
1472800001.0		166.643345015		165.096941492		168.040712738		
1472823372.97		164.775464751		163.366308428		166.147239758		
1472878122.52		168.168579414		166.840886553		169.484721134		
1472932872.07		174.496547234		173.207637043		175.762109517		
1472987621.62		180.762146969		179.501778764		182.033947375		
1473042371.17		186.956909303		185.736475294		188.188652346		
1473097120.72		193.303258795		192.114135951		194.54040924		
1473151870.27		199.313275779		198.129893796		200.573005487		
1473206619.82		205.347464065		204.135397295		206.594856043		
1473261369.37		211.25513724		210.076715948		212.527884461		
1473316118.92		217.050170127		215.860885233		218.354641903		
1473370868.47		222.689974444		221.478627441		224.026758755		
1473425618.02		228.102632169		226.894425105		229.50931672		
1473480367.57		233.38430955		232.163022132		234.922788282		
1473535117.12		238.573274984		237.335284099		240.209187911		
1473589866.67		243.557061557		242.337317476		245.311586823		
1473644616.22		248.412165927		247.160765818		250.244225492		
1473699365.77		253.132073882		251.843485297		255.060493738		
1473754115.32		257.685803098		256.399401813		259.67255705		
1473808864.86		262.463105642		261.138480995		264.472798309		
1473863614.41		266.910722792		265.663574574		268.762834195		
1473918363.96		270.670023293		269.425959628		272.217642608		
1473973113.51		274.632625596		273.369872596		276.347872551		
1474027863.06		278.459236989		277.177442939		280.279196333		
1474082612.61		273.353835489		272.072215975		275.099641516		
1474137362.16		276.787595318		275.469413024		278.496215119		
1474192111.71		280.121077353		278.791631034		281.859497256		
1474246861.26		283.280996311		281.962243457		285.085479218		
1474301610.81		286.343871716		284.999627248		288.175040252		
1474356360.36		289.29216993		287.92827756		291.11417972		
1474411109.91		290.088902495		288.717844168		291.882156203		
1474465859.46		292.87753101		291.497442805		294.771586129		
1474520609.01		294.356379666		292.96697159		296.226617081		
1474575358.56		297.466556811		296.03643754		299.317675076		
1474630108.11		300.470558912		299.016264206		302.348018782		
1474684857.66		298.555674762		297.098407918		300.43566279		
1474739607.21		300.984098079		299.52098929		302.918309245		
1474794356.76		303.262872379		301.796975911		305.246175768		
1474849106.31		305.442358414		303.972933705		307.453780355		
1474903855.86		312.313120567		310.816860509		314.374465289		
1474958605.41		309.463558872		307.992802373		311.4860975		
1475013354.95		311.360438651		309.894131502		313.37932227		
1475068104.5		313.184837958		311.700971067		315.161227212		
1475122854.05		315.210823032		313.70919553		317.196908905		
1475177603.6		332.485297015		330.878222217		334.561817933		
1475179999.0		317.000120872		315.475035997		318.98346142		
1475180000.0		316.999825596		315.474766158		318.983181382		
1475180001.0		316.99953032		315.47449632		318.982901345		
1475232353.15		301.640908242		300.468416246		303.012240022		
1475287102.7		276.847110391		275.893049909		278.06324629		
1475341852.25		272.535437869		271.572277825		273.486345934		
1475396601.8		266.402248		265.098088923		267.531043492		
1475451351.35		262.860749094		261.362039268		264.204751482		
1475506100.9		259.570784932		257.770502642		261.132640605		
1475560850.45		253.512250159		251.383089143		255.223074795		
1475615600.0		250.006537811		247.682146388		251.917130047		
1475670349.55		249.471463475		246.902946159		251.635594645		
1475679999.0		248.99385662		246.402515407		251.193622579		
1475680000.0		248.994031795		246.402691663		251.193795618		
1475680001.0		248.99420697		246.402867919		251.193968657		
1475725099.1		256.928961378		254.339832765		259.061408991		
1475779848.65		266.219302437		263.757114872		268.292312862		
1475834598.2		275.456277842		273.098264077		277.444343738		
1475889347.75		283.988374232		281.892385043		285.935391462		
1475944097.3		291.657559384		289.626188381		293.531086553		
1475998846.85		299.184593463		297.258587786		301.035020943		
1476053596.4		306.363279659		304.623095135		308.094902437		
1476108345.95		313.326055358		311.716228916		314.938836848		
1476163095.5		320.011699058		318.484663548		321.516823979		
1476217845.05		326.494032736		325.100659258		327.896310323		
1476272594.59		332.62997193		331.323700279		334.03187277		
1476327344.14		338.116043392		336.857872921		339.557268626		
1476382093.69		342.75525232		341.517783663		344.164910534		
1476436843.24		347.777362532		346.52013093		349.10431313		
1476491592.79		352.487093527		351.27817064		353.975446465		
1476546342.34		357.492405865		356.285546381		358.978389945		
1476601091.89		362.203976756		361.014680633		363.738425801		
1476655841.44		366.714169293		365.51240401		368.344795914		
1476710590.99		370.993671585		369.807646332		372.604274304		
1476765340.54		375.05001141		373.826501892		376.619861723		
1476820090.09		378.837056188		377.621681759		380.451738136		
1476874839.64		382.474236026		381.270564344		384.108865787		
1476929589.19		385.878398996		384.655201727		387.509066886		
1476984338.74		388.975620158		387.731205634		390.549632564		
1477039088.29		391.481411526		390.199594321		393.076386449		
1477093837.84		393.860832334		392.51343721		395.448372268		
1477148587.39		396.153124632		394.779740309		397.757501015		
1477203336.94		398.312222886		396.913407391		399.920294629		
1477258086.49		400.382429726		398.965353134		402.012499375		
1477312836.04		402.347149239		400.898338667		404.022278369		
1477367585.59		404.203573411		402.734800951		405.891091217		
1477422335.14		406.011685758		404.487026462		407.72423654		
1477477084.68		407.706832004		406.175846878		409.48675384		
1477531834.23		409.366514247		407.832968088		411.193935149		
1477586583.78		410.798237726		409.224836139		412.673826489		
1477641333.33		412.429603735		410.823473636		414.330616859		
1477696082.88		413.851495581		412.23764899		415.757720446		
1477750832.43		415.263026005		413.626984093		417.183021909		
1477805581.98		416.634199351		415.004962762		418.581235306		
1477860331.53		417.94238479		416.292635925		419.906379504		
1477915081.08		419.195684435		417.542507937		421.182132756		
1477969830.63		420.436567333		418.783958092		422.401183228		
1478024580.18		421.629290048		419.980268131		423.601330852		
1478079329.73		422.787107884		421.123212447		424.769427783		
1478134079.28		423.928318988		422.258234233		425.904087779		
1478188828.83		425.050909522		423.389074007		427.036142812		
1478243578.38		426.137388032		424.475935091		428.139236532		
1478298327.93		427.24610975		425.542089754		429.250269826		
1478353077.48		428.296707918		426.585480925		430.330968003		
1478407827.03		429.336403776		427.626011725		431.394142946		
1478462576.58		430.328641465		428.612419389		432.399197244		
1478517326.13		431.323813589		429.597686754		433.457960852		
1478572075.68		432.328037785		430.583912894		434.476534302		
1478626825.23		433.32037293		431.560857436		435.46804869		
1478681574.77		434.293284333		432.536778704		436.447520937		
1478736324.32		435.250377611		433.49288155		437.441072354		
1478791073.87		436.201366957		434.450675778		438.398408605		
1478845823.42		437.148843867		435.395924126		439.339688977		
1478900572.97		438.084526547		436.342153756		440.275292843		
1478955322.52		439.023926505		437.284867464		441.225658627		
1479010072.07		439.947386795		438.207405288		442.156835521		
1479064821.62		440.874451119		439.129389874		443.086001936		
1479119571.17		441.785203462		440.041676231		444.013079079		
1479174320.72		442.706838263		440.950615357		444.942486972		
1479229070.27		443.609874908		441.872284214		445.853361553		
1479283819.82		444.488112909		442.748561298		446.740158619		
1479338569.37		445.389359101		443.642960934		447.646687192		
1479393318.92		446.275777937		444.54789584		448.548384109		
1479448068.47		447.181542653		445.449638452		449.448237015		
1479502818.02		448.098116777		446.363204678		450.365189696		
1479557567.57		448.978515846		447.263636827		451.209623374		
1479612317.12		449.875071482		448.174695831		452.118232429		
1479667066.67		450.759595853		449.051163881		452.986194705		
1479721816.22		451.648317123		449.939532596		453.83606059		
1479772378.0		439.768641824		438.112291226		441.882416981		
1479772379.0		439.768660719		438.112310676		441.882435878		
1479772380.0		439.768679614		438.112330126		441.882454775		
1479776565.77		410.601105355		406.467973628		415.821447495		
1479831315.32		360.185837339		355.490259231		364.922729363		
1479886064.86		376.224976744		371.378887812		381.028759551		
1479940814.41		382.120126676		377.551276164		386.544574592		
1479995563.96		387.754889595		383.461661242		391.915224776		
1480050313.51		393.145185016		389.102217709		397.069171229		
1480105063.06		398.308876073		394.42703281		402.022750618		
1480159812.61		403.189918705		399.656396967		406.809885663		
1480214562.16		407.843795981		404.603086019		411.315163913		
1480269311.71		412.261481102		409.261210116		415.548840434		
1480324061.26		416.510364603		413.788681652		419.598131978		
1480344348.0		417.674464537		415.029303471		420.648559139		
1480344349.0		417.674417944		415.029247666		420.648493178		
1480344350.0		417.67437135		415.029191861		420.648427218		
1480378810.81		415.874107112		413.312945359		418.539001075		
1480433560.36		412.971429507		410.7278854		415.254934474		
1480488309.91		410.314096782		408.168399093		412.529119097		
1480543059.46		408.04803288		405.646009799		410.204943044		
1480597809.01		405.92718535		403.334316891		408.348648606		
1480652558.56		403.909419201		401.189893136		406.683634394		
1480707308.11		402.125819928		399.121185179		405.222725781		
1480762057.66		400.595167345		397.36164836		403.87697192		
1480816807.21		399.159005003		395.709370141		402.771892433		
1480871556.76		397.924129191		394.207175633		401.747891042		
1480926306.31		397.000112337		393.09697578		401.090407653		
1480926699.0		397.039930027		393.139147053		401.128981457		
1480926700.0		397.040031434		393.139254454		401.129079695		
1480926701.0		397.04013284		393.139361856		401.129177933		
1480981055.86		402.685056349		399.051140406		406.532250341		
1481035805.41		408.230156308		404.767620154		411.784524659		
1481090554.95		413.433436882		410.090407221		416.761941352		
1481145304.5		418.458866794		415.228992588		421.59339342		
1481200054.05		423.23295791		420.139570807		426.165032001		
1481254803.6		427.756702889		424.805526002		430.534034399		
1481309553.15		431.992635776		429.206557463		434.621353467		
1481364302.7		435.986999007		433.351923382		438.454876142		
1481419052.25		439.79426928		437.295764328		442.082692276		
1481473801.8		443.460304623		441.119030376		445.605120152		
1481528551.35		446.86739059		444.682072981		448.939711079		
1481583300.9		449.940801789		447.857979886		451.945964457		
1481638050.45		452.526519532		450.552159542		454.467402952		
1481692800.0		455.020630369		453.131219827		456.848540157		
1481747549.55		457.414672069		455.567297122		459.214330173		
1481802299.1		459.847442317		457.947420299		461.561846106		
1481857048.65		462.066417035		460.038874055		463.743361983		
1481911798.2		464.25021632		462.150020709		465.89458406		
1481966547.75		466.317953337		464.133146705		467.926716317		
1482021297.3		468.252924029		466.021040568		469.852730497		
1482076046.85		470.181752315		467.9124302		471.795788646		
1482130796.4		472.058018895		469.764560097		473.624321663		
1482168544.0		472.587814721		470.295725611		474.104868697		
1482168545.0		472.58744453		470.295384152		474.104572478		
1482168546.0		472.58707434		470.295042693		474.104276259		
1482185545.95		466.424410266		464.723987784		468.002333406		
1482240295.5		448.30185169		445.989976412		450.555854607		
1482295045.05		432.162178009		428.290453865		436.628932881		
1482349794.59		417.743335802		412.379017507		423.997401311		
1482359159.0		415.962993822		410.415784677		422.50378444		
1482359160.0		415.9630894		410.415884022		422.503848101		
1482359161.0		415.963184979		410.415983367		422.503911763		
1482404544.14		420.655377599		415.38781564		426.881589843		
1482459293.69		426.261151088		421.375043199		432.064224651		
1482514043.24		431.646462347		427.023063747		437.059124843		
1482568792.79		436.730540546		432.400366054		441.702676995		
1482623542.34		441.601735605		437.527082175		446.125739526		
1482678291.89		446.157424696		442.364282403		450.229984417		
1482733041.44		450.43882267		446.810915414		454.105477064		
1482787790.99		454.438298719		451.10410881		457.775068921		
1482842540.54		458.30527144		455.164522673		461.21547035		
1482897290.09		461.895171484		458.952907957		464.590983283		
1482952039.64		462.845911069		460.073885271		465.315690148		
1483006789.19		466.278967069		463.624924854		468.599068042		
1483061538.74		469.603480561		466.981636413		471.834057412		
1483116288.29		472.770463384		470.294061518		474.912358212		
1483171037.84		475.758909589		473.151813958		477.736847088		
1483225787.39		478.558039547		475.858936061		480.593158822		
1483280536.94		481.219777259		478.659899514		483.251617783		
1483335286.49		483.802201116		481.19047486		485.892778702		
1483390036.04		486.291792749		483.674656789		488.336933823		
1483444785.59		488.624143415		485.980741718		490.594310488		
1483499535.14		490.801934458		488.230910625		492.782210429		
1483554284.68		492.948483051		490.43253963		494.934612521		
1483609034.23		495.010401567		492.469338762		496.969986688		
1483663783.78		496.948958549		494.480991068		498.925349426		
1483718533.33		498.879368052		496.394018722		500.843037645		
1483773282.88		500.748454881		498.266077025		502.722531348		
1483828032.43		502.603484188		500.042873013		504.551981939		
1483882781.98		504.33883103		501.732770373		506.299073497		
1483937531.53		505.997740062		503.31702178		508.013875065		
1483992281.08		507.669976294		504.923820321		509.700816429		
1484047030.63		509.365470804		506.562744629		511.404958889		
1484101780.18		510.89966484		508.072626552		513.01439661		
1484156529.73		512.38034804		509.483392669		514.497665633		
1484211279.28		513.797566685		510.824298157		515.971190378		
1484266028.83		515.167323624		512.158271244		517.410646578		
1484320778.38		516.420701239		513.356538246		518.713877476		
1484375527.93		517.68809651		514.54713702		520.030886343		
1484430277.48		518.981354128		515.811648112		521.380651809		
1484485027.03		520.284769878		517.08909554		522.732519872		
1484539776.58		521.504307446		518.280902527		524.008527138		
1484594526.13		522.665457815		519.380201109		525.23052356		
1484649275.68		523.819956874		520.463192985		526.400848812		
1484704025.23		525.035068021		521.629117414		527.666098392		
1484758774.77		526.170910797		522.723875777		528.845120144		
1484813524.32		417.564999571		414.797260707		419.713651821		
1484868273.87		418.460057432		415.655259093		420.647581385		
1484923023.42		419.385800864		416.544751049		421.609373626		
1484977772.97		502.125117714		498.682935068		504.83561248		
1485032522.52		503.297984239		499.803242543		506.051664629		
1485087272.07		504.376498063		500.815558966		507.187638827		
1485142021.62		505.466446053		501.815698929		508.347317942		
1485196771.17		506.517102551		502.779842044		509.418039195		
1485251520.72		492.435290537		488.832346022		495.275828128		
1485306270.27		475.178876463		471.660805353		477.92796171		
1485361019.82		476.798214355		473.224283813		479.603735626		
1485415769.37		479.53651597		475.873032825		482.390245062		
1485470518.92		403.645948094		400.516786193		406.084495597		
1485525268.47		405.920867392		402.724743566		408.402465405		
1485580018.02		408.081220239		404.839352132		410.616951668		
1485634767.57		410.13411184		406.842169596		412.718909666		
1485689517.12		412.157104096		408.799444786		414.778989533		
1485744266.67		414.086588084		410.670698554		416.753039868		
1485799016.22		415.954032831		412.491772363		418.660341555		
1485853765.77		479.855491887		475.829691471		483.001043412		
1485908515.32		481.804560655		477.699163155		484.983643769		
1485951099.0		483.291443121		479.126489926		486.504240176		
1485951100.0		483.291478081		479.12652322		486.504276009		
1485951101.0		483.291513042		479.126556513		486.504311842		
1485963264.86		459.78781111		455.002669054		464.04047228		
1486018014.41		449.124838862		442.507177318		458.313202867		
1486072763.96		462.754587232		456.450933679		470.957420024		
1486127513.51		466.541727065		460.636156857		473.624183009		
1486182263.06		470.011327349		464.603659089		475.93811908		
1486237012.61		473.314269727		468.369599067		477.932615142		
1486291762.16		476.389378942		472.016230759		480.66195824		
1486346511.71		478.995661111		475.396861123		483.537432314		
1486401261.26		481.648282966		478.268629663		486.186097091		
1486456010.81		484.682438202		480.526855555		488.924371972		
1486510760.36		487.602530298		482.483026768		491.535878056		
1486565509.91		490.291858209		485.02207338		494.04322076		
1486620259.46		492.853472484		487.812580508		496.440620749		
1486675009.01		495.253741438		490.547098359		498.783022745		
1486729758.56		497.583574228		493.142443585		500.941699969		
1486784508.11		499.798151621		495.486298028		502.963212584		
1486839257.66		501.984305606		497.90589207		505.029313563		
1486894007.21		504.110918555		500.237929328		507.227774091		
1486948756.76		506.256708581		502.391571478		509.313463526		
1487003506.31		508.302509723		504.316236191		511.311719148		
1487058255.86		510.25355508		506.238007956		513.279795179		
1487113005.41		512.111447521		508.002192132		515.101243057		
1487167754.95		513.967393646		509.768416023		516.892486335		
1487222504.5		515.865354763		511.601638866		518.754181853		
1487277254.05		518.517412162		514.293012853		521.404589135		
1487332003.6		520.091087095		515.778693881		523.036961443		
1487386753.15		521.670197854		517.353354389		524.542620702		
1487441502.7		523.093566188		518.698922085		525.86845185		
1487496252.25		524.61643982		520.063244825		527.263834532		
1487551001.8		525.992045166		521.476665498		528.715014083		
1487605751.35		527.355910318		522.871733856		530.056801776		
1487660500.9		528.681223186		524.285691436		531.329771478		
1487715250.45		529.965354149		525.564235899		532.64441169		
1487770000.0		531.136346248		526.784786964		533.849094009		
1487824749.55		532.34828489		528.015082187		535.024690919		
1487879499.1		533.497341373		529.251312819		536.027060658		
1487934248.65		534.514628742		530.278757518		537.079347498		
1487988998.2		535.47701134		531.355123455		537.98098526		
1488043747.75		536.373993683		532.111697774		538.805529386		
1488098497.3		537.247564601		532.881723553		539.663888768		
1488153246.85		538.0250585		533.678902155		540.475353415		
1488207996.4		538.749490519		534.343248122		541.257053808		
1488262745.95		539.53825123		535.086521177		542.086228716		
1488317495.5		540.247775912		535.649537615		542.864242098		
1488372245.05		540.83629943		536.197792658		543.547560718		
1488426994.59		541.534019108		536.832800394		544.314973619		
1488481744.14		542.200745357		537.387139669		545.059687797		
1488536493.69		542.773335296		537.864136941		545.711951781		
1488591243.24		543.367772529		538.379482106		546.340354547		
1488645992.79		543.926921967		538.901913004		546.940890493		
1488700742.34		544.361401306		539.295475138		547.384353211		
1488755491.89		544.424141706		539.3212046		547.463833321		
1488810241.44		543.755289569		538.609891297		546.764162677		
1488864990.99		544.516961037		539.326486927		547.495403463		
1488919740.54		545.215114849		539.987059877		548.211266153		
1488974490.09		545.869902901		540.614380476		548.862633398		
1489029239.64		546.585894989		541.316657181		549.564021414		
1489083989.19		547.962865246		542.714749711		550.955960774		
1489138738.74		548.798611879		543.627750611		551.812176132		
1489193488.29		549.29755179		544.158220721		552.304724478		
1489248237.84		549.871556959		544.758706067		552.852108324		
1489302987.39		550.423738946		545.341399497		553.400877338		
1489357736.94		550.922036984		545.870791007		553.861212611		
1489412486.49		551.293954835		546.299803778		554.1984307		
1489467236.04		551.670855603		546.719253482		554.557940723		
1489521985.59		551.999809619		547.114546118		554.86498735		
1489576735.14		552.364752533		547.484106151		555.193557713		
1489631484.68		552.754173243		547.964528324		555.558754337		
1489686234.23		553.078192739		548.353274642		555.841013966		
1489740983.78		553.330904019		548.677090722		556.034647809		
1489795733.33		553.657262323		549.079254528		556.326068541		
1489850482.88		553.916144891		549.376610207		556.529094033		
1489905232.43		554.094183662		549.590426259		556.686137361		
1489959981.98		554.31238847		549.847999145		556.835792113		
1490014731.53		554.580026151		550.159910889		557.07707845		
1490069481.08		554.773614095		550.406320553		557.266711284		
1490124230.63		555.031443147		550.708396028		557.468998806		
1490178980.18		555.199028696		551.003437267		557.633785039		
1490233729.73		555.378033345		551.18708166		557.816276911		
1490288479.28		555.692243242		551.554025241		558.066620563		
1490343228.83		555.885268645		551.828565261		558.249158593		
1490397978.38		556.120710013		552.135369929		558.467735898		
1490452727.93		556.348202083		552.451451174		558.658408778		
1490507477.48		556.527653482		552.742006089		558.818170504		
1490562227.03		556.752467317		552.976308459		558.979789135		
1490616976.58		556.977169638		553.258361416		559.139016828		
1490671726.13		557.287034677		553.928529945		559.478646877		
1490726475.68		557.566862387		554.552016725		559.775815667		
1490781225.23		557.792235417		555.212674205		559.99109562		
1490835974.77		558.254614379		555.878584135		560.413688685		
1490890724.32		558.619884105		556.401791062		560.63121936		
1490945473.87		559.019447125		556.897670001		560.873616714		
1491000223.42		559.508027096		557.412796852		561.360838735		
1491054972.97		560.111630589		557.981495272		561.972094434		
1491109722.52		560.670573212		558.41891407		562.648741517		
1491164472.07		560.957644174		558.687937749		563.129415187		
1491219221.62		561.145294532		558.874838324		563.535558191		
1491273971.17		561.404823376		559.133855106		564.02543566		
1491328720.72		561.683628659		559.478518754		564.531600065		
1491383470.27		562.002931014		559.737935322		565.008631192		
1491438219.82		562.256607361		559.943257435		565.286311557		
1491492969.37		560.774851092		558.446919125		563.753226909		
1491547718.92		560.993319165		558.638018679		563.926824365		
1491602468.47		561.375082059		559.019201987		564.355431561		
1491657218.02		561.70750625		559.398253621		564.750984325		
1491711967.57		562.023143091		559.705784159		565.168651868		
1491766717.12		562.319960045		559.992000082		565.54850802		
1491821466.67		562.724197598		560.366315562		566.042107478		
1491876216.22		563.025542981		560.662316515		566.407386461		
1491930965.77		563.272120416		560.892588675		566.6708139		
1491985715.32		563.498785463		561.088554451		566.927491755		
1492040464.86		563.782471327		561.356485303		567.250287485		
1492095214.41		564.393975811		561.952675884		567.853928805		
1492149963.96		565.559080403		563.07407739		569.145266115		
1492204713.51		565.730860055		563.250984819		569.31974324		
1492259463.06		565.848654246		563.276477593		569.451267302		
1492314212.61		566.139566123		563.474971059		569.834851898		
1492368962.16		566.315757114		563.573951986		570.173953135		
1492423711.71		566.43590716		563.640663574		570.302524663		
1492478461.26		566.655988718		563.848264827		570.672614442		
1492533210.81		566.746061504		563.934476304		570.843394923		
1492587960.36		567.003959648		564.170184118		571.169198934		
1492642709.91		567.311644519		564.397384129		571.519522566		
1492697459.46		567.628741733		564.66961258		571.90166626		
1492752209.01		568.022544659		564.996538213		572.382901008		
1492806958.56		568.321771305		565.195551447		572.783772366		
1492861708.11		568.545415992		565.350824041		573.08873167		
1492916457.66		568.788658034		565.479023615		573.397439315		
1492971207.21		569.038555043		565.663239751		573.767435923		
1493025956.76		569.068057484		565.661539878		573.928596943		
1493080706.31		569.231585016		565.751590833		574.221112276		
1493135455.86		569.446415812		565.884383201		574.565234853		
1493190205.41		569.680086645		565.994471829		574.876695929		
1493244954.95		569.911587861		566.129772658		575.208770796		
1493299704.5		569.989786538		566.115599552		575.368142054		
1493354454.05		570.047890486		566.099398746		575.520475484		
1493409203.6		570.112947609		566.073513691		575.691000658		
1493463953.15		570.309662137		566.184636296		575.950215359		
1493518702.7		570.491011694		566.243005084		576.18331745		
1493573452.25		570.689632641		566.347261508		576.455513809		
1493628201.8		570.910619762		566.465461466		576.722612058		
1493682951.35		571.274943767		566.756978489		577.17398153		
1493737700.9		571.618254607		567.050314345		577.642933913		
1493792450.45		571.98879798		567.329960465		578.089655403		
1493847200.0		572.364756696		567.573115068		578.499731956		
1493901949.55		572.68842337		567.804969423		578.894469248		
1493956699.1		572.977832562		568.022342122		579.307030346		
1494011448.65		573.216646963		568.177902495		579.678984163		
1494066198.2		573.538134168		568.417707855		580.123613244		
1494120947.75		573.834463579		568.647265487		580.546508617		
1494175697.3		574.181167086		568.91569625		581.031215361		
1494230446.85		574.512662952		569.165711906		581.465293253		
1494285196.4		574.800133706		569.351457084		581.836001362		
1494339945.95		575.021846342		569.454294047		582.131165078		
1494394695.5		575.240567041		569.565151976		582.435758201		
1494449445.05		575.446379973		569.675862481		582.7491398		
1494504194.59		575.652516503		569.795970246		583.070719837		
1494558944.14		575.886344446		569.929930932		583.441644924		
1494613693.69		576.131478894		570.074424029		583.839824058		
1494668443.24		576.367537121		570.22680857		584.175358761		
1494723192.79		576.620540904		570.385147009		584.545729873		
1494777942.34		576.871546656		570.548341484		584.898228363		
1494832691.89		570.598265988		564.22870051		578.622013138		
1494887441.44		530.922489756		524.898463751		538.474222143		
1494942190.99		496.401693498		490.603417607		503.624063431		
1494996940.54		466.118567368		460.559603758		473.09234896		
1495051690.09		439.356291571		433.983964753		446.066788548		
1495106439.64		415.473697348		410.292007533		421.973297235		
1495161189.19		394.050119539		389.099511532		400.359923521		
1495215938.74		374.715859252		369.986880415		380.788598948		
1495270688.29		357.245598241		352.675992185		362.998233226		
1495325437.84		341.345747271		336.923595911		346.936764121		
1495380187.39		326.781514613		322.518223618		332.23960052		
1495434936.94		318.362373956		314.181261891		323.748603151		
1495489686.49		354.324768504		349.629452223		360.300064283		
1495544436.04		392.493713955		387.24567185		399.022883161		
1495599185.59		432.470841466		426.641413531		439.522864712		
1495653935.14		473.98143444		467.681866104		481.733368049		
1495708684.68		516.75200763		509.685925469		525.100566419		
1495763434.23		560.211047753		552.539638179		569.461455231		
1495818183.78		603.921266716		595.436885289		613.961364375		
1495872933.33		647.270051953		638.096660152		658.252103654		
1495927682.88		689.94839354		680.012621806		701.768520848		
1495982432.43		731.44083416		720.716961015		744.130260208		
1496037181.98		771.375604676		759.93714081		784.947573894		
1496091931.53		809.426185921		797.205529245		823.883693211		
1496146681.08		845.311147361		832.349326777		860.674459868		
1496201430.63		878.907024645		865.142583336		895.131046479		
1496256180.18		909.977578533		895.546322909		927.139497237		
1496310929.73		938.643439079		923.477419032		956.650428165		
1496365679.28		964.850240528		948.982562266		983.671134013		
1496420428.83		988.83492161		972.467558132		1008.24054537		
1496475178.38		1010.34195059		993.220276951		1031.83823514		
1496529927.93		1029.71982901		1011.97453815		1051.91941486		
1496584677.48		1046.95653773		1028.60584551		1069.76401343		
1496639427.03		1062.25248339		1043.38811376		1085.62029597		
1496694176.58		1075.81070192		1056.48844558		1099.67939126		
1496748926.13		1087.94551975		1068.10245768		1112.26966314		
1496803675.68		1098.71193991		1078.35206794		1123.49804867		
1496858425.23		1108.08736005		1087.40523745		1133.53036718		
1496913174.77		1116.50276312		1095.45361169		1142.4049602		
1496967924.32		1123.83001416		1102.43665567		1150.30878175		
1497022673.87		1130.25342437		1108.57557086		1157.34822395		
1497077423.42		1136.00805947		1114.020447		1163.60138246		
1497132172.97		1141.14560406		1118.803294		1169.18327676		
1497186922.52		1145.67072637		1123.01358867		1174.16108965		
1497241672.07		1149.67804532		1126.7310229		1178.60892634		
1497296421.62		1153.23400242		1130.01100272		1182.59454915		
1497351171.17		1156.36550671		1132.85470744		1186.16799504		
1497405920.72		1159.21883404		1135.38766271		1189.38321369		
1497460670.27		1161.79420284		1137.73449941		1192.29488835		
1497515419.82		1164.08763981		1139.77057935		1194.94353754		
1497570169.37		1166.12261532		1141.59371053		1197.36436978		
1497624918.92		1167.96995963		1143.24491069		1199.58806809		
1497679668.47		1169.67380974		1144.76659689		1201.6412441		
1497734418.02		1171.27201742		1146.15802404		1203.54716281		
1497789167.57		1172.75006942		1147.41605032		1205.32601407		
1497843917.12		1174.12208271		1148.54668371		1206.99525379		
1497898666.67		1175.40266135		1149.58804975		1208.57000653		
1497953416.22		1176.60438825		1150.57008854		1210.06331295		
1498008165.77		1177.73824426		1151.50590409		1211.48656313		
1498062915.32		1178.81367954		1152.38131278		1212.84956647		
1498117664.86		1179.83884595		1153.1583255		1214.16079094		
1498172414.41		1180.82078175		1153.85005193		1215.42755323		
1498227163.96		1181.76553421		1154.54955442		1216.65614424		
1498281913.51		1182.6435439		1155.22508377		1217.85206214		
1498336663.06		1183.49115452		1155.85676211		1219.02001824		
1498391412.61		1184.31551231		1156.4871519		1220.16407946		
1498446162.16		1185.11994262		1157.0973367		1221.28775215		
1498500911.71		1185.90842685		1157.69305367		1222.39405843		
1498555661.26		1186.71894006		1158.27002495		1223.48562685		
1498610410.81		1187.5169024		1158.83323415		1224.56471169		
1498665160.36		1188.30417107		1159.3859216		1225.63325787		
1498719909.91		1189.08234368		1159.9296062		1226.69293985		
1498774659.46		1189.85280019		1160.46559851		1227.74520532		
1498829409.01		1190.61673473		1160.99503131		1228.78561105		
1498884158.56		1191.37517188		1161.51887557		1229.84829763		
1498938908.11		1192.12899468		1162.03796719		1230.90538244		
1498993657.66		1192.87896195		1162.55302365		1231.95919342		
1499048407.21		1193.62573127		1163.06466601		1233.01042245		
1499103156.76		1194.36986946		1163.57342892		1234.05966665		
1499157906.31		1195.11186364		1164.07977131		1235.10743986		
1499212655.86		1195.85213368		1164.58408826		1236.15418564		
1499267405.41		1196.59104011		1165.08671855		1237.20028546		
1499322154.95		1197.32889649		1165.5879564		1238.24607168		
1499376904.5		1198.06597217		1166.08805414		1239.29183032		
1499431654.05		1198.79899734		1166.58722873		1240.33780819		
1499486403.6		1199.52690302		1167.08566695		1241.38421867		
1499541153.15		1200.24977776		1167.58352885		1242.4312454		
1499595902.7		1200.97261976		1168.0809539		1243.50310376		
1499650652.25		1201.69288664		1168.57806133		1244.60090586		
1499705401.8		1202.40299443		1169.0749707		1245.69992214		
1499760151.35		1203.11335329		1169.57578087		1246.80025549		
1499814900.9		1203.82404498		1170.07654905		1247.90199519		
1499869650.45		1204.53514066		1170.57734106		1248.98370508		
1499924400.0		1205.28916852		1171.07821327		1250.06663036		
1499979149.55		1206.04022092		1171.57921425		1251.15109018		
1500033899.1		1206.76612686		1172.08038583		1252.23713605		
1500088648.65		1207.49267222		1172.58176411		1253.32481316		
1500143398.2		1208.22816457		1173.0833804		1254.41416129		
1500198147.75		1208.95306904		1173.58526157		1255.50521528		
1500252897.3		1209.67848096		1174.08743085		1256.59800586		
1500307646.85		1210.40464107		1174.58990822		1257.69256013		
1500362396.4		1211.13156788		1175.09271106		1258.78890226		
1500417145.95		1211.85927757		1175.59585442		1259.88705381		
1500471895.5		1212.58778424		1176.09935126		1260.987034		
1500526645.05		1213.33828749		1176.60321282		1262.08886012		
1500581394.59		1214.11187757		1177.10744884		1263.19254773		
1500636144.14		1214.88640486		1177.61206782		1264.29811104		
1500690893.69		1215.63469432		1178.11707714		1265.40556299		
1500745643.24		1216.37075529		1178.62248322		1266.51491544		
1500800392.79		1217.10767522		1179.13262761		1267.63592273		
1500855142.34		1217.85066015		1179.64948996		1268.76389026		
1500909891.89		1218.61949116		1180.16678159		1269.89383931		
1500964641.44		1219.38927499		1180.68450638		1271.02577896		
1501019390.99		1220.16122135		1181.17698619		1272.15971782		
1501074140.54		1220.95982264		1181.65065747		1273.29566405		
1501128890.09		1221.75387989		1182.15076211		1274.43362546		
1501183639.64		1222.53983714		1182.65127966		1275.57360957		
1501238389.19		1223.29419767		1183.15221218		1276.71562361		
1501293138.74		1224.02697023		1183.65356148		1277.85967459		
1501347888.29		1224.7606147		1184.15532923		1279.00576935		
1501402637.84		1225.52381082		1184.65751691		1280.15391452		
1501457387.39		1226.29636923		1185.16012591		1281.30411664		
1501512136.94		1227.06989762		1185.66315747		1282.45638212		
1501566886.49		1227.8510741		1186.16661274		1283.61071727		
1501621636.04		1228.6338608		1186.67049279		1284.76712832		
1501676385.59		1229.41764374		1187.18043087		1285.92562143		
1501731135.14		1230.20464505		1187.69657653		1287.08620271		
1501785884.68		1231.00004068		1188.21316936		1288.24887823		
1501840634.23		1231.79391744		1188.73021022		1289.41365403		
1501895383.78		1232.57267148		1189.24769997		1290.5805361		
1501950133.33		1233.35197771		1189.7656394		1291.74953044		
1502004882.88		1234.10792491		1190.28089016		1292.92064301		
1502059632.43		1234.84779081		1190.7847229		1294.09387977		
1502114381.98		1235.6109894		1191.28898213		1295.26924669		
1502169131.53		1236.38751039		1191.79366852		1296.4467497		
1502223881.08		1237.16500812		1192.33497572		1297.62639477		
1502278630.63		1237.94348454		1192.86636361		1298.76750636		
1502333380.18		1238.72897992		1193.37911355		1299.88281086		
1502388129.73		1239.5067778		1193.89230416		1301.00003335		
1502442879.28		1240.28555267		1194.40593607		1302.11917885		
1502497628.83		1241.06530642		1194.92000988		1303.24025238		
1502552378.38		1241.84604093		1195.43452622		1304.36325901		
1502607127.93		1242.61072481		1195.94948569		1305.48820377		
1502661877.48		1243.38072865		1196.46488889		1306.61509173		
1502716627.03		1244.18255217		1196.98073642		1307.74392796		
1502771376.58		1244.97882457		1197.49702889		1308.87471757		
1502826126.13		1245.76136846		1198.01802995		1310.00746564		
1502880875.68		1246.54319963		1198.5419296		1311.1598094		
1502935625.23		1247.32601272		1199.06628771		1312.36137232		
1502990374.77		1248.10980961		1199.5911049		1313.56513945		
1503045124.32		1248.89459215		1200.11638178		1314.77111686		
1503099873.87		1249.68036223		1200.64211896		1315.97931065		
1503154623.42		1250.46712171		1201.16831706		1317.18972696		
1503209372.97		1251.25487247		1201.69497669		1318.40237193		
1503264122.52		1252.0436164		1202.22209847		1319.61725172		
1503318872.07		1252.83335538		1202.749683		1320.83437252		
1503373621.62		1253.63916504		1203.28522369		1322.05374055		
1503428371.17		1254.45245591		1203.83163554		1323.27536204		
1503483120.72		1255.26680304		1204.37854398		1324.49924324		
1503537870.27		1256.06913667		1204.9259497		1325.72539044		
1503592619.82		1256.86886707		1205.47385339		1326.95380992		
1503647369.37		1257.66961646		1206.02225572		1328.18450803		
1503702118.92		1258.47138681		1206.57115738		1329.41749111		
1503756868.47		1259.27418008		1207.12055905		1330.65276552		
1503811618.02		1260.07799821		1207.65507121		1331.89033766		
1503866367.57		1260.88284318		1208.18482842		1333.13021396		
1503921117.12		1261.68871696		1208.7150506		1334.37240085		
1503975866.67		1262.49562152		1209.24573836		1335.6169048		
1504030616.22		1263.30355884		1209.77689232		1336.86373229		
1504085365.77		1264.1125309		1210.3085131		1338.11288985		
1504140115.32		1264.92253971		1210.8406013		1339.36438401		
1504194864.86		1265.73358724		1211.37315755		1340.61822133		
1504249614.41		1266.5456755		1211.90618247		1341.87440841		
1504304363.96		1267.35976451		1212.43967668		1343.13295184		
1504359113.51		1268.17972496		1212.97364079		1344.39385828		
1504413863.06		1269.00074712		1213.50302577		1345.65713437		
1504468612.61		1269.82283306		1214.00863759		1346.92278682		
1504523362.16		1270.64598485		1214.51467114		1348.19082232		
1504578111.71		1271.47020455		1215.02112697		1349.46124762		
1504632861.26		1272.29021026		1215.52800559		1350.73406948		
1504687610.81		1273.11006854		1216.03530753		1352.00929469		
1504742360.36		1273.93098415		1216.54303333		1353.28693005		
1504797109.91		1274.75295911		1217.06171529		1354.56698242		
1504851859.46		1275.57599549		1217.5932307		1355.84945865		
1504906609.01		1276.40009534		1218.12521081		1357.13436563		
1504961358.56		1277.22771107		1218.6576562		1358.42171029		
1505016108.11		1278.07176171		1219.1905675		1359.71149957		
1505070857.66		1278.91692902		1219.72394532		1361.00374044		
1505125607.21		1279.76321524		1220.25779028		1362.29843988		
1505180356.76		1280.60770258		1220.79210297		1363.59560494		
1505235106.31		1281.44490107		1221.32688403		1364.89524265		
1505289855.86		1282.28319495		1221.86213407		1366.1973601		
1505344605.41		1283.12362636		1222.3978537		1367.50196438		
1505399354.95		1283.96930533		1222.93404354		1368.80906263		
1505454104.5		1284.81609978		1223.47070422		1370.11866201		
1505508854.05		1285.66401191		1224.00783635		1371.43076971		
1505563603.6		1286.51304393		1224.54544056		1372.74539293		
1505618353.15		1287.36319807		1225.08351746		1374.06253891		
1505673102.7		1288.21447656		1225.61852531		1375.38221494		
1505727852.25		1289.061953		1226.12572328		1376.70442829		
1505782601.8		1289.91037893		1226.63334123		1378.0291863		
1505837351.35		1290.75992247		1227.14137965		1379.37043783		
1505892100.9		1291.61058584		1227.64983909		1380.72247109		
1505946850.45		1292.46237125		1228.15872006		1382.07715749		
1506001600.0		1293.31528093		1228.66947189		1383.43450485		
1506056349.55		1294.1693171		1229.18618966		1384.79452102		
1506111099.1		1295.024482		1229.70334274		1386.15721386		
1506165848.65		1295.88077785		1230.22093169		1387.52259131		
1506220598.2		1296.73820692		1230.73895704		1388.89066128		
1506275347.75		1297.59677145		1231.25741936		1390.26143177		
1506330097.3		1298.4564737		1231.77631919		1391.63491077		
1506384846.85		1299.31731593		1232.2956571		1393.01110631		
1506439596.4		1300.17930041		1232.81543364		1394.39002647		
1506494345.95		1301.04242942		1233.33564937		1395.77167935		
1506549095.5		1301.90670523		1233.85630484		1397.15607307		
1506603845.05		1302.77213013		1234.39545052		1398.5432158		
1506658594.59		1303.63870643		1234.95154377		1399.93311574		
1506713344.14		1304.5064364		1235.50813881		1401.32497435		
1506768093.69		1305.37383873		1236.06523632		1402.71576709		
1506822843.24		1306.22282198		1236.62283699		1404.1093237		
1506877592.79		1307.0729106		1237.18094149		1405.50565243		
1506932342.34		1307.92410675		1237.73955051		1406.90476157		
1506987091.89		1308.77641258		1238.29866473		1408.30665943		
1507041841.44		1309.62983028		1238.85828484		1409.71135435		
1507096590.99		1310.48436201		1239.41841153		1411.11885473		
1507151340.54		1311.34000997		1239.97904549		1412.52916896		
1507206090.09		1312.19677634		1240.54018741		1413.9423055		
1507260839.64		1313.05670701		1241.10183797		1415.35827284		
1507315589.19		1313.93159149		1241.66399788		1416.77707948		
1507370338.74		1314.8076426		1242.22910179		1418.19873399		
1507425088.29		1315.68486269		1242.79952841		1419.62324493		
1507479837.84		1316.5632541		1243.37047916		1421.05062093		
1507534587.39		1317.44281918		1243.94195475		1422.48087065		
1507589336.94		1318.32356028		1244.5139559		1423.91400277		
1507644086.49		1319.20547976		1245.08648334		1425.35002602		
1507698836.04		1320.08857999		1245.6595378		1426.78894916		
1507753585.59		1320.97286334		1246.23312001		1428.23078097		
1507808335.14		1321.85833219		1246.80723069		1429.6755303		
1507863084.68		1322.74498892		1247.38187058		1431.123206		
1507917834.23		1323.63283593		1247.9570404		1432.56103212		
1507972583.78		1324.52187561		1248.5327409		1433.9781399		
1508027333.33		1325.41211038		1249.1089728		1435.39805461		
1508082082.88		1326.30354264		1249.68573685		1436.82078459		
1508136832.43		1327.20547379		1250.26303377		1438.24633823		
1508191581.98		1328.11130831		1250.84086432		1439.67472394		
1508246331.53		1329.01838042		1251.41922922		1441.10595017		
1508301081.08		1329.92669266		1251.99812922		1442.54002541		
1508355830.63		1330.8448786		1252.57756507		1443.97695817		
1508410580.18		1331.76419188		1253.1575375		1445.41675701		
1508465329.73		1332.67730485		1253.73804727		1446.8594305		
1508520079.28		1333.60558011		1254.31909511		1448.30498727		
1508574828.83		1334.53514945		1254.90068179		1449.75343597		
1508629578.38		1335.46601558		1255.48280804		1451.20478528		
1508684327.93		1336.39818122		1256.06547463		1452.65904395		
1508739077.48		1337.33164909		1256.64868229		1454.11622071		
1508793827.03		1338.26296631		1257.2324318		1455.57632437		
1508848576.58		1339.17376209		1257.81672389		1457.03936376		
1508903326.13		1340.07629685		1258.40155934		1458.50534773		
1508958075.68		1340.98004895		1258.98693889		1459.97428519		
1509012825.23		1341.88502087		1259.57286331		1461.44618508		
1509067574.77		1342.79121507		1260.15487092		1462.92105637		
1509122324.32		1343.69863403		1260.72796077		1464.39890806		
1509177073.87		1344.60728024		1261.30157214		1465.8797492		
1509231823.42		1345.51715618		1261.87570575		1467.36358888		
1509286572.97		1346.42826435		1262.45036231		1468.85043621		
1509341322.52		1347.34060727		1263.01568214		1470.34030035		
1509396072.07		1348.25418743		1263.58093371		1471.83319048		
1509450821.62		1349.16900737		1264.14669158		1473.32911585		
1509505571.17		1350.0850696		1264.71295643		1474.82808571		
1509560320.72		1351.00237665		1265.27972895		1476.33010938		
1509615070.27		1351.92093107		1265.84700982		1477.83519619		
1509669819.82		1352.84073541		1266.41479972		1479.34335554		
1509724569.37		1353.76179221		1266.98309933		1480.85155929		
1509779318.92		1354.68410403		1267.55190935		1482.36239724		
1509834068.47		1355.60767345		1268.12123047		1483.87632142		
1509888818.02		1356.53250303		1268.69106336		1485.39334131		
1509943567.57		1357.45859536		1269.26140873		1486.91346641		
1509998317.12		1358.38595302		1269.83226726		1488.43670626		
1510053066.67		1359.31457861		1270.40363965		1489.96307044		
1510107816.22		1360.26063206		1270.97552659		1491.49256858		
1510162565.77		1361.21436099		1271.54792878		1493.02521034		
1510217315.32		1362.16942894		1272.12084691		1494.56100543		
1510272064.86		1363.12583874		1272.69428168		1496.09996359		
1510326814.41		1364.08359321		1273.2682338		1497.64332231		
1510381563.96		1365.04269519		1273.84270395		1499.21118854		
1510436313.51		1366.00314753		1274.41769286		1500.78234098		
1510491063.06		1366.96495308		1274.9932012		1502.35679		
1510545812.61		1367.92811471		1275.5692297		1503.93454596		
1510600562.16		1368.8926353		1276.14577906		1505.5156193		
1510655311.71		1369.85851771		1276.72284998		1507.1000205		
1510710061.26		1370.82963647		1277.30044317		1508.68776007		
1510764810.81		1371.80684864		1277.87855935		1510.27884858		
1510819560.36		1372.78545532		1278.45719922		1511.87329662		
1510874309.91		1373.76545948		1279.03636349		1513.47111486		
1510929059.46		1374.73211635		1279.61605288		1515.07231399		
1510983809.01		1375.71727339		1280.1962681		1516.67690475		
1511038558.56		1376.6956464		1280.78548693		1518.28446254		
1511093308.11		1377.67541378		1281.38475867		1519.88957917		
1511148057.66		1378.6565785		1281.98459159		1521.49809337		
1511202807.21		1379.63914356		1282.5849865		1523.11001595		
1511257556.76		1380.62311197		1283.18594418		1524.72535776		
1511312306.31		1381.60848674		1283.78746542		1526.34412968		
1511367055.86		1382.59527089		1284.38955102		1527.96634265		
1511421805.41		1383.58346745		1284.99220176		1529.59200766		
1511476554.95		1384.57307946		1285.59541846		1531.22113574		
1511531304.5		1385.54594743		1286.1992019		1532.85373796		
1511586054.05		1386.51159484		1286.80355288		1534.48982546		
1511640803.6		1387.47858932		1287.40847221		1536.1294094		
1511695553.15		1388.44693367		1288.01396068		1537.772501		
1511750302.7		1389.41663073		1288.62001911		1539.41911154		
1511805052.25		1390.38768334		1289.22664829		1541.06925233		
1511859801.8		1391.36009434		1289.83384904		1542.72293474		
1511914551.35		1392.33386657		1290.44162215		1544.38017018		
1511969300.9		1393.30900292		1291.04996845		1546.04097011		
1512024050.45		1394.28550623		1291.65888874		1547.70534605		
1512078800.0		1395.27101381		1292.26838384		1549.37330956		
1512133549.55		1396.26440352		1292.87845455		1551.04487226		
1512188299.1		1397.25920881		1293.4891017		1552.7200458		
1512243048.65		1398.25543269		1294.10032611		1554.39884191		
1512297798.2		1399.25307821		1294.71212859		1556.08127233		
1512352547.75		1400.2521484		1295.32450996		1557.7673489		
1512407297.3		1401.25264633		1295.93747105		1559.45708347		
1512462046.85		1402.25457505		1296.55101268		1561.15048796		
1512516796.4		1403.25793764		1297.16513567		1562.84757434		
1512571545.95		1404.26273718		1297.77984085		1564.54835464		
1512626295.5		1405.26897675		1298.39512906		1566.25284093		
1512681045.05		1406.27665946		1299.00567409		1567.96104533		
1512735794.59		1407.28578841		1299.61053915		1569.67298002		
1512790544.14		1408.29636671		1300.21596781		1571.38865724		
1512845293.69		1409.3083975		1300.82196084		1573.10808928		
1512900043.24		1410.3218839		1301.42851905		1574.83128847		
1512954792.79		1411.33682907		1302.03564322		1576.55826721		
1513009542.34		1412.35323614		1302.64333415		1578.28903795		
1513064291.89		1413.37110828		1303.25159263		1580.02361318		
1513119041.44		1414.39044867		1303.86143536		1581.76200548		
1513173790.99		1415.41126047		1304.47415075		1583.50422746		
1513228540.54		1416.43354689		1305.08744229		1585.25029177		
1513283290.09		1417.45731111		1305.70131078		1587.00021116		
1513338039.64		1418.48255634		1306.31575705		1588.7539984		
1513392789.19		1419.5092858		1306.93078189		1590.51166633		
1513447538.74		1420.53750272		1307.54638615		1592.27322785		
1513502288.29		1421.56721033		1308.16257062		1594.0386959		
1513557037.84		1422.59841187		1308.77933614		1595.8080835		
1513611787.39		1423.6311106		1309.39668353		1597.58140372		
1513666536.94		1424.66530978		1310.01461361		1599.35866968		
1513721286.49		1425.70101268		1310.6331272		1601.13989457		
1513776036.04		1426.73822259		1311.25222513		1602.92509163		
1513830785.59		1427.7769428		1311.87190823		1604.71427416		
1513885535.14		1428.8171766		1312.49217734		1606.50683177		
1513940284.68		1429.85892731		1313.11303327		1608.30280819		
1513995034.23		1430.90219826		1313.73447688		1610.102805		
1514049783.78		1431.94699276		1314.35650898		1611.90683571		
1514104533.33		1432.99331416		1314.97913042		1613.7149139		
1514159282.88		1434.04116581		1315.60234203		1615.52705321		
1514214032.43		1435.09055107		1316.22614466		1617.34326734		
1514268781.98		1436.14147331		1316.85053914		1619.16357005		
1514323531.53		1437.1939359		1317.47552632		1620.98797515		
1514378281.08		1438.24794224		1318.10110705		1622.81649655		
1514433030.63		1439.30349573		1318.72728216		1624.64914817		
1514487780.18		1440.36059978		1319.3540525		1626.48594405		
1514542529.73		1441.41925779		1319.98141894		1628.32689824		
1514597279.28		1442.47947321		1320.60938231		1630.17202488		
1514652028.83		1443.5489557		1321.23794346		1632.02133819		
1514706778.38		1444.624577		1321.86710326		1633.87485242		
1514761527.93		1445.7018025		1322.49686256		1635.73258191		
1514816277.48		1446.78063579		1323.12722221		1637.59454105		
1514871027.03		1447.86108047		1323.75818307		1639.46074432		
1514925776.58		1448.94314015		1324.38974601		1641.3067264		
1514980526.13		1450.02356175		1325.02191189		1643.14203603		
1515035275.68		1451.10195985		1325.65468157		1644.98145475		
1515090025.23		1452.18196343		1326.28805591		1646.82499637		
1515144774.77		1453.26357609		1326.92203579		1648.67267476		
1515199524.32		1454.34172306		1327.55662207		1650.52450387		
1515254273.87		1455.41964535		1328.19181562		1652.38049769		
1515309023.42		1456.49916676		1328.82761732		1654.2406703		
1515363772.97		1457.58029084		1329.46402803		1656.10503581		
1515418522.52		1458.66302117		1330.10104864		1657.97360843		
1515473272.07		1459.74736132		1330.73868002		1659.84640241		
1515528021.62		1460.83331489		1331.37692305		1661.72343207		
1515582771.17		1461.92088548		1332.01577861		1663.6047118		
1515637520.72		1463.01007672		1332.65524758		1665.49025604		
1515692270.27		1464.10089221		1333.29533085		1667.38007932		
1515747019.82		1465.19333561		1333.9360293		1669.27419622		
1515801769.37		1466.28741055		1334.57734383		1671.17262138		
1515856518.92		1467.38312069		1335.21927531		1673.07536953		
1515911268.47		1468.48046971		1335.86182464		1674.98245544		
1515966018.02		1469.57946129		1336.50499271		1676.89389396		
1516020767.57		1470.6800991		1337.14878042		1678.80970003		
1516075517.12		1471.78238686		1337.79318866		1680.72988861		
1516130266.67		1472.88632828		1338.43821833		1682.65447476		
1516185016.22		1473.99192709		1339.08387032		1684.58347362		
1516239765.77		1475.09918701		1339.73014555		1686.51690037		
1516294515.32		1476.2081118		1340.37704491		1688.45477028		
1516349264.86		1477.31870521		1341.02456931		1690.39709867		
1516404014.41		1478.43097101		1341.67271965		1692.34390097		
1516458763.96		1479.54491299		1342.32149685		1694.29519263		
1516513513.51		1480.66053493		1342.9709018		1696.25098921		
1516568263.06		1481.77784063		1343.62093543		1698.21130632		
1516623012.61		1482.89683393		1344.27159865		1700.17615966		
1516677762.16		1484.01751863		1344.92289237		1702.145565		
1516732511.71		1485.13989858		1345.5748175		1704.11953815		
1516787261.26		1486.26397762		1346.22737497		1706.09809505		
1516842010.81		1487.38975963		1346.88056571		1708.08125167		
1516896760.36		1488.51724846		1347.53439062		1710.06902407		
1516951509.91		1489.64644801		1348.18885063		1712.06142838		
1517006259.46		1490.77736218		1348.84394668		1714.05848081		
1517061009.01		1491.90999487		1349.49967968		1716.06019766		
1517115758.56		1493.04435		1350.15605057		1718.07295121		
1517170508.11		1494.1804315		1350.81306028		1720.09215799		
1517225257.66		1495.32236478		1351.47070974		1722.11611702		
1517280007.21		1496.471926		1352.12899989		1724.1448451		
1517334756.76		1497.62325609		1352.78793166		1726.17835911		
1517389506.31		1498.77635913		1353.44750599		1728.21667599		
1517444255.86		1499.93123923		1354.10772383		1730.2598128		
1517499005.41		1501.08790049		1354.76858611		1732.30778664		
1517553754.95		1502.24634703		1355.43009377		1734.36061471		
1517608504.5		1503.406583		1356.09395074		1736.41831431		
1517663254.05		1504.56861254		1356.75940521		1738.48090279		
1517718003.6		1505.73243982		1357.42551323		1740.54839759		
1517772753.15		1506.898069		1358.09227576		1742.61654924		
1517827502.7		1508.06550429		1358.75969377		1744.6869941		
1517882252.25		1509.23474987		1359.42776822		1746.76236473		
1517937001.8		1510.40580997		1360.09650008		1748.84267872		
1517991751.35		1511.57868881		1360.76589033		1750.92795374		
1518046500.9		1512.75339062		1361.43593994		1753.01820758		
1518101250.45		1513.92991968		1362.11133768		1755.11345807		
1518156000.0		1515.10828023		1362.8010965		1757.21372317		
