1463457600.0		5.14660419985		3.31816387861		17.9413231447		
1463491243.24		3.29063650405		2.99672801859		3.78535087528		
1463524886.49		3.07995275078		2.99460929306		3.20119536231		
1463558529.73		3.14705140551		3.09618078272		3.20046450688		
1463592172.97		3.24078039362		3.19760046747		3.28762451189		
1463625816.22		3.38913577818		3.34448179995		3.4375820776		
1463659459.46		3.54872973483		3.50232470227		3.59945692834		
1463693102.7		3.6831098509		3.63471858404		3.73565328593		
1463726745.95		3.85982767675		3.80942352281		3.9153330075		
1463760389.19		4.00598306577		3.95376461645		4.06362216422		
1463794032.43		4.1970812769		4.14255409668		4.25748096682		
1463827675.68		4.39671783924		4.3397723323		4.45962438042		
1463861318.92		4.57260254019		4.51299470438		4.63806428284		
1463894962.16		4.78984663432		4.72707679348		4.857997585		
1463928605.41		5.01746488778		4.95207074609		5.08814806861		
1463962248.65		5.21751904525		5.14945380195		5.29040342906		
1463995891.89		5.46525023343		5.39375386177		5.54050692323		
1464029535.14		5.66611394469		5.59324176697		5.74533765338		
1464063178.38		5.84683738785		5.77066359637		5.92824088518		
1464096821.62		6.01404225527		5.93596859939		6.09803678662		
1464130464.86		6.21442295185		6.1346211225		6.30119372318		
1464164108.11		6.5382190507		6.4543936358		6.62944878774		
1464197751.35		6.81639230765		6.72917706987		6.91123886857		
1464231394.59		7.08051920052		6.98962565913		7.17817453481		
1464265037.84		7.35358319237		7.25996357308		7.45535552104		
1464298681.08		7.61062488592		7.51592983564		7.7158483788		
1464332324.32		7.92849117282		7.83011315364		8.03793637062		
1464365967.57		8.21213991616		8.11087602753		8.32545865443		
1464399610.81		8.55331415836		8.44861557376		8.67131116095		
1464433254.05		8.90833576521		8.7991845797		9.03096698248		
1464466897.3		9.2231267855		9.10990684204		9.34987990124		
1464500540.54		9.60430925541		9.48556635382		9.73598731234		
1464534183.78		9.96130407556		9.83791094647		10.0967489764		
1464567827.03		10.3526419545		10.2233689839		10.491409919		
1464601470.27		10.7773331091		10.6425360253		10.9212388831		
1464635113.51		11.1320705373		10.9930579543		11.2808393604		
1464668756.76		11.5881300866		11.4426014656		11.742430542		
1464702400.0		12.0206383382		11.8697544513		12.1833310022		
1464736043.24		12.4796047531		12.3228819372		12.6472602342		
1464769686.49		12.9832973894		12.8211676543		13.1583988354		
1464803329.73		13.4034494808		13.237306483		13.5860481347		
1464836972.97		13.941914984		13.7689269491		14.1307365907		
1464870616.22		14.4998265396		14.3205005791		14.6955263374		
1464904259.46		14.992375324		14.8080976654		15.1951031493		
1464937902.7		15.5885896865		15.3959413643		15.7984630436		
1464971545.95		16.0678129367		15.8683791456		16.2831740976		
1465005189.19		16.6870525573		16.480327563		16.9099628076		
1465038832.43		17.3436511934		17.1265509487		17.5757769429		
1465072475.68		17.9536128353		17.7268654046		18.1941587345		
1465106118.92		18.9736279741		18.7326969593		19.2281998745		
1465139762.16		20.0479909206		19.7946570209		20.3165029346		
1465173405.41		21.1748389657		20.9071209884		21.4564198148		
1465207048.65		22.3534739589		22.0715384081		22.646918597		
1465240691.89		23.5869230002		23.288841723		23.8947297144		
1465274335.14		24.7820109206		24.4717709044		25.1049823418		
1465307978.38		26.1620914512		25.8364517636		26.5021637871		
1465341621.62		27.6103313559		27.27050019		27.969410012		
1465375264.86		29.1246937131		28.7708717577		29.5045841776		
1465408908.11		30.7040689008		30.3362154223		31.1063445125		
1465442551.35		32.3496398684		31.9639329521		32.7736956261		
1465476194.59		34.065028684		33.6623895609		34.5089973642		
1465509837.84		35.8469479432		35.4310239545		36.3097656245		
1465543481.08		37.7051112454		37.269163764		38.1886605757		
1465577124.32		39.6395414224		39.1769100661		40.1425729419		
1465610767.57		41.6424969516		41.1599570051		42.1716112304		
1465644410.81		43.7257629155		43.223405624		44.280658805		
1465678054.05		45.889269825		45.3665000207		46.4686672544		
1465711697.3		48.1327382153		47.594115032		48.7422739588		
1465745340.54		50.4633325401		49.893193878		51.0977509925		
1465778983.78		52.8691625676		52.2717317378		53.5354622542		
1465812627.03		55.3570211041		54.7289825508		56.0529124339		
1465846270.27		57.9482698789		57.2927348065		58.6736100128		
1465879913.51		60.5641051052		59.8830776626		61.3168486482		
1465913556.76		63.2303538098		62.5262294214		64.0018563727		
1465947200.0		52.1375589604		50.8520403058		53.6461017995		
1465980843.24		37.2864790545		36.1614762966		38.8807549296		
1466014486.49		36.1386884265		35.0909129693		37.5199122221		
1466048129.73		36.4028575287		35.405451815		37.6719928393		
1466081772.97		36.9758842262		35.9818531064		38.2273309437		
1466115416.22		37.6337125502		36.6408853816		38.9032051918		
1466149059.46		38.3016467731		37.3182992114		39.588848091		
1466182702.7		38.9978109037		38.0084623398		40.2954102771		
1466216345.95		39.7007453279		38.7035820041		41.0037181968		
1466249989.19		40.4076050599		39.4068134605		41.7185607113		
1466283632.43		41.1202366737		40.1138225273		42.4445354631		
1466317275.68		41.8424740877		40.8253626084		43.1752898689		
1466350918.92		42.5634148305		41.5403573303		43.9077736979		
1466384562.16		43.2873125211		42.2581404745		44.6350642085		
1466418205.41		44.0161692669		42.9839364725		45.3628582392		
1466451848.65		44.7503077557		43.7245908179		46.0988802296		
1466485491.89		45.4885402533		44.4616890978		46.8338984211		
1466519135.14		46.2408202952		45.2052934779		47.5840629372		
1466552778.38		47.7938851963		46.7301201069		49.1775033254		
1466586421.62		50.0067644726		48.9151394729		51.4540393084		
1466620064.86		52.3126380666		51.1874949149		53.8179225526		
1466653708.11		54.700078943		53.5333627856		56.2503705265		
1466687351.35		57.1706918452		55.9646871482		58.7583706514		
1466720994.59		59.7141214335		58.4647779382		61.3408698488		
1466754637.84		62.3341511999		61.0384685359		64.0088287711		
1466788281.08		65.0228210064		63.6949163067		66.7688884595		
1466821924.32		67.7894876526		66.4397968339		69.6067389933		
1466855567.57		70.6377318224		69.2622542022		72.5098296612		
1466889210.81		73.5578452064		72.1246378767		75.4908248286		
1466922854.05		76.5556155249		75.0815828638		78.5336473934		
1466956497.3		79.6347635988		78.120027632		81.6417405965		
1466990140.54		82.7787731373		81.2371087571		84.8278383529		
1467023783.78		85.9859966128		84.4218086266		88.0623929352		
1467057427.03		89.2581247222		87.6706361897		91.3631550577		
1467091070.27		92.5898552403		90.9718631894		94.7091766104		
1467124713.51		95.9797375838		94.3297894556		98.1481153163		
1467158356.76		99.4001589131		97.6993507046		101.598006861		
1467192000.0		102.866489569		101.128146504		105.115016171		
1467225643.24		106.432690149		104.646856266		108.709667346		
1467259286.49		110.048204077		108.208993152		112.362579168		
1467292929.73		106.31201516		104.586660285		108.504419243		
1467326572.97		109.712418638		107.931955081		111.953339743		
1467360216.22		120.871756421		118.932785138		123.28977021		
1467393859.46		124.537344862		122.612451937		126.994588648		
1467427502.7		128.276928819		126.351534358		130.793840454		
1467461145.95		131.954335367		130.021391555		134.507225164		
1467494789.19		135.662864924		133.707438152		138.252212438		
1467528432.43		139.326761754		137.364686468		141.973368662		
1467562075.68		143.020993734		141.0131544		145.673491654		
1467595718.92		146.717707188		144.644959675		149.308622856		
1467629362.16		150.363349275		148.284957105		152.952706577		
1467663005.41		153.989454033		151.905129936		156.601524165		
1467696648.65		157.591146351		155.507543316		160.245281672		
1467730291.89		161.153527838		159.069202512		163.753687024		
1467763935.14		164.651457544		162.58272665		167.334084243		
1467797578.38		168.100839156		166.048413149		170.820484812		
1467831221.62		171.542490589		169.472254814		174.256509607		
1467864864.86		174.923810437		172.808565748		177.636683251		
1467898508.11		178.238557064		176.142809622		180.925686116		
1467932151.35		181.965864705		179.903981542		184.597041721		
1467965794.59		184.795597766		182.692946909		187.467562962		
1467999437.84		187.823686935		185.640264465		190.527609724		
1468033081.08		190.837906795		188.553566711		193.561455905		
1468066724.32		193.798465559		191.558610113		196.57987734		
1468100367.57		196.708461614		194.426122474		199.538885843		
1468134010.81		199.570470724		197.243023688		202.413026899		
1468167654.05		202.389058079		199.923277786		205.25839939		
1468201297.3		205.114180835		202.600726514		208.020426649		
1468234940.54		207.719181439		205.205027057		210.679877409		
1468268583.78		210.282748636		207.666577421		213.272012113		
1468302227.03		212.835496739		210.188303603		215.906805947		
1468335870.27		215.337166668		212.670772629		218.457515899		
1468369513.51		217.751040611		215.017271741		220.902022392		
1468403156.76		220.118299373		217.269077346		223.266669859		
1468436800.0		222.347261649		219.453410804		225.515458499		
1468470443.24		240.340376069		237.172604679		243.773004259		
1468504086.49		242.562582615		239.30249824		246.020476328		
1468537729.73		244.634033852		241.282526233		248.106186205		
1468571372.97		246.716527517		243.303908164		250.149456776		
1468605016.22		204.868484192		200.312862002		210.045650471		
1468638659.46		157.15820651		151.35562496		164.826267299		
1468672302.7		151.129030149		146.009056642		157.863041736		
1468705945.95		152.36159111		147.534709013		158.702236904		
1468739589.19		155.645103155		150.976482673		161.708991421		
1468773232.43		159.400678503		154.826310093		165.347489263		
1468806875.68		163.334220436		158.781722374		169.111465075		
1468840518.92		167.265420865		162.790796893		172.869199012		
1468874162.16		171.144573926		166.76845254		176.629340741		
1468907805.41		175.038609359		170.699138891		180.307035362		
1468941448.65		178.86407757		174.611239661		183.973468305		
1468975091.89		180.699014648		176.570338294		185.536185662		
1469008735.14		184.576389929		180.527671096		189.224828888		
1469042378.38		188.23456588		184.328259992		192.806496632		
1469076021.62		191.951452193		188.192866488		196.383051611		
1469109664.86		195.583645102		192.001360507		199.876225607		
1469143308.11		199.120409687		195.651688164		203.33279596		
1469176951.35		202.714880164		199.346334008		206.745384804		
1469210594.59		185.488038073		182.519656328		188.939722109		
1469244237.84		188.400451112		185.547055065		191.712977534		
1469277881.08		191.136557431		188.407651601		194.322120983		
1469311524.32		193.815135332		191.20595224		196.837268152		
1469345167.57		196.374489076		193.908069865		199.325454541		
1469378810.81		198.896452947		196.518812435		201.733909372		
1469412454.05		201.311737868		199.019980727		203.986104129		
1469446097.3		203.677377538		201.464145861		206.278743856		
1469479740.54		206.018118836		203.927444488		208.501864026		
1469513383.78		208.25317028		206.202364147		210.637908079		
1469547027.03		201.324184068		199.397682509		203.585272593		
1469580670.27		203.362880011		201.472801084		205.63000671		
1469614313.51		205.329170729		203.426093756		207.528057994		
1469647956.76		207.172739027		205.330140044		209.442493847		
1469681600.0		209.03793771		207.221309481		211.220850553		
1469715243.24		210.864913276		208.949059557		213.035854819		
1469748886.49		217.592231923		215.642033649		219.855232292		
1469782529.73		219.283363213		217.39182504		221.578877638		
1469816172.97		220.96767571		219.035306786		223.310749012		
1469849816.22		236.358414878		234.26469539		238.855974951		
1469883459.46		238.060272969		235.848178895		240.552024396		
1469917102.7		239.688060679		237.418830673		242.229170784		
1469950745.95		241.243355127		238.862179927		243.891187597		
1469984389.19		242.771595546		240.258843715		245.474818731		
1470018032.43		244.219386373		241.576042781		246.926441222		
1470051675.68		245.620034732		242.920738967		248.410728593		
1470085318.92		232.015192481		229.417234193		234.708898387		
1470118962.16		248.317030431		245.481215629		251.226730041		
1470152605.41		249.528042703		246.547672577		252.387108835		
1470186248.65		233.251056077		230.44168201		235.937413085		
1470219891.89		234.824461166		232.00205912		237.520599999		
1470253535.14		236.365906543		233.603278454		239.028247184		
1470287178.38		237.887747302		235.149275514		240.508018162		
1470320821.62		239.333036925		236.645428708		241.935891617		
1470354464.86		240.070438901		237.310937143		242.677236031		
1470388108.11		241.622095425		238.915539815		244.22331644		
1470421751.35		243.05337392		240.398494348		245.579404721		
1470455394.59		244.376478412		241.732607337		246.863240376		
1470489037.84		245.653813385		243.030758399		248.131822996		
1470522681.08		244.176260961		241.555460494		246.629952212		
1470556324.32		245.29021226		242.679991374		247.757247045		
1470589967.57		246.480722605		243.837103162		248.943477691		
1470623610.81		247.640697695		244.984870675		250.099840101		
1470657254.05		248.797527754		246.180630978		251.215325634		
1470690897.3		249.928475746		247.350461539		252.366281567		
1470724540.54		270.061785282		267.311590049		272.649437706		
1470758183.78		253.078812731		250.571754874		255.481555293		
1470791827.03		272.252783628		269.642113307		274.790472885		
1470825470.27		272.609485598		270.02109305		275.09529387		
1470859113.51		272.785990144		270.204478107		275.25414857		
1470892756.76		272.919315223		270.346879647		275.398365483		
1470926400.0		273.067130749		270.52139241		275.553375039		
1470960043.24		273.642633774		271.217930065		276.0993788		
1470993686.49		274.559390308		272.360430291		276.901521932		
1471027329.73		275.368555952		273.459805048		277.695209621		
1471060972.97		276.281868771		274.495282649		278.5425591		
1471094616.22		277.127560987		275.427736814		279.247667182		
1471128259.46		277.990330085		276.340929587		280.06529605		
1471161902.7		278.854786954		277.186876413		280.83264032		
1471195545.95		279.654707119		278.02155903		281.578841301		
1471229189.19		280.4976996		278.811895218		282.360055327		
1471262832.43		281.24084907		279.536478044		283.070431545		
1471296475.68		281.987213526		280.255185731		283.835419589		
1471330118.92		282.746191245		280.973409968		284.586191171		
1471363762.16		283.303484821		281.549250304		285.135412001		
1471397405.41		283.991196327		282.193383279		285.894469644		
1471431048.65		284.631048952		282.788362459		286.579314021		
1471464691.89		285.316831345		283.44086468		287.356559121		
1471498335.14		285.998880089		284.061443486		288.097142233		
1471531978.38		286.561692398		284.609711417		288.783696502		
1471565621.62		287.18842402		285.177240388		289.509410803		
1471599264.86		287.751008375		285.760810734		290.278125989		
1471632908.11		288.316677749		286.31003509		290.980487067		
1471666551.35		288.867834418		286.815394801		291.640351753		
1471700194.59		289.353149617		287.301047694		292.279448616		
1471733837.84		289.869983126		287.772757913		292.813092302		
1471767481.08		290.34232731		288.23268336		293.452570266		
1471801124.32		290.830647237		288.679934239		294.076879028		
1471834767.57		291.37044398		289.195171539		294.746541955		
1471868410.81		291.698467756		289.50843391		295.13419631		
1471902054.05		289.982737618		288.013932318		292.39505416		
1471935697.3		280.151473609		278.544990415		281.926105893		
1471969340.54		271.419580923		269.999764631		273.045485258		
1472002983.78		263.294557542		261.727276794		265.043023665		
1472036627.03		255.821254133		253.790537774		257.705856078		
1472070270.27		240.183486843		237.77831326		242.221812576		
1472103913.51		242.713244774		240.245183105		244.8062629		
1472137556.76		218.404135214		216.232767226		220.289586777		
1472171200.0		231.865977123		229.601064421		233.845040367		
1472204843.24		226.836750015		224.692694172		228.757580586		
1472238486.49		222.037543578		219.947161249		223.906343319		
1472272129.73		217.478639773		215.495784918		219.323418237		
1472305772.97		213.124291066		211.196598058		214.937719853		
1472339416.22		208.946299561		207.07992133		210.751950241		
1472373059.46		204.987541168		203.151016371		206.721896954		
1472406702.7		201.207423096		199.434287564		202.917012271		
1472440345.95		197.558728692		195.849957954		199.233673649		
1472473989.19		194.08180863		192.381997015		195.750651803		
1472507632.43		190.718579026		189.073557971		192.363505466		
1472541275.68		187.490594389		185.89365839		189.150176319		
1472574918.92		184.419648159		182.84600646		186.103368999		
1472608562.16		181.453780117		179.873522793		183.090509195		
1472642205.41		178.600794245		177.044582042		180.223445124		
1472675848.65		175.831251705		174.272602191		177.454645846		
1472709491.89		173.172847479		171.634049534		174.783196579		
1472743135.14		170.600878436		169.074074167		172.225565993		
1472776778.38		168.11583963		166.591332947		169.755398089		
1472810421.62		165.694066223		164.165460037		167.308662992		
1472844064.86		164.106348676		162.712554144		165.632660945		
1472877708.11		168.320908507		166.990791957		169.874924265		
1472911351.35		172.260059911		170.950875181		173.828380216		
1472944994.59		176.162837194		174.882838791		177.730872226		
1472978637.84		180.063929966		178.805176924		181.635564019		
1473012281.08		183.931600817		182.671178136		185.527926574		
1473045924.32		187.755520407		186.502785686		189.377056773		
1473079567.57		191.565379586		190.325331259		193.207546154		
1473113210.81		195.537291597		194.302551626		197.160073065		
1473146854.05		199.115976403		197.886133148		200.759432977		
1473180497.3		202.847335973		201.646130425		204.549913312		
1473214140.54		206.558489362		205.38056719		208.237012025		
1473247783.78		210.251860215		209.072634867		211.961780948		
1473281427.03		213.875076541		212.721227405		215.641292298		
1473315070.27		217.462638232		216.299484658		219.219170681		
1473348713.51		221.018847546		219.818129005		222.774865368		
1473382356.76		224.289560061		223.107365473		226.030188182		
1473416000.0		227.799937016		226.583151735		229.615671052		
1473449643.24		231.137874825		229.928730726		232.974008286		
1473483286.49		234.402878794		233.185057389		236.290071929		
1473516929.73		237.663870448		236.405189982		239.557534263		
1473550572.97		240.859270813		239.571652865		242.770103121		
1473584216.22		243.981076302		242.681011244		245.944731163		
1473617859.46		247.016401226		245.703624197		249.022381805		
1473651502.7		250.020700438		248.670195656		252.139761588		
1473685145.95		252.995810629		251.593783345		255.194573564		
1473718789.19		255.890889428		254.465326884		258.142479479		
1473752432.43		258.731514148		257.28378517		261.048639455		
1473786075.68		261.51453787		260.045850516		263.871749698		
1473819718.92		264.555800101		263.077940588		266.836904757		
1473853362.16		266.925081043		265.476537429		268.944213201		
1473887005.41		268.940505711		267.538822854		270.52712091		
1473920648.65		270.663026205		269.300479861		272.229486049		
1473954291.89		273.061734218		271.657464427		274.672842692		
1473987935.14		275.524544581		274.112261059		277.212346202		
1474021578.38		277.969136687		276.500196042		279.712916973		
1474055221.62		280.302273479		278.835854327		282.155024235		
1474088864.86		273.801614932		272.353669201		275.709862547		
1474122508.11		275.979918991		274.512570764		277.947227194		
1474156151.35		278.098882277		276.632456718		280.201123877		
1474189794.59		280.217480182		278.711381021		282.428906794		
1474223437.84		282.237154625		280.729438694		284.554432808		
1474257081.08		284.222981348		282.693093991		286.685775829		
1474290724.32		286.139287271		284.613862201		288.767454899		
1474324367.57		288.015555072		286.502735871		290.781992129		
1474358010.81		289.842345195		288.314038992		292.7455026		
1474391654.05		289.667753197		288.138550968		292.670941326		
1474425297.3		291.425388547		289.87586113		294.484491389		
1474458940.54		293.146413063		291.581786018		296.282382498		
1474492583.78		294.845055364		293.252892881		298.072377331		
1474526227.03		295.339291256		293.754858694		298.630987498		
1474559870.27		297.279414553		295.691500172		300.683324223		
1474593513.51		299.228221737		297.640874936		302.742461122		
1474627156.76		301.045062709		299.440101009		304.66596243		
1474660800.0		298.148614365		296.554624873		301.821837855		
1474694443.24		299.789673405		298.185287182		303.577545717		
1474728086.49		301.314231423		299.692835278		305.195268828		
1474761729.73		302.75403206		301.159327978		306.716219385		
1474795372.97		304.177036637		302.591522256		308.230306817		
1474829016.22		305.556986683		303.976562072		309.722018015		
1474862659.46		306.892771908		305.281202698		311.171409522		
1474896302.7		308.186549736		306.56950989		312.57556681		
1474929945.95		309.426695223		307.796266875		313.880067265		
1474963589.19		310.635531205		308.998899248		315.16290125		
1474997232.43		311.839508727		310.186965598		316.429137946		
1475030875.68		313.003241401		311.351681582		317.650187446		
1475064518.92		314.121304524		312.46913165		318.809743461		
1475098162.16		315.369790227		313.711551289		320.180701391		
1475131805.41		316.668166673		314.99568377		321.590721649		
1475165448.65		317.936658302		316.253667753		322.962507531		
1475199091.89		312.740599162		311.168565543		317.392851943		
1475232735.14		302.690065264		301.31742075		306.241843774		
1475266378.38		292.71774771		291.518192437		295.127996886		
1475300021.62		273.762397595		272.652533594		275.10920094		
1475333664.86		274.07864783		273.058272003		275.389126422		
1475367308.11		267.821818864		266.681860354		269.173352329		
1475400951.35		264.830841477		263.459482761		266.358677192		
1475434594.59		262.72452489		261.212516892		264.359900768		
1475468237.84		260.734867633		259.147852293		262.580070599		
1475501881.08		258.916860652		257.161526221		260.878470175		
1475535524.32		254.179137331		252.290465245		256.260516096		
1475569167.57		252.407756746		250.30140781		254.649803428		
1475602810.81		251.017196449		248.830852302		253.459747065		
1475636454.05		249.418098661		247.073452237		252.062633431		
1475670097.3		249.06104375		246.603632505		251.927241062		
1475703740.54		252.796813658		250.291254223		255.650540458		
1475737383.78		258.505894549		256.066789963		261.315370266		
1475771027.03		264.401561451		261.988511596		267.11464093		
1475804670.27		270.148075281		267.800552825		272.822391454		
1475838313.51		275.864665811		273.568706458		278.428792511		
1475871956.76		281.35077631		279.167708694		283.839577265		
1475905600.0		286.192931184		284.073090405		288.584872302		
1475939243.24		290.935803144		288.906502098		293.213576268		
1475972886.49		295.666326456		293.689478725		297.827462149		
1476006529.73		300.216331519		298.326763864		302.409343321		
1476040172.97		304.686633882		302.832354391		306.880316451		
1476073816.22		309.046437482		307.292724085		311.143566236		
1476107459.46		313.318211439		311.687238126		315.312399454		
1476141102.7		317.512736441		315.96155788		319.454988926		
1476174745.95		321.644685388		320.146776433		323.539193937		
1476208389.19		325.619832696		324.105696247		327.386148141		
1476242032.43		329.470125392		328.006179957		331.243068667		
1476275675.68		333.238199841		331.791785718		334.916590065		
1476309318.92		336.903194521		335.46321468		338.498999649		
1476342962.16		339.736838854		338.292043666		341.305485572		
1476376605.41		342.58308646		341.183223659		344.16926063		
1476410248.65		345.686494913		344.338376139		347.289232381		
1476443891.89		348.746176189		347.418304644		350.331920375		
1476477535.14		351.567552612		350.305493518		353.261285281		
1476511178.38		354.771356245		353.460303443		356.454547893		
1476544821.62		357.856598276		356.504087211		359.546747083		
1476578464.86		360.812257078		359.493356157		362.550210256		
1476612108.11		363.675447547		362.346729372		365.478886479		
1476645751.35		366.477586537		365.100848191		368.366898087		
1476679394.59		369.182504678		367.788761198		371.127998835		
1476713037.84		371.804045105		370.385868572		373.83674105		
1476746681.08		374.328150075		372.854878456		376.446147849		
1476780324.32		376.743825435		375.276996425		378.969673643		
1476813967.57		379.087092978		377.638423018		381.412817951		
1476847610.81		381.371083727		379.929887969		383.790854383		
1476881254.05		383.566000226		382.112890028		386.074342246		
1476914897.3		385.671131881		384.210768768		388.245666408		
1476948540.54		387.659135569		386.159072305		390.321562321		
1476982183.78		389.522864354		388.034689673		392.266894181		
1477015827.03		391.079527998		389.601109034		393.91637632		
1477049470.27		392.596289656		391.083728787		395.45425409		
1477083113.51		394.048311977		392.509955705		396.979983438		
1477116756.76		395.451179815		393.922238364		398.44874139		
1477150400.0		396.847287974		395.291953035		399.885866505		
1477184043.24		398.209720438		396.630352967		401.241054588		
1477217686.49		399.507366611		397.938617254		402.593460103		
1477251329.73		400.780746752		399.197447179		403.870086451		
1477284972.97		402.028117761		400.408505296		405.144758591		
1477318616.22		403.22218023		401.577965188		406.381740754		
1477352259.46		404.383288548		402.710779101		407.590475548		
1477385902.7		405.510423248		403.814560803		408.746531212		
1477419545.95		406.573432425		404.865067129		409.823761276		
1477453189.19		407.612403298		405.901058967		410.88516523		
1477486832.43		408.64515277		406.922306848		411.921910683		
1477520475.68		409.656806941		407.92646506		412.959088973		
1477554118.92		410.624372826		408.875050378		413.929865389		
1477587762.16		411.392710404		409.607403477		414.538329054		
1477621405.41		412.441353813		410.651621417		415.657085886		
1477655048.65		413.375849674		411.583353996		416.617299948		
1477688691.89		414.223861308		412.408587709		417.49564252		
1477722335.14		415.124739439		413.296178416		418.502957403		
1477755978.38		416.032405839		414.187222956		419.461577098		
1477789621.62		416.931888588		415.078971925		420.415104359		
1477823264.86		417.80098904		415.929783316		421.359016678		
1477856908.11		418.635794759		416.757122839		422.230380554		
1477890551.35		419.45992734		417.579174211		423.133331725		
1477924194.59		420.241647919		418.374938484		423.974036134		
1477957837.84		421.020425483		419.146735523		424.808947991		
1477991481.08		421.800641997		419.927632217		425.662929019		
1478025124.32		422.553771407		420.678909803		426.464165113		
1478058767.57		423.29671604		421.428655867		427.261427531		
1478092410.81		424.008720168		422.138353986		428.012603714		
1478126054.05		424.732519633		422.861926474		428.776699918		
1478159697.3		425.40254238		423.527334049		429.449474609		
1478193340.54		426.141500581		424.253463186		430.221893068		
1478226983.78		426.817590221		424.925873922		430.906860401		
1478260627.03		427.496799096		425.586914475		431.601758032		
1478294270.27		428.175992645		426.255919645		432.281150684		
1478327913.51		428.853450398		426.927179282		432.961657391		
1478361556.76		429.496590579		427.565125089		433.605106524		
1478395200.0		430.149679063		428.210655893		434.252482519		
1478428843.24		430.773264805		428.825880268		434.875797433		
1478462486.49		431.392546879		429.43534528		435.483627113		
1478496129.73		432.005462006		430.038101573		436.076554667		
1478529772.97		432.627042843		430.659851757		436.68929849		
1478563416.22		433.25424086		431.282567456		437.310925394		
1478597059.46		433.857371298		431.887902332		437.92209375		
1478630702.7		434.460785055		432.493840571		438.531359105		
1478664345.95		435.073031936		433.097857231		439.150189033		
1478697989.19		435.660675906		433.68224417		439.730414182		
1478731632.43		436.251419932		434.271501487		440.319644886		
1478765275.68		436.851583932		434.869073657		440.920542659		
1478798918.92		437.430680609		435.44280825		441.478918811		
1478832562.16		438.027881483		436.035522403		442.070976657		
1478866205.41		438.606618926		436.607357211		442.626091216		
1478899848.65		439.184029206		437.181663045		443.181278969		
1478933491.89		439.760010147		437.756957297		443.734054058		
1478967135.14		440.339860363		438.333159237		444.288241166		
1479000778.38		440.89563209		438.879360828		444.81644781		
1479034421.62		441.47555037		439.458924679		445.386580471		
1479068064.86		442.031144176		440.021323425		445.920017891		
1479101708.11		442.58822479		440.583444581		446.444391963		
1479135351.35		443.16123921		441.158494056		446.990373872		
1479168994.59		443.716852673		441.711937517		447.503430429		
1479202637.84		444.261035276		442.260207827		448.006902947		
1479236281.08		444.800939639		442.814839053		448.523471637		
1479269924.32		445.338992168		443.354660159		449.012595414		
1479303567.57		445.880447083		443.893228309		449.495403578		
1479337210.81		446.430560124		444.442015968		449.996548144		
1479370854.05		446.981387415		444.981115651		450.492505721		
1479404497.3		447.513815718		445.512433867		450.983256829		
1479438140.54		448.074025005		446.064442933		451.495872677		
1479471783.78		448.608574651		446.592677775		451.962384585		
1479505427.03		449.171764277		447.151193329		452.480331029		
1479539070.27		449.710967414		447.690586664		452.961879599		
1479572713.51		450.246553022		448.232161548		453.444939324		
1479606356.76		450.764055785		448.773766501		453.935380434		
1479640000.0		451.300217146		449.31210826		454.418756166		
1479673643.24		451.813532802		449.826173294		454.868782781		
1479707286.49		452.3534855		450.363554755		455.341543833		
1479740929.73		452.897650617		450.895084194		455.814737293		
1479774572.97		431.336350441		429.230645826		433.824029039		
1479808216.22		367.094754718		362.353273571		373.641895525		
1479841859.46		362.589339584		357.636775387		368.990632589		
1479875502.7		375.644161324		370.636546656		382.098819323		
1479909145.95		379.154417538		374.324437747		385.425811166		
1479942789.19		382.692411233		378.040741619		388.774305629		
1479976432.43		386.206287571		381.700975005		392.088392005		
1480010075.68		389.633024481		385.226567068		395.309434461		
1480043718.92		392.952349673		388.678901527		398.386554436		
1480077362.16		396.205468561		392.020012815		401.370285254		
1480111005.41		399.30910272		395.295051843		404.296072711		
1480144648.65		402.312545531		398.416733237		407.172685335		
1480178291.89		405.234448447		401.495385862		409.936972345		
1480211935.14		408.064735083		404.484639998		412.646117747		
1480245578.38		410.798962842		407.373343053		415.217308802		
1480279221.62		413.487504836		410.190945703		417.743768228		
1480312864.86		416.087568115		412.870432178		420.133791058		
1480346508.11		418.005377405		414.911480964		421.868708189		
1480380151.35		416.150169364		413.451453706		419.791403744		
1480413794.59		414.310661599		411.800328773		417.718171667		
1480447437.84		412.709923737		410.255714584		415.799496109		
1480481081.08		411.091235527		408.580838995		413.944487008		
1480514724.32		409.639894424		406.951238571		412.404109401		
1480548367.57		408.189601321		405.569418129		410.97452587		
1480582010.81		406.888158243		404.171527684		409.820207299		
1480615654.05		405.688923831		402.851592218		408.79694809		
1480649297.3		404.620862829		401.611801007		407.89515123		
1480682940.54		403.546696674		400.475335286		407.076421079		
1480716583.78		402.449219558		399.229956536		406.234613894		
1480750227.03		401.470166597		398.171285053		405.548297472		
1480783870.27		400.531023856		397.124945719		404.869098951		
1480817513.51		399.693792109		396.093583874		404.204359812		
1480851156.76		398.968371042		395.18494315		403.623357858		
1480884800.0		398.265244468		394.356457888		403.112271079		
1480918443.24		397.604995005		393.523720786		402.687598517		
1480952086.49		400.293795587		396.191984912		405.228217419		
1480985729.73		403.796799566		399.787897856		408.452304005		
1481019372.97		407.159634503		403.274426621		411.633322847		
1481053016.22		410.422669944		406.643722283		414.738066311		
1481086659.46		413.548392404		409.949421665		417.726578211		
1481120302.7		416.619113215		413.161093339		420.691131699		
1481153945.95		419.62969682		416.300886564		423.520903861		
1481187589.19		422.506627594		419.356569332		426.289345669		
1481221232.43		425.382328212		422.296895379		429.011425447		
1481254875.68		428.072197091		425.086678038		431.578254315		
1481288518.92		430.66872157		427.822828334		434.01635726		
1481322162.16		433.168002471		430.42230721		436.357836855		
1481355805.41		435.613654365		432.951194708		438.628845473		
1481389448.65		437.968379842		435.415702609		440.822939492		
1481423091.89		440.259262543		437.748313259		442.952266666		
1481456735.14		442.497111418		440.03293986		445.094165606		
1481490378.38		444.678370147		442.276566964		447.11410442		
1481524021.62		446.762089544		444.423599461		449.067110882		
1481557664.86		448.705044289		446.432617214		450.934442191		
1481591308.11		450.430133204		448.208729665		452.564877797		
1481624951.35		451.979800921		449.730082253		454.05093023		
1481658594.59		453.449148221		451.248815936		455.502303094		
1481692237.84		454.912196423		452.725242009		456.967695288		
1481725881.08		456.333979085		454.119166888		458.299433481		
1481759524.32		457.755152984		455.538374456		459.68160999		
1481793167.57		459.211475547		456.973409551		461.061763278		
1481826810.81		460.520853206		458.224879651		462.365295095		
1481860454.05		461.831217587		459.44104718		463.629021331		
1481894097.3		463.11152456		460.683254101		464.908150861		
1481927740.54		464.373201119		461.79381381		466.12488798		
1481961383.78		465.574690083		462.901444787		467.302519666		
1481995027.03		466.724065419		463.939812536		468.477139009		
1482028670.27		467.841944985		464.945291635		469.643849852		
1482062313.51		468.985764717		465.986788808		470.776684264		
1482095956.76		470.092156168		467.008028701		471.903486075		
1482129600.0		471.225380955		467.977644092		473.004605737		
1482163243.24		472.257303011		468.922506675		474.04456203		
1482196886.49		461.993397664		459.90031588		463.994381084		
1482230529.73		451.139342366		448.536240239		453.81555234		
1482264172.97		441.108092932		437.562880931		444.612970971		
1482297816.22		431.693350284		427.065032392		436.28504747		
1482331459.46		422.950799077		417.358485725		429.054449086		
1482365102.7		417.226250915		411.009662295		424.175722081		
1482398745.95		420.469084176		414.47141929		427.186036802		
1482432389.19		423.918916567		418.053671064		430.236551087		
1482466032.43		427.275357805		421.637389972		433.15450078		
1482499675.68		430.577645598		425.091505839		436.114103728		
1482533318.92		433.712179127		428.338255147		438.890673735		
1482566962.16		436.729320924		431.525971418		441.69292107		
1482600605.41		439.691149121		434.714749768		444.400892749		
1482634248.65		442.551873467		437.805398978		446.930020963		
1482667891.89		445.236541604		440.793149991		449.436658582		
1482701535.14		447.884804231		443.553787192		451.892903968		
1482735178.38		450.372687267		446.281558974		454.311545704		
1482768821.62		452.814153564		448.87222364		456.667610316		
1482802464.86		455.151664736		451.375823685		458.881562471		
1482836108.11		457.497531951		453.81870236		461.08549741		
1482869751.35		459.733111866		456.093072576		463.190989505		
1482903394.59		461.8487886		458.41371653		465.197729898		
1482937037.84		463.968606608		460.580439705		467.214825456		
1482970681.08		463.487086529		460.121967281		466.660928617		
1483004324.32		465.522789338		462.271564556		468.646005939		
1483037967.57		467.53783283		464.258627894		470.6530154		
1483071610.81		469.48172675		466.289484771		472.538055252		
1483105254.05		471.394594937		468.273412047		474.442413915		
1483138897.3		473.218523263		470.084553464		476.208369938		
1483172540.54		474.97341823		471.822066705		477.889901362		
1483206183.78		476.638823101		473.517376929		479.478426931		
1483239827.03		478.277965204		475.252674505		481.0839331		
1483273470.27		479.877180804		476.85480712		482.655980828		
1483307113.51		481.511244658		478.373469088		484.192029705		
1483340756.76		483.106001837		479.933684087		485.688823962		
1483374400.0		484.608101349		481.293999265		487.192171312		
1483408043.24		486.065989215		482.655632791		488.637173371		
1483441686.49		487.511052714		483.889668028		490.07435265		
1483475329.73		488.853415165		485.105300462		491.366039332		
1483508972.97		490.168977877		486.224601995		492.644999686		
1483542616.22		491.485401439		487.355079964		493.909937415		
1483576259.46		492.776825741		488.410327585		495.174954537		
1483609902.7		493.989489693		489.454301915		496.348823301		
1483643545.95		495.141476738		490.50398146		497.497775938		
1483677189.19		496.294352156		491.460484068		498.634800208		
1483710832.43		497.467850192		492.399614129		499.758704553		
1483744475.68		498.581897403		493.328414772		500.902557462		
1483778118.92		499.701314282		494.265157957		501.999636415		
1483811762.16		500.774352796		495.173806836		503.1138901		
1483845405.41		501.833275012		496.154660855		504.21204006		
1483879048.65		502.845907708		497.023206238		505.241483306		
1483912691.89		503.865121632		497.94403857		506.248339422		
1483946335.14		504.865640847		498.833131711		507.247935848		
1483979978.38		505.857928831		499.704913714		508.282348622		
1484013621.62		506.881681095		500.588215706		509.322834819		
1484047264.86		507.90987955		501.438016006		510.346620379		
1484080908.11		508.840384584		502.254039531		511.321311291		
1484114551.35		509.731663878		502.989609444		512.260111835		
1484148194.59		510.596041464		503.726455002		513.137521015		
1484181837.84		511.415231661		504.40518411		513.995322147		
1484215481.08		512.254415946		505.147608848		514.906758587		
1484249124.32		513.082840501		505.874349165		515.731442946		
1484282767.57		513.845675065		506.448560037		516.482715088		
1484316410.81		514.586885042		507.080679222		517.241475183		
1484350054.05		515.281192723		507.658141506		517.978787664		
1484383697.3		516.01723176		508.278378465		518.75046886		
1484417340.54		516.771733183		508.890816306		519.560834681		
1484450983.78		517.561108242		509.522750354		520.380927382		
1484484627.03		518.338938323		510.187237136		521.164688031		
1484518270.27		519.057579423		510.780544912		521.910605543		
1484551913.51		519.766559761		511.334534092		522.63819433		
1484585556.76		520.462410533		511.874651186		523.357949909		
1484619200.0		521.110259677		512.38502958		524.025713598		
1484652843.24		521.789123863		512.948786314		524.76188121		
1484686486.49		522.512723103		513.517619284		525.513617002		
1484720129.73		523.218860385		514.073110505		526.241491305		
1484753772.97		523.898621277		514.617604585		526.92761251		
1484787416.22		415.393084021		407.965087236		417.81265327		
1484821059.46		415.928792725		408.397391978		418.386004147		
1484854702.7		416.457529238		408.815194359		418.948861061		
1484888345.95		416.996919025		409.244986231		419.502116242		
1484921989.19		417.539832389		409.689137058		420.071391931		
1484955632.43		499.454704624		489.946008632		502.516549395		
1484989275.68		500.145153102		490.50547358		503.210991801		
1485022918.92		500.830179113		491.061021927		503.904338639		
1485056562.16		501.482154454		491.583060913		504.519932636		
1485090205.41		502.104770366		492.10368267		505.19405697		
1485123848.65		502.758430067		492.652893794		505.889432544		
1485157491.89		503.392161517		493.122252577		506.541525368		
1485191135.14		504.004665731		493.614999647		507.166133289		
1485224778.38		499.224210866		488.964614202		502.380392226		
1485258421.62		487.87138089		478.017921783		490.931622207		
1485292064.86		477.262201416		467.7475073		480.346725087		
1485325708.11		472.827739788		463.3779463		475.909233232		
1485359351.35		474.523497593		464.819434185		477.616561079		
1485392994.59		476.179975757		466.242756237		479.252816599		
1485426637.84		477.829088232		467.750104591		480.932425226		
1485460281.08		401.308934193		392.730230708		403.930721108		
1485493924.32		402.700088555		393.952471914		405.348743431		
1485527567.57		404.057326566		395.118425361		406.730778614		
1485561210.81		405.373497488		396.224234571		408.073465334		
1485594854.05		406.596352803		397.179970543		409.356988241		
1485628497.3		407.823146506		398.125623015		410.611072671		
1485662140.54		409.032898529		399.07265619		411.837682514		
1485695783.78		410.234254062		400.060105247		413.058826152		
1485729427.03		411.391127653		401.02022064		414.258938213		
1485763070.27		412.521893212		401.971894373		415.424374336		
1485796713.51		413.618682514		402.885354105		416.554494424		
1485830356.76		476.351547513		463.729446814		479.758395745		
1485864000.0		477.524292788		464.636881487		480.965972545		
1485897643.24		478.681467471		465.526634272		482.162187098		
1485931286.49		479.813791964		466.450245824		483.319383732		
1485964929.73		464.600618377		460.64559951		468.121415041		
1485998572.97		453.600798889		445.842455952		463.400879583		
1486032216.22		454.117662805		446.369753292		464.227725635		
1486065859.46		465.701477541		458.020394279		475.218108263		
1486099502.7		467.830126464		460.351518273		476.54181011		
1486133145.95		469.816135745		462.543350886		477.649514477		
1486166789.19		471.581048019		464.784871048		478.694023034		
1486200432.43		473.196711967		466.960624138		479.781209145		
1486234075.68		474.93228078		469.067568998		480.911781968		
1486267718.92		476.59666844		471.154412995		481.995631486		
1486301362.16		478.200635159		472.955651606		482.970276121		
1486335005.41		479.777248846		475.002679256		484.025209464		
1486368648.65		481.15603		476.759011667		485.236623279		
1486402291.89		482.507260642		478.468934911		486.541794333		
1486435935.14		483.927961667		479.936358605		488.064261411		
1486469578.38		485.418543699		481.425628226		489.531814723		
1486503221.62		486.879041084		482.689239683		491.009999353		
1486536864.86		488.241815676		483.910107234		492.446572152		
1486570508.11		489.779617642		484.975563801		493.819214138		
1486604151.35		491.335013496		486.084877674		495.173851937		
1486637794.59		492.795160325		486.988666609		496.49532815		
1486671437.84		494.181825329		487.722113668		497.78931468		
1486705081.08		495.512717152		488.335327678		499.00535418		
1486738724.32		496.783319897		488.89569192		500.176267263		
1486772367.57		497.971270275		489.473455309		501.336005058		
1486806010.81		499.218343144		490.076384994		502.5313504		
1486839654.05		500.429174593		490.600494679		503.790757283		
1486873297.3		501.654205193		491.123164392		504.990265673		
1486906940.54		502.872018005		491.703432932		506.224375523		
1486940583.78		504.061682276		492.268505537		507.416118202		
1486974227.03		505.167966735		492.793922121		508.532183203		
1487007870.27		506.327077233		493.312891835		509.538085063		
1487041513.51		507.415944983		493.860295921		510.664949353		
1487075156.76		508.462789551		494.365864806		511.641722702		
1487108800.0		509.54937133		494.887896059		512.716586819		
1487142443.24		510.622726573		495.444036469		513.892918899		
1487176086.49		511.687299403		495.9930613		515.02005621		
1487209729.73		512.743561964		496.585656095		516.144811933		
1487243372.97		513.757410129		497.125712394		517.244389858		
1487277016.22		515.592938264		498.049928579		519.163331918		
1487310659.46		516.436420221		497.852010342		520.07848215		
1487344302.7		517.318126074		498.237018239		521.025107871		
1487377945.95		518.242482241		498.8128369		521.952611721		
1487411589.19		519.139351703		499.38952117		522.894255173		
1487445232.43		520.017045276		499.874650429		523.743531945		
1487478875.68		520.944723784		500.406042326		524.638370179		
1487512518.92		521.8899249		501.012251491		525.623313046		
1487546162.16		522.729537354		501.54881877		526.511481719		
1487579805.41		523.58424357		502.125952827		527.365334945		
1487613448.65		524.451405249		502.656351585		528.188399243		
1487647091.89		525.315020625		503.236476128		528.952430753		
1487680735.14		526.170301026		503.843894131		529.760479354		
1487714378.38		526.986842102		504.421757731		530.531596849		
1487748021.62		527.804075077		505.033064346		531.21935143		
1487781664.86		528.571681427		505.612144292		531.924085726		
1487815308.11		529.332777411		506.278828598		532.718921434		
1487848951.35		530.152061577		506.89786028		533.433475198		
1487882594.59		530.839937728		507.542694088		534.121279996		
1487916237.84		531.553086625		508.162879268		534.811390116		
1487949881.08		532.132795539		508.701025332		535.368648576		
1487983524.32		532.760476515		509.282424402		535.922192764		
1488017167.57		533.334367648		509.849003491		536.471417199		
1488050810.81		533.918201322		510.425023606		537.033189732		
1488084454.05		534.475380973		511.014447558		537.590271914		
1488118097.3		535.07078521		511.611446818		538.081335634		
1488151740.54		535.609884604		512.206588583		538.630035206		
1488185383.78		536.146015821		512.78783468		539.135761962		
1488219027.03		536.656072073		513.405685668		539.619829779		
1488252670.27		537.223465278		514.08137739		540.138264309		
1488286313.51		537.742121989		514.720634715		540.651237863		
1488319956.76		538.203455578		515.337121169		541.066054972		
1488353600.0		538.663105096		515.934123993		541.479323767		
1488387243.24		539.083870198		516.568510731		541.938038264		
1488420886.49		539.586240906		517.252970627		542.447589789		
1488454529.73		540.025447019		517.886305413		542.888526573		
1488488172.97		540.445322729		518.568907581		543.371830496		
1488521816.22		540.793111016		519.181959361		543.728061614		
1488555459.46		541.210678326		519.859748355		544.158924288		
1488589102.7		541.584074613		520.49173683		544.539790097		
1488622745.95		542.004678482		521.177728428		544.936623343		
1488656389.19		542.360026641		521.823262103		545.293222362		
1488690032.43		542.660009623		522.418732644		545.597573466		
1488723675.68		542.9114614		523.014183044		545.874390668		
1488757318.92		541.963465723		522.432563268		544.944133102		
1488790962.16		541.908873064		522.572384743		544.863130059		
1488824605.41		542.344964846		523.384205913		545.361947096		
1488858248.65		542.818464419		524.224097892		545.84839192		
1488891891.89		543.322321939		525.099505785		546.33982878		
1488925535.14		543.782800726		525.935536232		546.7916524		
1488959178.38		544.184264803		526.718211197		547.225131832		
1488992821.62		544.619800864		527.536043082		547.686546057		
1489026464.86		545.111581335		528.430283494		548.196004364		
1489060108.11		545.538007784		529.265992538		548.646116754		
1489093751.35		547.030584728		530.429796358		550.181867215		
1489127394.59		547.336423275		530.490042674		550.509564479		
1489161037.84		547.699012952		531.213686935		550.862484809		
1489194681.08		548.042392212		532.011090388		551.188280331		
1489228324.32		548.458411727		532.920751435		551.607188624		
1489261967.57		548.874973373		533.845474908		551.988625336		
1489295610.81		549.207511358		534.718421317		552.336320461		
1489329254.05		549.533904696		535.574788966		552.68796526		
1489362897.3		549.791038935		536.397272412		552.998789202		
1489396540.54		550.018035264		537.170121447		553.283012744		
1489430183.78		550.242989481		537.962978122		553.542442783		
1489463827.03		550.482559753		538.759223538		553.790926087		
1489497470.27		550.68967904		539.499602433		554.003367756		
1489531113.51		550.952196567		540.278336051		554.248001401		
1489564756.76		551.200758448		541.064556864		554.475930303		
1489598400.0		551.452467738		541.879748305		554.744623416		
1489632043.24		551.660977842		542.663444585		554.957480799		
1489665686.49		551.919430938		543.492652972		555.220279099		
1489699329.73		552.106654492		544.231649482		555.354674128		
1489732972.97		552.277278303		544.968076103		555.532690537		
1489766616.22		552.489619941		545.751300973		555.757587594		
1489800259.46		552.733004134		546.595426301		555.994465866		
1489833902.7		552.950127006		547.335448983		556.188368552		
1489867545.95		553.071848359		547.962882675		556.323368222		
1489901189.19		553.214119182		548.666690009		556.450049211		
1489934832.43		553.30137951		549.28587088		556.546958252		
1489968475.68		553.486532036		549.930537584		556.727287466		
1490002118.92		553.652166602		550.416938225		556.913572886		
1490035762.16		553.834777647		551.025814787		557.055749176		
1490069405.41		554.090250736		551.411202512		557.211005252		
1490103048.65		554.340227505		551.868337009		557.378291197		
1490136691.89		554.628950797		552.285359011		557.538760321		
1490170335.14		554.938649667		552.60147824		557.825176106		
1490203978.38		555.230204759		552.809078538		557.936171575		
1490237621.62		555.570801313		553.007389635		558.203126483		
1490271264.86		555.938973227		553.322867354		558.514694866		
1490304908.11		556.291033866		553.601896753		558.887570652		
1490338551.35		556.596183736		553.82557737		559.221542688		
1490372194.59		556.773438595		554.003432939		559.539971961		
1490405837.84		557.041475449		554.206348892		560.035316467		
1490439481.08		557.310731501		554.380183281		560.5861628		
1490473124.32		557.497882058		554.51906331		561.146361476		
1490506767.57		557.683076152		554.651534575		561.835112779		
1490540410.81		557.90707249		554.8117127		562.512527104		
1490574054.05		558.105687521		554.950334199		563.179444142		
1490607697.3		558.229849838		555.085190726		563.905302756		
1490641340.54		558.435540135		555.319529714		564.710472782		
1490674983.78		558.685379726		555.532463793		565.477945295		
1490708627.03		558.899391832		555.757868945		566.313423564		
1490742270.27		559.045474491		555.88577798		567.065432863		
1490775913.51		559.237615396		556.059344305		567.876222449		
1490809556.76		559.514827299		556.324773288		568.792246993		
1490843200.0		559.774672427		556.558383232		569.690073082		
1490876843.24		559.967656389		556.718607762		570.510535424		
1490910486.49		560.134120985		556.870750832		571.304802263		
1490944129.73		560.365319158		557.074665694		572.170466692		
1490977772.97		560.592369467		557.294353949		573.052079855		
1491011416.22		560.810990034		557.518491219		573.939659058		
1491045059.46		561.154272406		557.833501375		574.930840844		
1491078702.7		561.476562739		558.104123819		575.875144565		
1491112345.95		561.745727543		558.379211303		576.783298188		
1491145989.19		561.9581437		558.573144654		577.631966995		
1491179632.43		562.125123379		558.693963931		578.443839497		
1491213275.68		562.25535919		558.835765199		579.217761407		
1491246918.92		562.438885884		558.992650231		580.027912586		
1491280562.16		562.639565266		559.197444295		580.906803256		
1491314205.41		562.812869877		559.359807839		581.758302151		
1491347848.65		563.053950731		559.567654947		582.656749577		
1491381491.89		563.229821957		559.704125865		583.501869273		
1491415135.14		563.478410715		559.938138077		584.410093752		
1491448778.38		563.667753376		560.109513805		585.260320998		
1491482421.62		563.857676796		560.238872134		586.123768684		
1491516064.86		562.278898312		558.641002656		585.019991131		
1491549708.11		562.447887424		558.79846359		585.861244995		
1491583351.35		562.650660084		559.011312091		586.782858192		
1491616994.59		562.904605804		559.215877506		587.708174939		
1491650637.84		563.17892035		559.466686613		588.670882269		
1491684281.08		563.416237051		559.668955657		589.592716861		
1491717924.32		563.618232732		559.867642458		590.503674128		
1491751567.57		563.780748866		560.028737526		591.381112841		
1491785210.81		564.009359447		560.20178345		592.273675604		
1491818854.05		564.308964622		560.44351184		593.270083518		
1491852497.3		564.570984005		560.703502609		594.252336659		
1491886140.54		564.768507644		560.889016737		595.154617691		
1491919783.78		564.933172228		561.038186631		596.036188661		
1491953427.03		565.116383907		561.208802593		596.942194173		
1491987070.27		565.285190753		561.334759326		597.805197006		
1492020713.51		565.482222941		561.510427195		598.726844443		
1492054356.76		565.652115748		561.642371083		599.610870311		
1492088000.0		565.779489287		561.752780444		600.457187943		
1492121643.24		567.361017		563.28437538		601.633740529		
1492155286.49		567.435693465		563.354115459		601.884216124		
1492188929.73		567.545125032		563.441447406		602.727710441		
1492222572.97		567.62657113		563.472732574		603.600073988		
1492256216.22		567.777724011		563.591404429		604.536693196		
1492289859.46		567.942542574		563.746078918		605.495837313		
1492323502.7		568.124282826		563.887323336		606.467674225		
1492357145.95		568.250896947		563.987676256		607.388076865		
1492390789.19		568.405914415		564.105342201		608.315908456		
1492424432.43		568.526050212		564.203384686		609.208496678		
1492458075.68		568.71520808		564.363071892		610.212326432		
1492491718.92		568.94588892		564.56453492		611.247345472		
1492525362.16		569.156922074		564.806545108		612.305155569		
1492559005.41		569.393680444		565.006015824		613.378322517		
1492592648.65		569.623149312		565.186062504		614.418142041		
1492626291.89		569.844202996		565.401510652		615.441228676		
1492659935.14		570.08250081		565.58863216		616.466313411		
1492693578.38		570.298306336		565.775561546		617.493462476		
1492727221.62		570.517811612		565.955515372		618.536881672		
1492760864.86		570.735446077		566.138685194		619.584150133		
1492794508.11		570.958072435		566.318300882		620.6395112		
1492828151.35		571.192981535		566.50658745		621.709299888		
1492861794.59		571.4011626		566.698981332		622.779132764		
1492895437.84		571.649593753		566.882520693		623.847976427		
1492929081.08		571.867862429		567.076235393		624.893936281		
1492962724.32		572.084907144		567.284966272		625.93639402		
1492996367.57		572.316192308		567.466161611		626.977313291		
1493030010.81		572.546603483		567.648828274		628.035013107		
1493063654.05		572.760200395		567.831725508		629.117260347		
1493097297.3		572.97462232		568.0252373		630.169388102		
1493130940.54		573.199620447		568.203331544		631.227354918		
1493164583.78		573.413501027		568.371873305		632.297688328		
1493198227.03		573.629296696		568.544174463		633.368309518		
1493231870.27		573.863451735		568.736567316		634.450699564		
1493265513.51		574.091094716		568.928319222		635.523403344		
1493299156.76		574.312513882		569.099321492		636.608744687		
1493332800.0		574.53399196		569.272400892		637.696885074		
1493366443.24		574.757421455		569.448368668		638.787073201		
1493400086.49		574.986708029		569.626343196		639.877257759		
1493433729.73		575.213690856		569.803948175		640.971865129		
1493467372.97		575.43957772		570.001587499		642.064473732		
1493501016.22		575.662112776		570.167633806		643.16594358		
1493534659.46		575.897110928		570.355467959		644.270460253		
1493568302.7		576.120747231		570.543895047		645.385131942		
1493601945.95		576.35927628		570.732365907		646.50409966		
1493635589.19		576.59265586		570.895739473		647.623223068		
1493669232.43		576.822231375		571.05625696		648.736154081		
1493702875.68		577.064738043		571.214632539		649.84030664		
1493736518.92		577.29177882		571.385520063		650.964031008		
1493770162.16		577.525454726		571.576757889		652.091103241		
1493803805.41		577.76725763		571.779088349		653.221562941		
1493837448.65		578.009977289		571.970479327		654.355450228		
1493871091.89		578.251221945		572.139164935		655.492802359		
1493904735.14		578.477391536		572.315949746		656.633657269		
1493938378.38		578.685994779		572.493567488		657.778052787		
1493972021.62		578.898698554		572.67490891		658.926024281		
1494005664.86		579.111475376		572.858306307		660.07760824		
1494039308.11		579.335678166		573.033501855		661.232840569		
1494072951.35		579.567321704		573.210441962		662.397785018		
1494106594.59		579.78095104		573.381813806		663.567664581		
1494140237.84		580.030940767		573.565399793		664.738779814		
1494173881.08		580.274701593		573.748121953		665.9076345		
1494207524.32		580.512951466		573.926238753		667.079109817		
1494241167.57		580.7406171		574.107248376		668.251170729		
1494274810.81		581.030138476		574.284583035		669.426359337		
1494308454.05		581.281328841		574.468075753		670.605947541		
1494342097.3		581.524027695		574.651641217		671.727357299		
1494375740.54		581.765495791		574.848267193		672.920419209		
1494409383.78		582.003797163		575.043851507		674.117399755		
1494443027.03		582.242255076		575.24225305		675.318332975		
1494476670.27		582.476383356		575.417476285		676.523252079		
1494510313.51		582.706818089		575.592530144		677.73393838		
1494543956.76		582.95858698		575.771198884		678.953289596		
1494577600.0		583.195654272		575.972786943		680.176823184		
1494611243.24		583.425408726		576.150419477		681.397709967		
1494644886.49		583.666844606		576.3551248		682.620232999		
1494678529.73		583.907867025		576.560233587		683.844853409		
1494712172.97		584.137115978		576.765467483		685.074872814		
1494745816.22		584.356309633		576.970827529		686.30211897		
1494779459.46		584.596025354		577.176266137		687.538930045		
1494813102.7		584.81227585		577.355071099		688.780082349		
1494846745.95		585.028664915		577.523388667		690.02567632		
1494880389.19		585.245193699		577.688282108		691.276594464		
1494914032.43		585.461863319		577.867057604		692.529872002		
1494947675.68		585.693612891		578.04432015		693.788674961		
1494981318.92		585.93588466		578.214453863		695.054444616		
1495014962.16		586.183000984		578.386530104		696.325954408		
1495048605.41		586.437236873		578.561578169		697.600987582		
1495082248.65		586.691682936		578.744861087		698.879490615		
1495115891.89		586.942379584		578.930534033		700.162602631		
1495149535.14		587.18088568		579.10778597		701.449800493		
1495183178.38		587.419572712		579.280342579		702.741555072		
1495216821.62		587.658441496		579.454692687		704.037994822		
1495250464.86		587.902807323		579.629136012		705.338917384		
1495284108.11		588.153170099		579.80608573		706.644247995		
1495317751.35		588.403736866		579.990227437		707.954347804		
1495351394.59		588.654508284		580.172951807		709.26924609		
1495385037.84		588.901639686		580.360967783		710.588972658		
1495418681.08		589.134554944		580.537255149		711.895860687		
1495452324.32		589.386248206		580.712248372		713.224957939		
1495485967.57		589.634640244		580.888410507		714.558975311		
1495519610.81		589.86334718		581.064669962		715.898971568		
1495553254.05		590.088953554		581.241027253		717.245102771		
1495586897.3		590.314722135		581.419654483		718.596255199		
1495620540.54		590.577885794		581.596085011		719.952459267		
1495654183.78		590.839176003		581.772614354		721.303909842		
1495687827.03		591.078577284		581.954575758		722.601188648		
1495721470.27		591.328395027		582.146869171		723.929512171		
1495755113.51		591.578418619		582.34030577		725.309171527		
1495788756.76		591.828648586		582.533865377		726.694045213		
1495822400.0		592.081255999		582.727548356		728.084165235		
1495856043.24		592.337734278		582.921355079		729.432704162		
1495889686.49		592.593871747		583.115285907		730.732818728		
1495923329.73		592.845978251		583.309341173		732.145455402		
1495956972.97		593.093826046		583.48851369		733.44887105		
1495990616.22		593.328770011		583.667117933		734.85869338		
1496024259.46		593.566227379		583.848969242		736.276525892		
1496057902.7		593.808110573		584.032200884		737.588520082		
1496091545.95		594.044601242		584.218475957		738.803942144		
1496125189.19		594.281277222		584.378194024		740.235776607		
1496158832.43		594.5181389		584.552497186		741.673143799		
1496192475.68		594.755186643		584.738331067		743.116077141		
1496226118.92		594.992420802		584.927293804		744.567956332		
1496259762.16		595.229841745		585.119438194		746.033731075		
1496293405.41		595.474491805		585.3130983		747.378789449		
1496327048.65		595.72793746		585.516695999		748.849790331		
1496360691.89		595.981596605		585.705866205		750.323683431		
1496394335.14		596.235469624		585.894153462		751.797519268		
1496427978.38		596.486155428		586.091145868		753.226166039		
1496461621.62		596.729931491		586.288268183		754.722411117		
1496495264.86		596.9739042		586.485520654		756.224595812		
1496528908.11		597.218073919		586.678931588		757.675851271		
1496562551.35		597.462441014		586.862053434		759.180862702		
1496596194.59		597.707417256		587.04528775		760.690426143		
1496629837.84		597.958903175		587.232472234		762.20598664		
1496663481.08		598.210598789		587.434600638		763.72758088		
1496697124.32		598.462504453		587.638034431		765.255245733		
1496730767.57		598.714620524		587.827334506		766.750943235		
1496764410.81		598.966947355		588.01838881		768.288660046		
1496798054.05		599.219485291		588.216312878		769.715524647		
1496831697.3		599.47223468		588.415692668		770.983222274		
1496865340.54		599.717745216		588.614148676		772.524044472		
1496898983.78		599.970456673		588.79140363		774.093284795		
1496932627.03		600.224016353		588.968223315		775.668902874		
1496966270.27		600.483358774		589.144224804		777.120015623		
1496999913.51		600.743202868		589.31547881		778.622223425		
1497033556.76		601.001865791		589.486831294		780.113669309		
1497067200.0		601.245076901		589.668381488		781.710072331		
