1463457600.0		5.02379447212		3.18036774357		14.8706907508		
1463491243.24		2.9917407226		2.89898534058		3.16117672443		
1463524886.49		2.98961992132		2.95344590026		3.03218739348		
1463558529.73		3.11979787366		3.08416576076		3.15390287932		
1463592172.97		3.23496328794		3.19870252719		3.26948082397		
1463625816.22		3.38999540625		3.3518574699		3.42642617009		
1463659459.46		3.55211082751		3.51215182318		3.59020093508		
1463693102.7		3.68718197611		3.64549075261		3.7267135698		
1463726745.95		3.86458690174		3.82112703338		3.90596835237		
1463760389.19		4.01097707013		3.96600379954		4.05384016614		
1463794032.43		4.20248861124		4.15536508128		4.24727709562		
1463827675.68		4.40211261723		4.35278835393		4.44914030497		
1463861318.92		4.57779111944		4.52635018281		4.62691190674		
1463894962.16		4.79501000224		4.74096904777		4.84638183325		
1463928605.41		5.0222252504		4.96566995294		5.07631506946		
1463962248.65		5.22157879672		5.16304864801		5.27801060388		
1463995891.89		5.46848533443		5.40749234235		5.52788284652		
1464029535.14		5.66944737584		5.60700527815		5.7309725268		
1464063178.38		5.84967191465		5.78511627431		5.91239336076		
1464096821.62		6.01690045332		5.95041851925		6.08091117911		
1464130464.86		6.21773140382		6.14876688803		6.28312318676		
1464164108.11		6.54180927039		6.46928246291		6.610626155		
1464197751.35		6.82025957173		6.74486182555		6.89188145445		
1464231394.59		7.08445954555		7.0059224736		7.15856308772		
1464265037.84		7.35832337297		7.27717949636		7.43510935364		
1464298681.08		7.61577393677		7.53232758512		7.6950801159		
1464332324.32		7.9343031136		7.84730329173		8.01667951779		
1464365967.57		8.21867513405		8.12884747764		8.30394999518		
1464399610.81		8.56086524969		8.46755580644		8.64953249666		
1464433254.05		8.91702082895		8.81982385945		9.00923864208		
1464466897.3		9.23329685849		9.13244745334		9.32776349415		
1464500540.54		9.61549539065		9.51021102757		9.71261938971		
1464534183.78		9.97346636867		9.86428961648		10.073430262		
1464567827.03		10.3656261799		10.2527899139		10.46943048		
1464601470.27		10.7924412886		10.675279722		10.9001597808		
1464635113.51		11.1493329421		11.0285866693		11.2605073661		
1464668756.76		11.6070695732		11.4814685838		11.7223632629		
1464702400.0		12.041858576		11.9116518562		12.1609755175		
1464736043.24		12.5031255729		12.3685646748		12.6262241089		
1464769686.49		13.0100306186		12.8708821528		13.1384216283		
1464803329.73		13.4333795625		13.2904960509		13.5665112136		
1464836972.97		13.9741893029		13.8263333932		14.1131644913		
1464870616.22		14.5355364026		14.3820281627		14.6801857652		
1464904259.46		15.0328186235		14.8743215225		15.1812178135		
1464937902.7		15.6328868888		15.4684974957		15.7859744899		
1464971545.95		16.1153927207		15.9467585132		16.2722414266		
1465005189.19		16.7390592454		16.5644934388		16.9000658328		
1465038832.43		17.4001649315		17.2189025749		17.5660693411		
1465072475.68		18.0151182713		17.8278924275		18.1875778499		
1465106118.92		19.0428481247		18.8459588364		19.2247752126		
1465139762.16		20.1253768924		19.9179869		20.3176384003		
1465173405.41		21.2613617782		21.0437456853		21.4640333321		
1465207048.65		22.4497781031		22.221134104		22.6663688581		
1465240691.89		23.6929674243		23.4538467626		23.9208279476		
1465274335.14		24.8998654257		24.6502764401		25.138900498		
1465307978.38		26.2957751325		26.0326521278		26.5470462625		
1465341621.62		27.760226441		27.4842421404		28.0225319867		
1465375264.86		29.2920230767		29.0036240901		29.5643324928		
1465408908.11		30.8897788347		30.587086696		31.1765496883		
1465442551.35		32.5552594051		32.2354594135		32.8555077054		
1465476194.59		34.2920474551		33.9542288919		34.6044667799		
1465509837.84		36.1006169655		35.7471847179		36.427295235		
1465543481.08		37.9854638249		37.6154640627		38.3292487231		
1465577124.32		39.9465784697		39.5638912746		40.3100311167		
1465610767.57		41.9855905349		41.58733575		42.3680278541		
1465644410.81		44.1026775276		43.6885389707		44.5063976519		
1465678054.05		46.3022117292		45.8695979158		46.720178239		
1465711697.3		48.5916549918		48.1425888119		49.0262212629		
1465745340.54		50.9652436205		50.50409857		51.4158338737		
1465778983.78		53.4262626882		52.9452010825		53.8956579087		
1465812627.03		55.9704710419		55.4754816712		56.4572057875		
1465846270.27		58.6131480405		58.0997641815		59.1177028584		
1465879913.51		61.2748595542		60.7459124147		61.8001175981		
1465913556.76		64.010766655		63.4629002331		64.5550508672		
1465947200.0		46.2122606815		44.3231237538		48.2255659934		
1465980843.24		34.6195806394		33.7135931755		35.6300032762		
1466014486.49		34.8410314025		33.9407714964		35.763259012		
1466048129.73		35.4840859023		34.5602691673		36.4184051491		
1466081772.97		36.171251706		35.2300870421		37.1169774748		
1466115416.22		36.868750185		35.9156179861		37.8265334171		
1466149059.46		37.5691603828		36.6066215052		38.5407734872		
1466182702.7		38.2776987442		37.3074448199		39.2603355746		
1466216345.95		38.9936411747		38.0145129021		39.9885395909		
1466249989.19		39.7199353551		38.7318898472		40.725051026		
1466283632.43		40.449681552		39.4531715977		41.4656401428		
1466317275.68		41.1862343739		40.1834941141		42.211614942		
1466350918.92		41.9274017971		40.9143005149		42.9615671301		
1466384562.16		42.6687870657		41.6436156155		43.7158935257		
1466418205.41		43.4213302331		42.3821832993		44.4725606643		
1466451848.65		44.1811973526		43.1328775002		45.2417444252		
1466485491.89		44.9430276455		43.8870585129		46.0117559191		
1466519135.14		45.7137212391		44.6567659213		46.7942503983		
1466552778.38		47.2814230899		46.2057992342		48.394079399		
1466586421.62		49.5122938984		48.4024304415		50.6715536253		
1466620064.86		51.8335906072		50.6848612264		53.0345823821		
1466653708.11		54.2393373952		53.0450324932		55.4704588684		
1466687351.35		56.7260149313		55.4947961444		57.9993411655		
1466720994.59		59.2995892919		58.0293919336		60.6114249209		
1466754637.84		61.9472146518		60.6368847876		63.3026469943		
1466788281.08		64.6854699399		63.3334143771		66.090196672		
1466821924.32		67.5061577901		66.111401996		68.9543715738		
1466855567.57		70.4069953867		68.9630372393		71.900197909		
1466889210.81		73.3873041981		71.8784044468		74.9197986899		
1466922854.05		76.4481605684		74.8934809488		77.99785509		
1466956497.3		79.6015487601		77.9853101073		81.1941989492		
1466990140.54		82.8164523908		81.1638112092		84.4577547571		
1467023783.78		86.1021011581		84.398403712		87.7885846266		
1467057427.03		89.459358666		87.7130707928		91.1809429539		
1467091070.27		92.8974182891		91.0922396188		94.6388969818		
1467124713.51		96.3773700776		94.5470456432		98.1704180957		
1467158356.76		99.9114511404		98.0512555858		101.746432367		
1467192000.0		103.521335181		101.617618034		105.384107506		
1467225643.24		107.212836742		105.268826145		109.081742024		
1467259286.49		110.94942134		108.960628881		112.83514103		
1467292929.73		107.303355203		105.423522866		109.116713937		
1467326572.97		110.844342748		108.949499736		112.694770089		
1467360216.22		122.251790607		120.193386383		124.248081938		
1467393859.46		126.115565381		124.061315816		128.099094153		
1467427502.7		130.019174594		127.954005055		132.025934518		
1467461145.95		133.864761714		131.847942144		135.885502991		
1467494789.19		137.746458223		135.707793487		139.807109632		
1467528432.43		141.612945679		139.553568137		143.714308201		
1467562075.68		145.497903643		143.443834256		147.636502038		
1467595718.92		149.376166586		147.342883068		151.506266172		
1467629362.16		153.283506446		151.21560782		155.373884528		
1467663005.41		157.139690445		155.086463045		159.251351852		
1467696648.65		160.988857294		158.930442393		163.146589697		
1467730291.89		164.800202969		162.731168211		166.981853867		
1467763935.14		168.587195499		166.514223547		170.742941969		
1467797578.38		172.27235263		170.173093302		174.466255498		
1467831221.62		175.926882494		173.861277967		178.180067166		
1467864864.86		179.574865072		177.55987397		181.838648879		
1467898508.11		183.156914793		181.133351673		185.380256359		
1467932151.35		187.077453837		185.036977583		189.289664622		
1467965794.59		190.237081453		188.241612799		192.400561938		
1467999437.84		193.610028922		191.622623055		195.776867473		
1468033081.08		196.951261034		194.901720371		199.129107345		
1468066724.32		200.235414693		198.156366238		202.397862478		
1468100367.57		203.436591934		201.329501494		205.560566552		
1468134010.81		206.547022773		204.420618151		208.651008121		
1468167654.05		209.580395408		207.486411302		211.664913509		
1468201297.3		212.553438867		210.437560904		214.644539843		
1468234940.54		215.429558438		213.286242061		217.569137631		
1468268583.78		218.217077346		216.06513242		220.411178268		
1468302227.03		221.022880053		218.869439993		223.241829803		
1468335870.27		223.720147242		221.571190258		225.907535322		
1468369513.51		226.324064528		224.179885187		228.520710669		
1468403156.76		228.86683506		226.699315797		231.047067854		
1468436800.0		231.300817493		229.149045157		233.490622768		
1468470443.24		250.137740215		247.854152064		252.493789206		
1468504086.49		252.592606457		250.219876021		254.929853104		
1468537729.73		254.879864928		252.517045376		257.27004402		
1468571372.97		257.128647984		254.741160101		259.567654179		
1468605016.22		180.534963077		173.130709676		188.774360234		
1468638659.46		137.189616719		133.011975876		142.124067756		
1468672302.7		137.545783077		134.038350075		141.354901458		
1468705945.95		141.302822512		137.776852757		144.810442049		
1468739589.19		145.44120792		141.94945435		148.893364336		
1468773232.43		149.663576774		146.188782749		153.065747223		
1468806875.68		153.894069591		150.432821907		157.274881296		
1468840518.92		158.123982628		154.685769145		161.467132042		
1468874162.16		162.281214348		158.90596752		165.590089584		
1468907805.41		166.453979172		163.11273475		169.736797113		
1468941448.65		170.665854812		167.284735241		173.872985304		
1468975091.89		172.914242261		169.580554561		176.021588595		
1469008735.14		177.159765979		173.824708957		180.195710354		
1469042378.38		181.293512935		178.006707018		184.275076324		
1469076021.62		185.459640755		182.179890105		188.352049391		
1469109664.86		189.522128683		186.365416273		192.35948426		
1469143308.11		193.550279102		190.484544883		196.356594204		
1469176951.35		197.507583473		194.533140777		200.274307012		
1469210594.59		181.202867173		178.605675677		183.590173587		
1469244237.84		184.531352339		182.042546154		186.834709886		
1469277881.08		187.732665975		185.297876831		189.988606747		
1469311524.32		190.839366116		188.523421002		193.043008398		
1469345167.57		193.910924626		191.630256177		196.058050799		
1469378810.81		196.911776665		194.709022303		198.979451516		
1469412454.05		199.821943509		197.708212454		201.832722731		
1469446097.3		202.711391946		200.644085414		204.67829902		
1469479740.54		205.49337019		203.525605133		207.410302207		
1469513383.78		208.187119302		206.301933283		210.112337006		
1469547027.03		201.672802538		199.961417711		203.502767098		
1469580670.27		204.156937232		202.483104631		205.951289836		
1469614313.51		206.574278338		204.942024904		208.337164178		
1469647956.76		208.915103841		207.326798385		210.650294026		
1469681600.0		211.204464363		209.653294457		212.860086209		
1469715243.24		213.411623011		211.878056261		215.014169879		
1469748886.49		220.612030938		219.030854514		222.255344623		
1469782529.73		222.70365575		221.150077173		224.289657593		
1469816172.97		224.7303961		223.212212079		226.317321374		
1469849816.22		240.729043141		239.053786445		242.369768672		
1469883459.46		242.768187102		241.066165881		244.424371524		
1469917102.7		244.758304658		243.06130062		246.414672019		
1469950745.95		246.702564778		244.976249967		248.36605472		
1469984389.19		248.537165328		246.810555234		250.232262411		
1470018032.43		250.266122187		248.573741328		251.994249903		
1470051675.68		252.012272593		250.309942568		253.761560147		
1470085318.92		238.315647668		236.720056208		239.91799741		
1470118962.16		255.343777177		253.600255468		257.04907447		
1470152605.41		256.81817966		255.043003992		258.539103255		
1470186248.65		240.096112272		238.467802282		241.697930786		
1470219891.89		241.618214083		239.992419415		243.192615064		
1470253535.14		243.067860479		241.440426977		244.616529274		
1470287178.38		244.462759029		242.834511797		246.018791973		
1470320821.62		245.762918021		244.18175126		247.346787234		
1470354464.86		246.566283556		244.976616494		248.173679654		
1470388108.11		248.049709192		246.467768154		249.641357619		
1470421751.35		249.331113833		247.765304063		250.939616541		
1470455394.59		250.528299988		248.962298124		252.118967299		
1470489037.84		251.6845858		250.105146625		253.25602484		
1470522681.08		250.037177011		248.461863898		251.579357061		
1470556324.32		251.126936212		249.541499265		252.662378847		
1470589967.57		252.217361594		250.66174995		253.792413011		
1470623610.81		253.296987081		251.744073042		254.876311357		
1470657254.05		254.371710363		252.826878008		255.950341522		
1470690897.3		255.403659034		253.876875481		256.985159866		
1470724540.54		275.892180347		274.214529389		277.5813286		
1470758183.78		258.40569171		256.84434503		259.992688547		
1470791827.03		277.753683141		276.13079684		279.45146326		
1470825470.27		277.976068728		276.355561595		279.666214234		
1470859113.51		278.058925815		276.430071734		279.75088016		
1470892756.76		278.123261912		276.476907354		279.801175652		
1470926400.0		278.168637843		276.50651244		279.833205613		
1470960043.24		278.379784092		276.730966443		280.016116754		
1470993686.49		278.692909108		277.108812959		280.271205114		
1471027329.73		278.912544508		277.395685657		280.495571226		
1471060972.97		279.237349803		277.712408726		280.772886097		
1471094616.22		279.511331504		278.047400795		280.997606745		
1471128259.46		279.808617475		278.372954185		281.296847494		
1471161902.7		280.096468897		278.655874847		281.578556974		
1471195545.95		280.402994631		278.93148747		281.8162853		
1471229189.19		280.709963646		279.184735734		282.107674079		
1471262832.43		280.969479776		279.421210359		282.351347924		
1471296475.68		281.243534103		279.695628442		282.622522377		
1471330118.92		281.571224803		279.999498564		282.968112613		
1471363762.16		281.786838642		280.232927867		283.186550773		
1471397405.41		282.063033872		280.490595895		283.469411821		
1471431048.65		282.261993674		280.676873512		283.700483778		
1471464691.89		282.565075126		280.959961679		284.021294148		
1471498335.14		282.87242457		281.2790097		284.352427583		
1471531978.38		283.128173556		281.507707186		284.625586246		
1471565621.62		283.447669674		281.800448246		284.937146942		
1471599264.86		283.717954716		282.085160968		285.256213114		
1471632908.11		283.974301434		282.339504251		285.537741703		
1471666551.35		284.235728144		282.588322748		285.817619492		
1471700194.59		284.485228202		282.818913761		286.0787248		
1471733837.84		284.713910581		283.041842191		286.339040225		
1471767481.08		284.960053241		283.292170843		286.616337996		
1471801124.32		285.195843206		283.535271549		286.887130936		
1471834767.57		285.504188277		283.84261277		287.232473157		
1471868410.81		285.635485231		283.972524939		287.403535016		
1471902054.05		285.031850542		283.445461604		286.611235367		
1471935697.3		276.559941496		275.106757541		278.032981367		
1471969340.54		268.850269697		267.429325813		270.354513526		
1472002983.78		261.683851305		260.171024337		263.187532098		
1472036627.03		254.916069466		253.294528883		256.541598131		
1472070270.27		240.01227266		238.288086769		241.731985922		
1472103913.51		242.685262517		240.806866604		244.476987759		
1472137556.76		218.376269719		216.676614994		220.067694916		
1472171200.0		231.879082597		230.046374498		233.633669705		
1472204843.24		226.889872894		225.03324884		228.608681554		
1472238486.49		222.146616627		220.287146866		223.799931909		
1472272129.73		217.594574429		215.800450366		219.209190451		
1472305772.97		213.255142735		211.505118085		214.83741611		
1472339416.22		209.097714129		207.405592351		210.652407981		
1472373059.46		205.114332379		203.467514622		206.650918547		
1472406702.7		201.288331092		199.676561918		202.7876371		
1472440345.95		197.601756846		196.069710109		199.081507203		
1472473989.19		194.07589304		192.596458725		195.470841141		
1472507632.43		190.669013209		189.204937835		192.022329202		
1472541275.68		187.421872756		185.972319757		188.73513484		
1472574918.92		184.268534524		182.845867754		185.558077677		
1472608562.16		181.239416323		179.875582881		182.486786597		
1472642205.41		178.256898633		177.007624438		179.517821594		
1472675848.65		175.404758149		174.184764521		176.642610925		
1472709491.89		172.669192994		171.466347593		173.904098516		
1472743135.14		169.995898828		168.780964261		171.27168738		
1472776778.38		167.408082386		166.192303367		168.735854791		
1472810421.62		164.832635172		163.642785949		166.191903347		
1472844064.86		162.897579131		161.715779835		164.303491358		
1472877708.11		166.926404042		165.731557777		168.325967295		
1472911351.35		170.783136474		169.597791342		172.209508267		
1472944994.59		174.633049097		173.455199853		176.065957666		
1472978637.84		178.501382069		177.310811701		179.934453907		
1473012281.08		182.352576073		181.104553742		183.805741		
1473045924.32		186.147772103		184.899541475		187.619865384		
1473079567.57		189.923641201		188.666271796		191.388611959		
1473113210.81		193.930053764		192.705258064		195.383894055		
1473146854.05		197.579765963		196.366093663		199.025578367		
1473180497.3		201.324931243		200.11045422		202.773893853		
1473214140.54		205.009248211		203.803489895		206.443631737		
1473247783.78		208.670474114		207.473263111		210.070753663		
1473281427.03		212.26368687		211.047118159		213.66834993		
1473315070.27		215.801254452		214.598246395		217.213958629		
1473348713.51		219.308166186		218.104878653		220.68900255		
1473382356.76		222.602141312		221.388432866		223.963830887		
1473416000.0		226.056229557		224.838172032		227.399703729		
1473449643.24		229.339777468		228.15708694		230.741269245		
1473483286.49		232.592418478		231.40493386		234.050474993		
1473516929.73		235.813171712		234.624703165		237.356190256		
1473550572.97		238.965584885		237.780189116		240.535245554		
1473584216.22		242.026923809		240.852593197		243.63692302		
1473617859.46		245.034373023		243.87067204		246.686186358		
1473651502.7		247.977435766		246.837268624		249.650635325		
1473685145.95		250.89656844		249.765515845		252.617836085		
1473718789.19		253.756356999		252.647319059		255.550327187		
1473752432.43		256.559857202		255.464493307		258.367739145		
1473786075.68		259.324937798		258.210168108		261.128074666		
1473819718.92		262.496570658		261.37564144		264.305138775		
1473853362.16		265.396174206		264.268660793		267.112853345		
1473887005.41		268.162866067		267.013041228		269.829539074		
1473920648.65		270.377433097		269.201559146		272.04759881		
1473954291.89		272.804924206		271.619776431		274.577671803		
1473987935.14		275.19440449		274.037339246		277.136813517		
1474021578.38		277.529420569		276.38321908		279.551782859		
1474055221.62		279.800482449		278.655402981		281.931657721		
1474088864.86		273.247306975		272.135538364		275.419818212		
1474122508.11		275.363643988		274.25061192		277.57778556		
1474156151.35		277.423429983		276.331447536		279.751388664		
1474189794.59		279.467307194		278.402394217		281.875266822		
1474223437.84		281.424385141		280.38803723		283.957551318		
1474257081.08		283.329341413		282.311440542		285.954495931		
1474290724.32		285.203920219		284.202188353		287.882298572		
1474324367.57		287.01657062		286.034675487		289.810331219		
1474358010.81		288.790201023		287.828528727		291.690158713		
1474391654.05		288.552389902		287.606966356		291.537740772		
1474425297.3		290.277191702		289.340174723		293.347135273		
1474458940.54		291.973687843		291.045249175		295.142714184		
1474492583.78		293.629748968		292.709683465		296.890717027		
1474526227.03		294.105864662		293.202255904		297.467062695		
1474559870.27		296.031403023		295.138217442		299.495509522		
1474593513.51		297.94402371		297.064218325		301.528953258		
1474627156.76		299.732845501		298.860797367		303.419365234		
1474660800.0		296.818501402		295.964115167		300.540405347		
1474694443.24		298.418130777		297.575325541		302.22867901		
1474728086.49		299.901854278		299.062161443		303.794501631		
1474761729.73		301.335083802		300.50610135		305.306833321		
1474795372.97		302.728947025		301.902948728		306.764514005		
1474829016.22		304.074552786		303.2570823		308.164141783		
1474862659.46		305.378938073		304.562747185		309.504256078		
1474896302.7		306.639344237		305.830875101		310.856142172		
1474929945.95		307.84872752		307.050822636		312.15427131		
1474963589.19		309.028660819		308.237220392		313.397862132		
1474997232.43		310.19510943		309.418988974		314.630955925		
1475030875.68		311.334768219		310.560392099		315.822958137		
1475064518.92		312.450105535		311.67129146		316.96984844		
1475098162.16		313.661990363		312.884004381		318.249645548		
1475131805.41		314.875479379		314.103102845		319.540819504		
1475165448.65		316.064556794		315.29844744		320.796060944		
1475199091.89		311.000564196		310.298709494		315.221665894		
1475232735.14		301.548953625		300.900841104		304.443366542		
1475266378.38		292.508380733		291.770762483		294.255228575		
1475300021.62		274.467521688		273.646634177		275.489980883		
1475333664.86		275.790969052		274.906779505		276.69719369		
1475367308.11		270.366955307		269.334937989		271.373651924		
1475400951.35		267.869055784		266.637648304		269.005170093		
1475434594.59		265.778176227		264.39429626		267.068177598		
1475468237.84		263.785590437		262.214444834		265.22807725		
1475501881.08		261.886008078		260.092902925		263.494233906		
1475535524.32		257.064226743		255.08860301		258.810749095		
1475569167.57		255.397914716		253.158418421		257.285934134		
1475602810.81		254.009864876		251.550058451		256.043382982		
1475636454.05		252.368820889		249.713147389		254.583474976		
1475670097.3		252.068131193		249.160930683		254.397374083		
1475703740.54		255.766155766		252.847191746		258.096826633		
1475737383.78		261.450805447		258.627410223		263.747640069		
1475771027.03		267.209328307		264.518414328		269.486065446		
1475804670.27		272.909511952		270.271317152		275.108913535		
1475838313.51		278.506628867		275.991456733		280.649757416		
1475871956.76		283.893475375		281.479359838		285.996548011		
1475905600.0		288.61851919		286.279496791		290.652213374		
1475939243.24		293.243204949		290.990268146		295.218253504		
1475972886.49		297.860075482		295.649610708		299.724210674		
1476006529.73		302.344424283		300.218617522		304.13978429		
1476040172.97		306.669827733		304.675961645		308.429171798		
1476073816.22		310.903896392		308.994860277		312.608724846		
1476107459.46		315.066815404		313.265358709		316.704825333		
1476141102.7		319.135504892		317.396630035		320.695543174		
1476174745.95		323.163857208		321.495549237		324.647405917		
1476208389.19		327.017483798		325.449338856		328.45730766		
1476242032.43		330.791140526		329.319286942		332.207693641		
1476275675.68		334.505241893		333.043988874		335.827786213		
1476309318.92		338.046073236		336.631521315		339.310830305		
1476342962.16		340.792713784		339.446732057		342.000645868		
1476376605.41		343.569201044		342.264116332		344.751261338		
1476410248.65		346.583414979		345.334346435		347.766148841		
1476443891.89		349.500307421		348.319288483		350.643262646		
1476477535.14		352.227997948		351.08731782		353.353631672		
1476511178.38		355.27606855		354.173172814		356.409102603		
1476544821.62		358.267078541		357.178816308		359.375118279		
1476578464.86		361.143720688		360.081161647		362.292560856		
1476612108.11		363.946275614		362.883432995		365.10496095		
1476645751.35		366.64956935		365.606055336		367.833731772		
1476679394.59		369.28884444		368.220396564		370.452355483		
1476713037.84		371.80583401		370.773455453		373.048258599		
1476746681.08		374.227121444		373.229323859		375.575917058		
1476780324.32		376.569300161		375.596048939		378.031878618		
1476813967.57		378.817527679		377.885873383		380.426228802		
1476847610.81		381.030537476		380.109686656		382.718858743		
1476881254.05		383.152532051		382.250582718		384.948571428		
1476914897.3		385.19515437		384.303314524		387.102344494		
1476948540.54		387.131301752		386.243139872		389.179083948		
1476982183.78		388.927383054		388.080337652		391.127035206		
1477015827.03		390.430901024		389.607444418		392.758338658		
1477049470.27		391.863862097		391.069008706		394.301087511		
1477083113.51		393.252253308		392.476451863		395.850429328		
1477116756.76		394.61426064		393.851928639		397.361596652		
1477150400.0		395.92391418		395.181323511		398.823161728		
1477184043.24		397.204541665		396.477746797		400.215536544		
1477217686.49		398.453411937		397.734399584		401.531485744		
1477251329.73		399.661534946		398.970124721		402.860232946		
1477284972.97		400.841558335		400.169440254		404.146202428		
1477318616.22		401.975860002		401.317959027		405.38702304		
1477352259.46		403.091449978		402.44088974		406.588007951		
1477385902.7		404.168129938		403.538599868		407.764153774		
1477419545.95		405.204945235		404.574083402		408.886144721		
1477453189.19		406.225409902		405.591113917		409.969769728		
1477486832.43		407.224080977		406.586796011		411.006020524		
1477520475.68		408.198074955		407.579980479		412.025458832		
1477554118.92		409.132389338		408.520376617		412.990904245		
1477587762.16		409.950105752		409.33447531		413.745098666		
1477621405.41		410.940538305		410.327422996		414.809960387		
1477655048.65		411.836513823		411.216765763		415.737908588		
1477688691.89		412.642253842		412.029267917		416.585565174		
1477722335.14		413.467751488		412.851320391		417.480270741		
1477755978.38		414.269696863		413.665624224		418.36240018		
1477789621.62		415.076945276		414.468332025		419.231537197		
1477823264.86		415.857247694		415.245952421		420.067227879		
1477856908.11		416.607414523		415.998316133		420.853570465		
1477890551.35		417.346201263		416.752335509		421.638005117		
1477924194.59		418.063770998		417.461498677		422.375577273		
1477957837.84		418.789442187		418.19025242		423.121322563		
1477991481.08		419.499365576		418.903054554		423.870960707		
1478025124.32		420.191321283		419.598490854		424.593317271		
1478058767.57		420.881739333		420.287207201		425.307295342		
1478092410.81		421.53910471		420.944538111		425.977869793		
1478126054.05		422.212278568		421.611002401		426.672064366		
1478159697.3		422.838325742		422.237676707		427.306562315		
1478193340.54		423.522297473		422.921529132		428.008594951		
1478226983.78		424.165253451		423.560084922		428.64759822		
1478260627.03		424.796172068		424.187087713		429.280945235		
1478294270.27		425.434187661		424.826032391		429.920103392		
1478327913.51		426.065981066		425.458033403		430.553123964		
1478361556.76		426.668574998		426.057132375		431.152085234		
1478395200.0		427.290246965		426.677987448		431.769009048		
1478428843.24		427.884803164		427.272782423		432.358025797		
1478462486.49		428.468147395		427.855894819		432.93044836		
1478496129.73		429.050774858		428.438244897		433.498723709		
1478529772.97		429.640491868		429.022901416		434.074643861		
1478563416.22		430.231473453		429.611155225		434.65258643		
1478597059.46		430.810103181		430.18852848		435.21491479		
1478630702.7		431.386146025		430.762532849		435.779974289		
1478664345.95		431.966578713		431.343965285		436.35992108		
1478697989.19		432.524751332		431.898994668		436.9050073		
1478731632.43		433.086687988		432.459061278		437.451696173		
1478765275.68		433.654107568		433.02727905		438.015747607		
1478798918.92		434.200162023		433.57182293		438.548511538		
1478832562.16		434.765701332		434.135469103		439.110302242		
1478866205.41		435.314395947		434.683475064		439.646346854		
1478899848.65		435.866042182		435.234249118		440.179702317		
1478933491.89		436.417497194		435.787628774		440.71670637		
1478967135.14		436.973993512		436.345820249		441.255934581		
1479000778.38		437.505452954		436.878107323		441.769674882		
1479034421.62		438.067128267		437.438746808		442.314578161		
1479068064.86		438.605417732		437.977107946		442.833693112		
1479101708.11		439.139878294		438.513337154		443.345968213		
1479135351.35		439.691041133		439.064629249		443.877378027		
1479168994.59		440.228644644		439.600716882		444.387754672		
1479202637.84		440.763377487		440.135015763		444.892947326		
1479236281.08		441.297694849		440.671508211		445.404117264		
1479269924.32		441.82198497		441.19661391		445.897471299		
1479303567.57		442.350339798		441.725673167		446.3931372		
1479337210.81		442.878085413		442.257724921		446.894346522		
1479370854.05		443.407561231		442.786724697		447.394984057		
1479404497.3		443.937441454		443.316800174		447.892600429		
1479438140.54		444.478622882		443.859164695		448.405202011		
1479471783.78		445.001727468		444.384177994		448.890889087		
1479505427.03		445.543761491		444.927804698		449.406349501		
1479539070.27		446.07156928		445.457667412		449.900225244		
1479572713.51		446.602625475		445.991764071		450.395717848		
1479606356.76		447.1407137		446.527257456		450.898378737		
1479640000.0		447.666725762		447.058157356		451.389769256		
1479673643.24		448.182853022		447.577108123		451.864224043		
1479707286.49		448.707092123		448.104322154		452.353232305		
1479740929.73		449.236871846		448.634457932		452.842407505		
1479774572.97		425.534543436		423.868798403		427.677897015		
1479808216.22		367.090081124		365.356020711		368.931900803		
1479841859.46		367.585327204		366.324846279		368.968595078		
1479875502.7		381.489638515		380.31121064		382.8956813		
1479909145.95		384.862355445		383.73247228		386.198648185		
1479942789.19		388.165949991		387.083601291		389.420815831		
1479976432.43		391.37290687		390.321850965		392.553777289		
1480010075.68		394.474856771		393.4471139		395.58663173		
1480043718.92		397.484590857		396.494700598		398.568318255		
1480077362.16		400.401263775		399.458250883		401.437110583		
1480111005.41		403.213023647		402.314921726		404.237125767		
1480144648.65		405.869602469		404.98859326		406.83957906		
1480178291.89		405.045681012		404.182400664		405.930135286		
1480211935.14		404.227218222		403.409155751		405.035464297		
1480245578.38		403.44335028		402.675073699		404.167240039		
1480279221.62		402.730754061		401.978278805		403.380972959		
1480312864.86		402.059885523		401.335438311		402.674659037		
1480346508.11		401.431339992		400.751576361		402.015289759		
1480380151.35		400.851752906		400.211263907		401.42161699		
1480413794.59		400.286379873		399.67927274		400.875951091		
1480447437.84		399.790748505		399.202937319		400.382398036		
1480481081.08		399.332661443		398.755426141		399.939025835		
1480514724.32		398.940873674		398.328128399		399.556802937		
1480548367.57		398.567191733		397.93240826		399.165954821		
1480582010.81		398.246353998		397.599238261		398.887966123		
1480615654.05		397.95854436		397.300679767		398.629876252		
1480649297.3		397.692294048		397.021491543		398.388231667		
1480682940.54		397.472959938		396.76766329		398.171734894		
1480716583.78		397.262987269		396.516091376		397.967139165		
1480750227.03		397.105173594		396.318253728		397.813528287		
1480783870.27		396.945104832		396.136401255		397.684090997		
1480817513.51		396.820663426		395.994522129		397.600147018		
1480851156.76		396.723994904		395.870704387		397.501996621		
1480884800.0		396.651671853		395.770547736		397.459601035		
1480918443.24		396.619227601		395.723454391		397.445758382		
1480952086.49		399.384733571		398.52467319		400.186742		
1480985729.73		402.756370966		401.924864288		403.521386542		
1481019372.97		406.048694353		405.24701869		406.761019434		
1481053016.22		409.230206853		408.465734244		409.914587536		
1481086659.46		412.280851478		411.560941217		412.96074692		
1481120302.7		415.261833665		414.574219876		415.928485808		
1481153945.95		418.174849808		417.517241582		418.800822153		
1481187589.19		420.994745896		420.371161758		421.592529648		
1481221232.43		423.780673767		423.166419059		424.350084073		
1481254875.68		426.411898676		425.811272246		426.958821094		
1481288518.92		428.943235095		428.371689614		429.467070886		
1481322162.16		431.382880665		430.827398491		431.893535604		
1481355805.41		433.753062737		433.2165398		434.24819194		
1481389448.65		436.036602422		435.519093444		436.515433924		
1481423091.89		438.253139348		437.761299891		438.720211101		
1481456735.14		440.426537572		439.954060026		440.882986911		
1481490378.38		442.543326224		442.081721942		442.986766411		
1481524021.62		444.574248506		444.12363016		445.008170525		
1481557664.86		446.48202184		446.047171291		446.902485092		
1481591308.11		448.156549508		447.737583279		448.565772528		
1481624951.35		449.691794465		449.291221735		450.096142534		
1481658594.59		451.196150396		450.802345182		451.58781243		
1481692237.84		452.662835003		452.286095828		453.047357769		
1481725881.08		454.093140639		453.730951194		454.462314852		
1481759524.32		455.545554868		455.198557518		455.901119595		
1481793167.57		456.976400892		456.628817454		457.331591008		
1481826810.81		458.276939617		457.930888284		458.622617751		
1481860454.05		459.577972943		459.22702636		459.903924816		
1481894097.3		460.858951231		460.510551243		461.182275157		
1481927740.54		462.091477808		461.756871573		462.415929652		
1481961383.78		463.284469466		462.944967256		463.598599626		
1481995027.03		464.441059645		464.107410493		464.773309394		
1482028670.27		465.55408209		465.213246905		465.889322138		
1482062313.51		466.668923322		466.315417727		467.016232229		
1482095956.76		467.7726772		467.406974394		468.126807807		
1482129600.0		468.853402807		468.483256376		469.212315029		
1482163243.24		469.866101747		469.471779711		470.227655134		
1482196886.49		461.117343556		460.836329135		461.372726045		
1482230529.73		451.680625081		451.472126964		451.901838009		
1482264172.97		442.990664164		442.780182708		443.211627273		
1482297816.22		434.92773868		434.671128804		435.17913954		
1482331459.46		427.303807997		426.96015019		427.615754236		
1482365102.7		422.398996889		422.014144746		422.750473177		
1482398745.95		425.562446369		425.194697378		425.886415627		
1482432389.19		428.729177527		428.379507398		429.030377544		
1482466032.43		431.77097794		431.440360753		432.054353176		
1482499675.68		434.724721362		434.409876471		435.000522248		
1482533318.92		437.570977437		437.278017875		437.845389382		
1482566962.16		440.329915744		440.042083948		440.579483026		
1482600605.41		443.02231044		442.752534861		443.280373516		
1482634248.65		445.621171078		445.345163524		445.885529081		
1482667891.89		448.098050069		447.823394486		448.37092978		
1482701535.14		450.485280637		450.193135445		450.752292828		
1482735178.38		452.793781444		452.48932122		453.061210503		
1482768821.62		455.025705355		454.695524589		455.290518139		
1482802464.86		457.158538135		456.813571232		457.431148022		
1482836108.11		459.238147291		458.85901253		459.513474647		
1482869751.35		461.241181929		460.805776473		461.514931273		
1482903394.59		463.185095491		462.712956849		463.463992391		
1482937037.84		465.106352041		464.597774331		465.381958315		
1482970681.08		464.52083322		463.903276802		464.794854432		
1483004324.32		466.442772713		465.752295157		466.720176159		
1483037967.57		468.310337928		467.556741508		468.593668104		
1483071610.81		470.106642946		469.311508774		470.406061165		
1483105254.05		471.859693954		471.014288844		472.166611367		
1483138897.3		473.520605124		472.614715934		473.830304221		
1483172540.54		475.111067949		474.157385947		475.433130763		
1483206183.78		476.650097783		475.654913061		476.983338643		
1483239827.03		478.151793958		477.117193578		478.501840828		
1483273470.27		479.621930264		478.534706135		479.983318814		
1483307113.51		481.065693287		479.924873311		481.438925739		
1483340756.76		482.477378639		481.286506359		482.85670244		
1483374400.0		483.83915798		482.589688159		484.231111123		
1483408043.24		485.147704269		483.826203137		485.555157905		
1483441686.49		486.416002402		485.023035207		486.832660044		
1483475329.73		487.630099521		486.172337332		488.053339903		
1483508972.97		488.797210009		487.274660885		489.221720782		
1483542616.22		489.963259517		488.38054432		490.391468792		
1483576259.46		491.120122409		489.476470571		491.556475081		
1483609902.7		492.228717988		490.525146474		492.672861026		
1483643545.95		493.286302265		491.526647079		493.738356887		
1483677189.19		494.338772879		492.513914294		494.799197875		
1483710832.43		495.379048868		493.490115244		495.846979025		
1483744475.68		496.426957222		494.470514865		496.890841988		
1483778118.92		497.45527579		495.432824883		497.925299164		
1483811762.16		498.464211075		496.37711452		498.940569383		
1483845405.41		499.452721637		497.309443847		499.929466737		
1483879048.65		500.406176712		498.203443419		500.888719078		
1483912691.89		501.340529284		499.077293815		501.826915475		
1483946335.14		502.259889494		499.931504209		502.753995276		
1483979978.38		503.186442433		500.804572539		503.687976491		
1484013621.62		504.145237277		501.712764197		504.655206605		
1484047264.86		505.092587155		502.606093141		505.611074207		
1484080908.11		505.967340401		503.404966317		506.494037234		
1484114551.35		506.793783991		504.158980231		507.330603524		
1484148194.59		507.593763269		504.889150196		508.137763128		
1484181837.84		508.380709503		505.602307998		508.930004338		
1484215481.08		509.191245342		506.351380213		509.751804339		
1484249124.32		509.969465022		507.062579324		510.534985394		
1484282767.57		510.695725794		507.696732303		511.271376208		
1484316410.81		511.409106249		508.339763356		511.993393082		
1484350054.05		512.093857699		508.940563961		512.681654856		
1484383697.3		512.814967129		509.580976144		513.406063634		
1484417340.54		513.54508754		510.223425927		514.141119671		
1484450983.78		514.278472279		510.880493821		514.881208153		
1484484627.03		515.027557567		511.551537833		515.630335161		
1484518270.27		515.716539642		512.158443526		516.32312386		
1484551913.51		516.385857051		512.743932118		516.997463265		
1484585556.76		517.057300361		513.334757703		517.670566199		
1484619200.0		517.68489092		513.874246394		518.29958928		
1484652843.24		518.34512965		514.449530087		518.965286017		
1484686486.49		519.038421838		515.062252381		519.665196689		
1484720129.73		519.730842003		515.665732356		520.365942891		
1484753772.97		520.377820586		516.229826274		521.018948492		
1484787416.22		412.582531552		409.240684868		413.095077991		
1484821059.46		413.107138374		409.696499943		413.621328419		
1484854702.7		413.622279056		410.138405701		414.138025155		
1484888345.95		414.136799165		410.586888797		414.656270417		
1484921989.19		414.665214979		411.045828154		415.187789474		
1484955632.43		496.007228698		491.59429059		496.638802561		
1484989275.68		496.671142882		492.175203973		497.303223155		
1485022918.92		497.334027069		492.749170083		497.962500401		
1485056562.16		497.965853324		493.291772081		498.598935399		
1485090205.41		498.578993912		493.822403604		499.219934035		
1485123848.65		499.218736405		494.379828754		499.868475637		
1485157491.89		499.821207551		494.893099469		500.481990889		
1485191135.14		500.409651515		495.397075963		501.075239661		
1485224778.38		495.626876641		490.672099871		496.282682204		
1485258421.62		484.272532991		479.549108656		484.904594788		
1485292064.86		473.690536966		469.118976282		474.308948874		
1485325708.11		469.248757809		464.647129427		469.86268373		
1485359351.35		470.914241165		466.157048158		471.535239868		
1485392994.59		472.538924593		467.634188535		473.168415503		
1485426637.84		474.160993825		469.169039725		474.793588023		
1485460281.08		398.214602005		393.950675758		398.747607059		
1485493924.32		399.585184752		395.20556044		400.125934124		
1485527567.57		400.929436633		396.421337268		401.476271176		
1485561210.81		402.23606562		397.592706011		402.789878531		
1485594854.05		403.489823329		398.683255759		404.04898309		
1485628497.3		404.715590431		399.748973276		405.280739163		
1485662140.54		405.916735016		400.828299828		406.491604572		
1485695783.78		407.100831042		401.909591269		407.683190296		
1485729427.03		408.252402966		402.958264825		408.837807194		
1485763070.27		409.375727514		403.97326254		409.968211946		
1485796713.51		410.469200756		404.944748641		411.069388076		
1485830356.76		472.732396163		466.210977584		473.432882046		
1485864000.0		473.906959909		467.21721256		474.618730455		
1485897643.24		475.063482038		468.237865587		475.787255877		
1485931286.49		476.177704907		469.252924833		476.912663161		
1485964929.73		462.306022932		460.309932651		464.9983146		
1485998572.97		455.86448543		453.995019171		462.878110866		
1486032216.22		457.498159376		455.765556526		464.152709298		
1486065859.46		469.182493932		467.480195575		475.241314916		
1486099502.7		471.044075196		469.395249016		476.422901069		
1486133145.95		472.758154689		471.185995586		477.462697119		
1486166789.19		474.418869317		472.914979886		478.461416587		
1486200432.43		476.0402532		474.622050268		479.4732281		
1486234075.68		477.644478423		476.268515955		480.444009542		
1486267718.92		479.228104423		477.909558081		481.55305502		
1486301362.16		480.709326469		479.469489437		482.780465316		
1486335005.41		482.131593279		480.98375443		483.90938568		
1486368648.65		483.469358192		482.436656448		484.994473345		
1486402291.89		484.795159631		483.826663905		486.107840097		
1486435935.14		486.075651591		485.216664607		487.286324854		
1486469578.38		487.358364883		486.590709677		488.4645751		
1486503221.62		488.611396802		487.860195469		489.675372325		
1486536864.86		489.841622489		488.984389468		490.837851931		
1486570508.11		491.065124694		490.118134553		492.038726455		
1486604151.35		492.247049946		491.187600325		493.22246839		
1486637794.59		493.428651453		492.145588446		494.375099673		
1486671437.84		494.562386925		492.954635721		495.490923191		
1486705081.08		495.671736845		493.683999303		496.564654176		
1486738724.32		496.763550535		494.293488026		497.618405811		
1486772367.57		497.817984257		494.976269013		498.649245748		
1486806010.81		498.878766555		495.562010566		499.699654959		
1486839654.05		499.927668777		496.138150756		500.722840687		
1486873297.3		500.972945987		496.718592321		501.757215981		
1486906940.54		502.036851467		497.336497902		502.807029742		
1486940583.78		503.079380117		497.962292893		503.844877788		
1486974227.03		504.059548618		498.540926769		504.812542802		
1487007870.27		505.027405054		499.156206136		505.788932872		
1487041513.51		505.988963439		499.747549443		506.753307867		
1487075156.76		506.929949667		500.332594473		507.688962513		
1487108800.0		507.840220077		500.925358189		508.611334871		
1487142443.24		508.811403842		501.564190334		509.588136864		
1487176086.49		509.751289187		502.156147544		510.530374381		
1487209729.73		510.719666897		502.808616643		511.494615155		
1487243372.97		511.640534144		503.418832465		512.41607231		
1487277016.22		513.457953153		504.695849933		514.249542309		
1487310659.46		514.297668117		505.106492334		515.10268375		
1487344302.7		515.110517873		505.653611224		515.926491714		
1487377945.95		515.936174226		506.227343714		516.749688864		
1487411589.19		516.729396276		506.788719525		517.561767045		
1487445232.43		517.484167194		507.302944989		518.323038031		
1487478875.68		518.277756431		507.859308191		519.135383349		
1487512518.92		519.134556373		508.480066885		520.007914116		
1487546162.16		519.924776762		509.038710802		520.814573868		
1487579805.41		520.734251574		509.628662387		521.649897567		
1487613448.65		521.517999243		510.181472672		522.450673921		
1487647091.89		522.338053258		510.786048702		523.284617141		
1487680735.14		523.168238637		511.402509061		524.12996937		
1487714378.38		523.959692809		511.990765626		524.95182276		
1487748021.62		524.771771299		512.606871587		525.768009527		
1487781664.86		525.577219766		513.203171059		526.556234741		
1487815308.11		526.447164861		513.885331935		527.415209282		
1487848951.35		527.257679675		514.529029344		528.199553567		
1487882594.59		528.024797284		515.173970414		528.933049388		
1487916237.84		528.778000516		515.806306664		529.657032124		
1487949881.08		529.435027382		516.372422814		530.309300568		
1487983524.32		530.091252459		516.970971215		530.948881102		
1488017167.57		530.729521654		517.565416833		531.571488159		
1488050810.81		531.37421542		518.198953738		532.218593375		
1488084454.05		531.983809654		518.824679052		532.829039052		
1488118097.3		532.556394325		519.436606869		533.411070591		
1488151740.54		533.155775784		520.070540964		534.005055706		
1488185383.78		533.735651067		520.707329952		534.575266838		
1488219027.03		534.296130841		521.34991095		535.128749247		
1488252670.27		534.879951588		522.041478561		535.719027099		
1488286313.51		535.414717834		522.692784785		536.260060728		
1488319956.76		535.904584332		523.312581763		536.753277394		
1488353600.0		536.398563344		523.95318716		537.245842932		
1488387243.24		536.867416928		524.596650567		537.716135046		
1488420886.49		537.407256771		525.319314968		538.251433097		
1488454529.73		537.904299286		526.010961017		538.761029629		
1488488172.97		538.419439479		526.727628118		539.267999148		
1488521816.22		538.863636617		527.385226563		539.714247361		
1488555459.46		539.347822981		528.103452322		540.215922683		
1488589102.7		539.789001307		528.790859073		540.667126718		
1488622745.95		540.261302327		529.521281374		541.146484666		
1488656389.19		540.681595279		530.209032362		541.578916782		
1488690032.43		541.05346105		530.852390049		541.959249734		
1488723675.68		541.405795592		531.493420801		542.313649907		
1488757318.92		540.548096462		530.955968567		541.468294535		
1488790962.16		540.583229035		531.25936868		541.509875091		
1488824605.41		541.15146308		532.130825174		542.078782977		
1488858248.65		541.715635336		533.017708555		542.641681743		
1488891891.89		542.317077428		533.938828518		543.241864269		
1488925535.14		542.861837823		534.816742522		543.786321453		
1488959178.38		543.368074415		535.666339414		544.290597446		
1488992821.62		543.878779565		536.535774498		544.807723562		
1489026464.86		544.472475156		537.477467538		545.392734624		
1489060108.11		544.993049091		538.370424917		545.916953745		
1489093751.35		546.556769263		540.075780567		547.499475055		
1489127394.59		546.957205121		540.74147551		547.904894767		
1489161037.84		547.409682173		541.573316727		548.345000788		
1489194681.08		547.841521286		542.40107773		548.769464637		
1489228324.32		548.333453963		543.299161073		549.263017233		
1489261967.57		548.8383815		544.215586303		549.76666072		
1489295610.81		549.293339579		545.060422896		550.212368254		
1489329254.05		549.746883261		545.890095144		550.665418882		
1489362897.3		550.122511706		546.663384769		551.041861699		
1489396540.54		550.473165128		547.298542081		551.392356917		
1489430183.78		550.82304922		548.003593583		551.742361771		
1489463827.03		551.18232129		548.72119989		552.090264491		
1489497470.27		551.499398286		549.445845415		552.41028856		
1489531113.51		551.854605433		550.170120883		552.755220167		
1489564756.76		552.188300541		550.822979575		553.092168713		
1489598400.0		552.571336939		551.439767024		553.462114924		
1489632043.24		552.968861201		552.043702833		553.790674942		
1489665686.49		553.413707757		552.622891967		554.175001795		
1489699329.73		553.769570621		552.98145922		554.499506988		
1489732972.97		554.166262742		553.300910053		554.896827968		
1489766616.22		554.521525471		553.65651134		555.315640748		
1489800259.46		554.922472156		554.040251048		555.939284178		
1489833902.7		555.2449731		554.401425109		556.458649754		
1489867545.95		555.503053296		554.656439976		556.918633472		
1489901189.19		555.753072748		554.912146742		557.581337297		
1489934832.43		555.98029798		555.135688241		558.276173046		
1489968475.68		556.25121092		555.424587415		559.047098183		
1490002118.92		556.523186776		555.696537941		559.814574799		
1490035762.16		556.791214504		555.96550482		560.57965288		
1490069405.41		557.059570637		556.220806153		561.339513853		
1490103048.65		557.386725068		556.51902319		562.138505027		
1490136691.89		557.657901794		556.791189542		562.907959382		
1490170335.14		557.901178282		557.060281718		563.676210826		
1490203978.38		558.116900961		557.269574848		564.399374225		
1490237621.62		558.390608888		557.524594648		565.181394039		
1490271264.86		558.694850165		557.823777661		565.993424953		
1490304908.11		559.018330763		558.138266353		566.834122775		
1490338551.35		559.261981561		558.372542338		567.59311235		
1490372194.59		559.483177863		558.58971305		568.335038763		
1490405837.84		559.811998656		558.913165546		569.179981108		
1490439481.08		560.102259892		559.203511221		570.002578938		
1490473124.32		560.347374422		559.437159126		570.775000191		
1490506767.57		560.619572675		559.706957025		571.576933987		
1490540410.81		560.878020124		559.95706237		572.367140369		
1490574054.05		561.123914881		560.197914223		573.149916491		
1490607697.3		561.370883256		560.430454786		573.933347177		
1490641340.54		561.700330216		560.759620284		574.809198815		
1490674983.78		562.024211224		561.075656147		575.674116507		
1490708627.03		562.370208662		561.409201433		576.563607524		
1490742270.27		562.624306751		561.667823227		577.369690895		
1490775913.51		562.921428004		561.97018619		578.230771509		
1490809556.76		563.325476205		562.359900751		579.189681378		
1490843200.0		563.694777086		562.715678478		580.124498641		
1490876843.24		563.991044337		562.999185731		580.98613724		
1490910486.49		564.257012416		563.271600803		581.823816727		
1490944129.73		564.54118876		563.559125642		582.681714285		
1490977772.97		564.827511529		563.844838349		583.541201365		
1491011416.22		565.110814939		564.122702514		584.405537979		
1491045059.46		565.401706843		564.411991995		585.274406194		
1491078702.7		565.695091974		564.705545779		586.147732671		
1491112345.95		565.987677325		564.994174255		587.025455604		
1491145989.19		566.275770788		565.281418701		587.907524555		
1491179632.43		566.575841975		565.570033387		588.793885867		
1491213275.68		566.881063444		565.859970912		589.684488554		
1491246918.92		567.185843737		566.149281514		590.57929106		
1491280562.16		567.485033052		566.437542679		591.4782472		
1491314205.41		567.791878296		566.724567591		592.38264141		
1491347848.65		568.098634663		567.018841583		593.291363464		
1491381491.89		568.404377045		567.31354027		594.204137161		
1491415135.14		568.723300616		567.614987735		595.120928211		
1491448778.38		569.02377409		567.917212015		596.041709425		
1491482421.62		569.331904959		568.209770601		596.966447291		
1491516064.86		569.644389502		568.518793513		597.895114529		
1491549708.11		569.9485073		568.825903639		598.827689177		
1491583351.35		570.257602528		569.126157741		599.764143779		
1491616994.59		570.574907966		569.431125626		600.704457107		
1491650637.84		570.890588264		569.739689266		601.648611291		
1491684281.08		571.202829217		570.049112212		602.596584775		
1491717924.32		571.517393853		570.358473421		603.548361413		
1491751567.57		571.834371039		570.662564188		604.50392704		
1491785210.81		572.151103762		570.970710803		605.463265254		
1491818854.05		572.467606921		571.279570255		606.425920883		
1491852497.3		572.784962182		571.588283123		607.391840053		
1491886140.54		573.10405177		571.895824894		608.364940259		
1491919783.78		573.431953068		572.21106037		609.345890339		
1491953427.03		573.747961606		572.523546002		610.330405466		
1491987070.27		574.069355763		572.826994826		611.318729747		
1492020713.51		574.39574175		573.133990205		612.310859609		
1492054356.76		574.708380756		573.45577982		613.3067884		
1492088000.0		575.032990049		573.767433211		614.306510035		
1492121643.24		575.366145068		574.078397162		615.310021813		
1492155286.49		575.689417921		574.390269956		616.317319838		
1492188929.73		576.012931826		574.701205604		617.328401362		
1492222572.97		576.335393607		575.01482267		618.343266585		
1492256216.22		576.663679494		575.328395083		619.36191412		
1492289859.46		576.990909568		575.644851301		620.384344164		
1492323502.7		577.314229502		575.955938878		621.410559478		
1492357145.95		577.6432783		576.270170677		622.440560967		
1492390789.19		577.971356095		576.586464467		623.474351428		
1492424432.43		578.306197211		576.906090356		624.511935896		
1492458075.68		578.640887737		577.218884555		625.547609868		
1492491718.92		578.97198802		577.53352701		626.404112431		
1492525362.16		579.302223409		577.856343		627.443119568		
1492559005.41		579.643159319		578.170839866		628.485848659		
1492592648.65		579.97410896		578.482726209		629.532307406		
1492626291.89		580.306100469		578.795110772		630.582504404		
1492659935.14		580.645746514		579.12000512		631.636447433		
1492693578.38		580.979432844		579.444462757		632.69414586		
1492727221.62		581.310858927		579.76707465		633.755609578		
1492760864.86		581.641367534		580.089509062		634.820848059		
1492794508.11		581.988538342		580.410585789		635.889872171		
1492828151.35		582.331328723		580.731760945		636.962693019		
1492861794.59		582.665839436		581.055914137		638.039321601		
1492895437.84		583.002914794		581.389939304		639.11977014		
1492929081.08		583.339891625		581.706859938		640.20405088		
1492962724.32		583.671034287		582.025826308		641.272159485		
1492996367.57		584.010567441		582.342862094		642.369350064		
1493030010.81		584.343923737		582.661009251		643.217114809		
1493063654.05		584.680910405		582.988475517		644.162035541		
1493097297.3		585.020284927		583.309286272		645.269035313		
1493130940.54		585.362623915		583.629561408		646.379977182		
1493164583.78		585.70847477		583.951345906		647.494876057		
1493198227.03		586.056522472		584.275454442		648.613747716		
1493231870.27		586.403487458		584.595636154		649.730628512		
1493265513.51		586.750328905		584.927990269		650.857584839		
1493299156.76		587.095404259		585.255677025		651.988562798		
1493332800.0		587.439048974		585.586498919		653.123578727		
1493366443.24		587.78720562		585.917403248		654.262649633		
1493400086.49		588.136653013		586.249192051		655.405793164		
1493433729.73		588.484767081		586.580434742		656.465045379		
1493467372.97		588.833340709		586.916040447		657.306023945		
1493501016.22		589.180544514		587.24879602		658.079402952		
1493534659.46		589.525550366		587.575224509		658.860036972		
1493568302.7		589.872432743		587.901748906		659.629563254		
1493601945.95		590.22387966		588.234704656		660.388564913		
1493635589.19		590.569845534		588.572679422		661.140937274		
1493669232.43		590.91835803		588.905414187		661.887003264		
1493702875.68		591.266279314		589.234088482		662.627074916		
1493736518.92		591.620188146		589.563750218		663.361478845		
1493770162.16		591.976627587		589.889092821		664.090496249		
1493803805.41		592.335277434		590.215256962		664.814407082		
1493837448.65		592.692941674		590.54267939		665.533495409		
1493871091.89		593.050921016		590.873797428		666.248005945		
1493904735.14		593.409358996		591.220055573		666.958189576		
1493938378.38		593.765760865		591.55712389		667.664293237		
1493972021.62		594.115243573		591.891753901		668.366529797		
1494005664.86		594.459459633		592.225843699		669.065123873		
1494039308.11		594.804214322		592.559640643		669.760290046		
1494072951.35		595.15473582		592.902805808		670.45221342		
1494106594.59		595.511199485		593.24868028		671.141094928		
1494140237.84		595.866111594		593.589514743		671.827120988		
1494173881.08		596.225984401		593.930776556		672.510452524		
1494207524.32		596.582626038		594.272744592		673.191269165		
1494241167.57		596.937066359		594.605281823		673.869732834		
1494274810.81		597.295975481		594.937193933		674.545983423		
1494308454.05		597.656642796		595.278401487		675.220181424		
1494342097.3		598.0121924		595.632438741		675.892466518		
1494375740.54		598.363493412		595.964580353		676.562963207		
1494409383.78		598.721362408		596.309230581		677.231811931		
1494443027.03		599.081689874		596.660987087		677.899133861		
1494476670.27		599.445979063		597.011611478		678.565040626		
1494510313.51		599.807480762		597.349755949		679.229654298		
1494543956.76		600.171217646		597.688293941		679.893080289		
1494577600.0		600.536873138		598.027225683		680.558267945		
1494611243.24		600.900047696		598.366551384		681.271904208		
1494644886.49		601.265000338		598.706271316		681.985016942		
1494678529.73		601.629394721		599.046385761		682.697689573		
1494712172.97		601.991016582		599.386894994		683.41000805		
1494745816.22		602.351971461		599.727799344		684.122046823		
1494779459.46		602.708199336		600.069099138		684.83388082		
1494813102.7		603.063434411		600.411854881		685.54558502		
1494846745.95		603.423711226		600.76425928		686.257224471		
1494880389.19		603.785790986		601.119390706		686.968866479		
1494914032.43		604.150578102		601.465870599		687.680576524		
1494947675.68		604.513098924		601.813690717		688.3924115		
1494981318.92		604.875766439		602.165592308		689.104431898		
1495014962.16		605.238874998		602.518424501		689.816694964		
1495048605.41		605.604264146		602.872891322		690.529250535		
1495082248.65		605.971680862		603.227780634		691.242153004		
1495115891.89		606.339548606		603.580844136		691.955452493		
1495149535.14		606.709425846		603.928565793		692.669192728		
1495183178.38		607.081360528		604.276692765		693.383422653		
1495216821.62		607.456824243		604.625225557		694.098186165		
1495250464.86		607.829041101		604.975260374		694.813521888		
1495284108.11		608.199784907		605.329780072		695.529473716		
1495317751.35		608.576461856		605.679825138		696.246079964		
1495351394.59		608.952892065		606.026559972		696.96337563		
1495385037.84		609.3238554		606.381660911		697.681399324		
1495418681.08		609.693551955		606.740148403		698.400184832		
1495452324.32		610.067314258		607.099063173		699.119763908		
1495485967.57		610.436746607		607.457243756		699.840170589		
1495519610.81		610.807197905		607.808093406		700.561434746		
1495553254.05		611.17914409		608.1614259		701.283585232		
1495586897.3		611.554271687		608.512124934		702.006652128		
1495620540.54		611.927415831		608.861092401		702.730661925		
1495654183.78		612.299077828		609.211357493		703.455640877		
1495687827.03		612.671193829		609.56270998		704.181615654		
1495721470.27		613.045130189		609.914920316		704.908609821		
1495755113.51		613.421017619		610.272461838		705.636647319		
1495788756.76		613.797368277		610.632462738		706.365751865		
1495822400.0		614.174182933		610.989027634		707.095944503		
1495856043.24		614.550551892		611.341828131		707.827247107		
1495889686.49		614.925924167		611.695627474		708.559680852		
1495923329.73		615.301756892		612.049996817		709.293264601		
1495956972.97		615.678957627		612.40592434		710.028018391		
1495990616.22		616.060210625		612.768342004		710.763961201		
1496024259.46		616.441937596		613.131656487		711.501110018		
1496057902.7		616.824139352		613.493912449		712.239483241		
1496091545.95		617.206816718		613.857907084		712.97909796		
1496125189.19		617.582848573		614.222039021		713.719969544		
1496158832.43		617.959203981		614.584405464		714.462114938		
1496192475.68		618.33601946		614.942884878		715.205549545		
1496226118.92		618.718399219		615.301783764		715.95028752		
1496259762.16		619.103382743		615.669253767		716.696344341		
1496293405.41		619.4847319		616.04061546		717.443733988		
1496327048.65		619.8671157		616.409933422		718.192469665		
1496360691.89		620.251965443		616.770358796		718.942565462		
1496394335.14		620.637294265		617.131206761		719.694034178		
1496427978.38		621.023103022		617.492478023		720.446888171		
1496461621.62		621.409392571		617.854527689		721.201140339		
1496495264.86		621.796163777		618.220434776		721.956802467		
1496528908.11		622.183417507		618.586776217		722.713886163		
1496562551.35		622.572388172		618.949273965		723.472403302		
1496596194.59		622.964719533		619.309221607		724.232364799		
1496629837.84		623.357546326		619.675888628		724.993781599		
1496663481.08		623.75086946		620.047731048		725.756664699		
1496697124.32		624.144689849		620.421791137		726.521024273		
1496730767.57		624.539008409		620.796303374		727.286870678		
1496764410.81		624.933140368		621.167814976		728.054214163		
1496798054.05		625.32616581		621.539018		728.823064267		
1496831697.3		625.720791771		621.910665405		729.593430831		
1496865340.54		626.116040773		622.282757967		730.365323463		
1496898983.78		626.511789912		622.655607128		731.138751166		
1496932627.03		626.908040116		623.028744631		731.913723325		
1496966270.27		627.304792319		623.401714421		732.690249006		
1496999913.51		627.702047457		623.776521362		733.468336754		
1497033556.76		628.10080612		624.148275562		734.247995557		
1497067200.0		628.501724822		624.520923343		735.02923402		
