1463457600.0		5.57245423511		3.45062375452		18.2490897126		
1463491243.24		2.97679765883		2.90116408516		3.1093233836		
1463524886.49		2.98647444728		2.94763185485		3.02563792736		
1463558529.73		3.11696101167		3.07836023956		3.15399371358		
1463592172.97		3.23323361414		3.1926292734		3.27151424369		
1463625816.22		3.38831111537		3.34608813668		3.42820486605		
1463659459.46		3.55034566942		3.50610198806		3.59212802868		
1463693102.7		3.68533644698		3.63950335549		3.72884094995		
1463726745.95		3.86259654899		3.81466552537		3.90833530008		
1463760389.19		4.00880071686		3.95917533835		4.0563500992		
1463794032.43		4.20012061415		4.14820597591		4.24990252987		
1463827675.68		4.39976586714		4.34546319803		4.45187785712		
1463861318.92		4.5754118021		4.51924439606		4.62968445193		
1463894962.16		4.79262112552		4.73450748849		4.84890179411		
1463928605.41		5.01988280804		4.95933517948		5.07829865086		
1463962248.65		5.2196261856		5.15633371487		5.27966457105		
1463995891.89		5.46660231724		5.40047509352		5.52951074331		
1464029535.14		5.66760743573		5.59920931912		5.7331846431		
1464063178.38		5.84778012915		5.77666890101		5.91510784271		
1464096821.62		6.01502788118		5.94182660785		6.08372470417		
1464130464.86		6.21547423256		6.14017470922		6.28585477817		
1464164108.11		6.53968582052		6.46029392991		6.61327852171		
1464197751.35		6.81789138494		6.73547741651		6.89443002429		
1464231394.59		7.08191777547		6.99624706301		7.16101710453		
1464265037.84		7.35569078944		7.26692029279		7.43738856454		
1464298681.08		7.61314887905		7.52140060825		7.69717468359		
1464332324.32		7.93153167835		7.83604827695		8.01949674428		
1464365967.57		8.21639911829		8.11711857886		8.30658800163		
1464399610.81		8.5585445369		8.45531704193		8.65209559435		
1464433254.05		8.91421815768		8.80713683655		9.01139401901		
1464466897.3		9.22974716899		9.11963392807		9.33053655478		
1464500540.54		9.61096163805		9.4975186689		9.71629160562		
1464534183.78		9.96810414001		9.85095722531		10.0772641026		
1464567827.03		10.35975119		10.2383020381		10.4727811857		
1464601470.27		10.7857448133		10.6597003784		10.9030204626		
1464635113.51		11.1421998132		11.0118417117		11.2628441405		
1464668756.76		11.5994495232		11.4635717389		11.7249124514		
1464702400.0		12.0336290965		11.892896546		12.1631957471		
1464736043.24		12.4937015434		12.348483754		12.6277169286		
1464769686.49		12.9997322957		12.8496881071		13.1399505567		
1464803329.73		13.4224575304		13.2680644396		13.5677460672		
1464836972.97		13.962544356		13.8021295624		14.1138258444		
1464870616.22		14.5229624137		14.3559828471		14.6788566373		
1464904259.46		15.0193592234		14.8465478149		15.1801496973		
1464937902.7		15.6183685368		15.439201154		15.7847063221		
1464971545.95		16.1003000553		15.9156160711		16.2702542362		
1465005189.19		16.7230467113		16.5316251007		16.8976096311		
1465038832.43		17.3822723402		17.1846491822		17.5624677797		
1465072475.68		17.9946858078		17.7914682032		18.1801060824		
1465106118.92		19.0200646305		18.8061210564		19.2146168215		
1465139762.16		20.0999274216		19.8754645809		20.3051815388		
1465173405.41		21.2333600232		20.9982320073		21.4486204441		
1465207048.65		22.4198618076		22.1744180961		22.6442354795		
1465240691.89		23.6604849828		23.4017852071		23.8981912585		
1465274335.14		24.8631282796		24.5905259763		25.1148251841		
1465307978.38		26.2550964109		25.9680941205		26.520461128		
1465341621.62		27.7160980403		27.4146816888		27.9963171511		
1465375264.86		29.2438886257		28.9283000981		29.5396063408		
1465408908.11		30.8380688591		30.506831915		31.1478886387		
1465442551.35		32.4991298769		32.1515380027		32.8207243275		
1465476194.59		34.2310798586		33.8662836664		34.5686380946		
1465509837.84		36.0361160579		35.6534266813		36.3893799625		
1465543481.08		37.9160533679		37.5165079378		38.2859675712		
1465577124.32		39.8711326541		39.4559785402		40.2630754921		
1465610767.57		41.9007545467		41.4736845485		42.3125267072		
1465644410.81		44.0123995419		43.5631712145		44.4427281283		
1465678054.05		46.2058861112		45.7394047393		46.6575096064		
1465711697.3		48.4898483886		48.0011980544		48.9613375937		
1465745340.54		50.8482255553		50.3442943114		51.3438917808		
1465778983.78		53.2982454829		52.7687603909		53.8136925454		
1465812627.03		55.8272835547		55.2765969431		56.3630999661		
1465846270.27		58.4661434275		57.8983434427		59.0210075152		
1465879913.51		61.1144680474		60.522334161		61.6882972424		
1465913556.76		63.8263512164		63.2155123895		64.4222165136		
1465947200.0		44.9663770854		43.1753665984		47.7298148602		
1465980843.24		34.6419375555		33.7245647594		35.578531204		
1466014486.49		35.0038972071		34.114652389		35.7911068216		
1466048129.73		35.6466905714		34.7556666136		36.4167937374		
1466081772.97		36.3369721929		35.4339024856		37.1162039445		
1466115416.22		37.0337418996		36.0988123213		37.8176778732		
1466149059.46		37.7341316049		36.788080782		38.522097303		
1466182702.7		38.4422475208		37.4877782808		39.2376031051		
1466216345.95		39.1606155532		38.1969133439		39.9599058889		
1466249989.19		39.8907847165		38.9154338259		40.6930256362		
1466283632.43		40.6226770707		39.6353661994		41.4334608734		
1466317275.68		41.3505797604		40.3597639919		42.1716458355		
1466350918.92		42.0880359526		41.087270364		42.921840877		
1466384562.16		42.8298630004		41.8207965326		43.6722057026		
1466418205.41		43.5763207014		42.5680963686		44.4263168775		
1466451848.65		44.3373752378		43.320878245		45.1939120301		
1466485491.89		45.1000892765		44.0813601588		45.9662869617		
1466519135.14		45.8787209971		44.8543015071		46.7509943197		
1466552778.38		47.4508438827		46.4019993348		48.3483742749		
1466586421.62		49.6883952893		48.6021925955		50.6206780458		
1466620064.86		52.0153581452		50.8807467247		52.9789148986		
1466653708.11		54.4236390993		53.2321784119		55.4171133569		
1466687351.35		56.9079129072		55.6780615019		57.9394302344		
1466720994.59		59.4741346519		58.2054375475		60.5437495673		
1466754637.84		62.1188339364		60.8220590378		63.2316050781		
1466788281.08		64.8447877199		63.517809646		66.0074101261		
1466821924.32		67.649975024		66.2931052034		68.8538857988		
1466855567.57		70.5405667511		69.1435512364		71.7784128005		
1466889210.81		73.5081966267		72.0766422143		74.7939527108		
1466922854.05		76.5564685336		75.0827996948		77.881709729		
1466956497.3		79.6991851856		78.1728164165		81.042970654		
1466990140.54		82.9198194805		81.3600039279		84.2915509155		
1467023783.78		86.1998224881		84.6061779374		87.5989344973		
1467057427.03		89.5433768822		87.924643111		90.9783488149		
1467091070.27		92.9492495586		91.3044982991		94.4128179431		
1467124713.51		96.4262646534		94.738165481		97.9204946697		
1467158356.76		99.9244404082		98.2492313678		101.465882114		
1467192000.0		103.513912459		101.814124384		105.088448091		
1467225643.24		107.185316343		105.456419367		108.785921548		
1467259286.49		110.887498148		109.147993432		112.515142629		
1467292929.73		107.233840807		105.586706345		108.77787862		
1467326572.97		110.767271623		109.089593518		112.273478119		
1467360216.22		122.111529054		120.34845388		123.711410951		
1467393859.46		125.946665087		124.158323756		127.575095419		
1467427502.7		129.788006489		128.007138148		131.489290342		
1467461145.95		133.60930356		131.802693717		135.343174415		
1467494789.19		137.500294093		135.676853848		139.234740918		
1467528432.43		141.362409875		139.511592715		143.11754981		
1467562075.68		145.240061615		143.377875104		146.992021574		
1467595718.92		149.125405357		147.212110936		150.85945387		
1467629362.16		152.935019277		151.076053329		154.688487965		
1467663005.41		156.770886836		154.916998813		158.541511271		
1467696648.65		160.584556213		158.700523116		162.345921776		
1467730291.89		164.368294564		162.453846591		166.151906904		
1467763935.14		168.145639925		166.167709444		169.880523698		
1467797578.38		171.808462465		169.829494366		173.545174626		
1467831221.62		175.471384804		173.475378104		177.197172886		
1467864864.86		179.053663907		177.063113952		180.812924952		
1467898508.11		182.592527469		180.52781789		184.33696889		
1467932151.35		186.539694737		184.41770055		188.261917751		
1467965794.59		189.589682586		187.44936431		191.354145077		
1467999437.84		192.928634239		190.741992092		194.676035061		
1468033081.08		196.224935414		193.968780467		198.002309615		
1468066724.32		199.45707822		197.17576934		201.252591673		
1468100367.57		202.633674571		200.324553911		204.431557004		
1468134010.81		205.680573413		203.386717772		207.562855767		
1468167654.05		208.701370316		206.391384475		210.544512319		
1468201297.3		211.658753538		209.308538353		213.493058248		
1468234940.54		214.505852951		212.092854959		216.344807194		
1468268583.78		217.288395765		214.868262384		219.171570025		
1468302227.03		220.078438868		217.604616147		221.945082197		
1468335870.27		222.769762164		220.324775702		224.65443336		
1468369513.51		225.354333282		222.912344241		227.298514668		
1468403156.76		227.861370407		225.286813404		229.800225081		
1468436800.0		230.281944445		227.640713903		232.221369764		
1468470443.24		249.04237062		246.143237024		251.156154977		
1468504086.49		251.450659863		248.512410427		253.589165008		
1468537729.73		253.744846204		250.76392096		255.878603116		
1468571372.97		255.971142249		253.035062334		258.135114943		
1468605016.22		175.735524903		169.233738686		186.952103103		
1468638659.46		137.368331669		133.169100256		142.450960931		
1468672302.7		138.545915561		135.179177561		142.445927535		
1468705945.95		142.466060097		139.055828938		146.331777205		
1468739589.19		146.609010147		143.183325352		150.468693235		
1468773232.43		150.783390818		147.398606353		154.633052178		
1468806875.68		154.969449894		151.620270627		158.792745348		
1468840518.92		159.16387501		155.81018625		162.921986634		
1468874162.16		163.30412451		160.03174883		166.996856453		
1468907805.41		167.464045203		164.237834606		171.082338088		
1468941448.65		171.645084489		168.423488663		175.216739228		
1468975091.89		173.855402608		170.677707816		177.30316142		
1469008735.14		178.043456724		174.911333533		181.40448727		
1469042378.38		182.091664893		179.049945073		185.392030299		
1469076021.62		186.18335803		183.213555495		189.378697372		
1469109664.86		190.238810735		187.29541939		193.30660711		
1469143308.11		194.197413433		191.346649248		197.195731023		
1469176951.35		198.156056272		195.373870545		200.997251455		
1469210594.59		181.729014		179.298013971		184.180493375		
1469244237.84		185.018462784		182.643424301		187.390206466		
1469277881.08		188.156450502		185.866978446		190.382678206		
1469311524.32		191.192574655		189.016152755		193.397379689		
1469345167.57		194.239958028		192.051802534		196.333177152		
1469378810.81		197.158818898		195.102535334		199.228164639		
1469412454.05		199.995618557		198.077836808		201.987471893		
1469446097.3		202.836062906		200.979769123		204.770570626		
1469479740.54		205.550731037		203.78856169		207.460248095		
1469513383.78		208.188382284		206.51843419		210.108119948		
1469547027.03		201.682832244		200.131506286		203.498141207		
1469580670.27		204.133030107		202.592603185		205.90706473		
1469614313.51		206.457123751		204.922359977		208.228402574		
1469647956.76		208.78988094		207.123267787		210.518951712		
1469681600.0		211.036804065		209.387614593		212.716564549		
1469715243.24		213.182798755		211.517365014		214.835425381		
1469748886.49		220.321813176		218.660745195		221.989062113		
1469782529.73		222.399140724		220.7288506		224.075650467		
1469816172.97		224.447950221		222.719620338		226.092127586		
1469849816.22		240.385002712		238.439067859		242.095808888		
1469883459.46		242.409273077		240.396553998		244.10452679		
1469917102.7		244.407020292		242.284789668		246.09617985		
1469950745.95		246.314510545		244.188217234		248.022767354		
1469984389.19		248.15010951		245.936399088		249.885807783		
1470018032.43		249.864747101		247.569990358		251.628481538		
1470051675.68		251.563558594		249.218701628		253.362007173		
1470085318.92		237.849115858		235.55328464		239.583482201		
1470118962.16		254.81011678		252.329288777		256.660205307		
1470152605.41		256.281637739		253.681647369		258.156215362		
1470186248.65		239.63238986		237.223640338		241.394096726		
1470219891.89		241.131377615		238.790657808		242.871620456		
1470253535.14		242.573951817		240.291701195		244.291101419		
1470287178.38		243.980868767		241.736001805		245.671204348		
1470320821.62		245.312222693		243.102726085		246.984514689		
1470354464.86		246.07692529		243.777767207		247.754086459		
1470388108.11		247.616391689		245.354546213		249.275542476		
1470421751.35		248.898679271		246.661366775		250.537521915		
1470455394.59		250.076989736		247.891368604		251.70439397		
1470489037.84		251.231998306		249.064847303		252.860003852		
1470522681.08		249.588228571		247.426149392		251.199121989		
1470556324.32		250.690744021		248.535388078		252.29969049		
1470589967.57		251.806952917		249.661408114		253.421948224		
1470623610.81		252.901704297		250.78869501		254.509680688		
1470657254.05		253.966909092		251.856581447		255.582498921		
1470690897.3		255.008175861		252.934576138		256.61906529		
1470724540.54		275.440835133		273.229124119		277.176983553		
1470758183.78		258.007098435		255.986814059		259.647476166		
1470791827.03		277.353555925		275.203830025		279.095402744		
1470825470.27		277.587527519		275.450114848		279.329347266		
1470859113.51		277.678627262		275.538100417		279.427156352		
1470892756.76		277.73017433		275.646593022		279.48586052		
1470926400.0		277.796041584		275.744854232		279.53733115		
1470960043.24		278.08002086		276.142558943		279.784079393		
1470993686.49		278.461193954		276.621064531		280.11957218		
1471027329.73		278.739821716		277.060914248		280.35317778		
1471060972.97		279.134282204		277.507504136		280.717940512		
1471094616.22		279.525957304		277.971146949		281.019725369		
1471128259.46		279.923888465		278.400394627		281.413314521		
1471161902.7		280.279023485		278.827516561		281.748942413		
1471195545.95		280.622244664		279.120277049		282.058659423		
1471229189.19		280.963809709		279.504200084		282.363934169		
1471262832.43		281.318762629		279.804972841		282.678944829		
1471296475.68		281.673715614		280.175125776		282.996169769		
1471330118.92		282.079843297		280.536125166		283.45646992		
1471363762.16		282.374165036		280.822671215		283.77209854		
1471397405.41		282.717000838		281.104305294		284.108274037		
1471431048.65		282.989691796		281.396293441		284.425597825		
1471464691.89		283.364009242		281.713092129		284.870165061		
1471498335.14		283.724458806		282.036842304		285.280938197		
1471531978.38		284.018518482		282.307805686		285.604719418		
1471565621.62		284.38040395		282.620780457		285.998363236		
1471599264.86		284.689818677		282.904245095		286.397932266		
1471632908.11		284.988964996		283.16460186		286.772332004		
1471666551.35		285.282787293		283.409529189		287.110171449		
1471700194.59		285.553540407		283.659151644		287.455569835		
1471733837.84		285.823568031		283.897831737		287.758087766		
1471767481.08		286.111251227		284.161085712		288.099422203		
1471801124.32		286.416960836		284.401581453		288.387930782		
1471834767.57		286.754484072		284.699499964		288.773020957		
1471868410.81		286.911630375		284.832623427		288.98685915		
1471902054.05		285.853368629		284.081054626		287.692479085		
1471935697.3		276.924005812		275.378436074		278.545890796		
1471969340.54		268.709336844		267.265598285		270.213636506		
1472002983.78		261.058702604		259.654065988		262.58086694		
1472036627.03		253.895019697		252.398448123		255.551564876		
1472070270.27		238.685460743		237.05469951		240.279126286		
1472103913.51		241.360874195		239.696661279		242.979157845		
1472137556.76		217.305379117		215.828014272		218.755191445		
1472171200.0		230.769760911		229.250436072		232.342531654		
1472204843.24		225.850277548		224.380037003		227.364544115		
1472238486.49		221.16397383		219.722322705		222.657526734		
1472272129.73		216.706320144		215.3088911		218.18733115		
1472305772.97		212.452067862		211.071458494		213.9487104		
1472339416.22		208.363944101		207.029475301		209.879194967		
1472373059.46		204.504454287		203.168181378		206.005045017		
1472406702.7		200.805964993		199.464672492		202.257171188		
1472440345.95		197.269549883		195.926197475		198.679447318		
1472473989.19		193.892095645		192.5355481		195.259220451		
1472507632.43		190.638720185		189.277049773		191.991486878		
1472541275.68		187.505723316		186.165807093		188.841116422		
1472574918.92		184.483267		183.163651731		185.80799462		
1472608562.16		181.596856586		180.27316506		182.892316543		
1472642205.41		178.779540428		177.452564706		180.094755268		
1472675848.65		176.078999379		174.781929763		177.397246807		
1472709491.89		173.505958973		172.17107013		174.788476108		
1472743135.14		170.997701561		169.639600255		172.272299753		
1472776778.38		168.606105706		167.201381578		169.86023847		
1472810421.62		166.178026375		164.792490202		167.418619566		
1472844064.86		164.439647196		163.146538214		165.634108473		
1472877708.11		168.446539527		167.199629282		169.628606913		
1472911351.35		172.319383493		171.091007253		173.49902901		
1472944994.59		176.17118469		174.980779692		177.3388004		
1472978637.84		180.050951369		178.823628996		181.188422972		
1473012281.08		183.880214386		182.633501		184.986354405		
1473045924.32		187.657954696		186.454784639		188.761234401		
1473079567.57		191.425884482		190.239019301		192.510212828		
1473113210.81		195.392912275		194.197786923		196.45813421		
1473146854.05		199.006101113		197.816874123		200.076387193		
1473180497.3		202.741974343		201.556540237		203.791502853		
1473214140.54		206.401607078		205.19061396		207.442581099		
1473247783.78		210.065287485		208.825567158		211.103064644		
1473281427.03		213.648837426		212.414781176		214.68533958		
1473315070.27		217.188107102		215.926261835		218.202948399		
1473348713.51		220.657143573		219.387339477		221.682612399		
1473382356.76		223.857232327		222.599306074		224.897401918		
1473416000.0		227.328170483		226.059395284		228.449426303		
1473449643.24		230.620872661		229.325422441		231.727363805		
1473483286.49		233.837939308		232.538446445		234.979003226		
1473516929.73		237.028115132		235.753432557		238.222108596		
1473550572.97		240.156718634		238.885713484		241.395516638		
1473584216.22		243.219444492		241.949247833		244.468213122		
1473617859.46		246.213284203		244.920847986		247.51941009		
1473651502.7		249.145708329		247.874728801		250.474178061		
1473685145.95		252.038491415		250.781492973		253.359283755		
1473718789.19		254.864230082		253.647449671		256.219913046		
1473752432.43		257.645757712		256.412533443		259.035508683		
1473786075.68		260.384506679		259.155668419		261.816627181		
1473819718.92		263.463273354		262.24249675		264.794445902		
1473853362.16		266.206497066		264.972729112		267.419252579		
1473887005.41		268.751244911		267.552679423		269.90067545		
1473920648.65		270.876732616		269.690692112		272.0185708		
1473954291.89		273.288827872		272.107582418		274.434950104		
1473987935.14		275.70700519		274.519317295		276.906318695		
1474021578.38		278.044579658		276.856461949		279.266525509		
1474055221.62		280.324517356		279.125260869		281.543357148		
1474088864.86		273.74683147		272.594030359		274.969502267		
1474122508.11		275.841824657		274.69889321		277.123927698		
1474156151.35		277.911839568		276.760153245		279.219723845		
1474189794.59		279.962673738		278.803141577		281.295797804		
1474223437.84		281.926920436		280.772885098		283.327676571		
1474257081.08		283.845922253		282.683448813		285.276870731		
1474290724.32		285.706453996		284.535445173		287.187817175		
1474324367.57		287.528185643		286.345149639		289.045351638		
1474358010.81		289.308679449		288.112116756		290.862400109		
1474391654.05		289.071395155		287.875640553		290.667335235		
1474425297.3		290.78819903		289.573146196		292.418465033		
1474458940.54		292.474166469		291.254167868		294.117086849		
1474492583.78		294.120282067		292.912117803		295.81106026		
1474526227.03		294.598264036		293.384195916		296.277467328		
1474559870.27		296.518020835		295.29072793		298.207711484		
1474593513.51		298.433972671		297.194558738		300.135622276		
1474627156.76		300.219548643		298.962493109		301.950346121		
1474660800.0		297.310420179		296.053042209		299.030186673		
1474694443.24		298.913163993		297.658256496		300.649015983		
1474728086.49		300.391858491		299.131861705		302.152403604		
1474761729.73		301.83030173		300.562347525		303.6038168		
1474795372.97		303.222162499		301.944258276		305.008972105		
1474829016.22		304.566287904		303.280903948		306.369531355		
1474862659.46		305.871712952		304.566109822		307.691260085		
1474896302.7		307.139276164		305.83639036		308.966846534		
1474929945.95		308.356939018		307.060728719		310.202650038		
1474963589.19		309.536992952		308.250932339		311.408358879		
1474997232.43		310.706947419		309.4096998		312.593658158		
1475030875.68		311.847544168		310.549614291		313.729073552		
1475064518.92		312.967614629		311.666108467		314.849835712		
1475098162.16		314.19693321		312.888713598		316.095254428		
1475131805.41		315.434350461		314.130646287		317.34558021		
1475165448.65		316.635326055		315.340849924		318.56519829		
1475199091.89		311.325906694		310.144211169		313.152603944		
1475232735.14		301.350503727		300.346950931		302.928374453		
1475266378.38		291.876759078		290.88537267		293.171903664		
1475300021.62		273.509968132		272.51841014		274.427420177		
1475333664.86		274.452552292		273.480995555		275.366168847		
1475367308.11		268.768747214		267.659282912		269.748848712		
1475400951.35		266.097896715		264.865921404		267.241085301		
1475434594.59		263.878185886		262.591768489		265.201845568		
1475468237.84		261.782390252		260.319263575		263.265914992		
1475501881.08		259.778444433		258.189115065		261.374557643		
1475535524.32		254.817857092		253.153268783		256.587575359		
1475569167.57		253.020343291		251.215379558		254.91503591		
1475602810.81		251.525343		249.61969665		253.571332925		
1475636454.05		249.860446488		247.810757284		251.998708832		
1475670097.3		249.389080361		247.294949372		251.687370183		
1475703740.54		253.070002851		250.96031011		255.376947638		
1475737383.78		258.84553666		256.772386129		261.08002005		
1475771027.03		264.670690867		262.641376281		266.897120625		
1475804670.27		270.375446927		268.408247762		272.561220373		
1475838313.51		276.014411339		274.108059417		278.147255874		
1475871956.76		281.482152413		279.626459597		283.526779717		
1475905600.0		286.288946552		284.436194789		288.281483363		
1475939243.24		290.991462894		289.185117234		292.920074414		
1475972886.49		295.635833298		293.856529336		297.499025379		
1476006529.73		300.166625669		298.461207999		301.960371998		
1476040172.97		304.577800155		302.958866714		306.317197283		
1476073816.22		308.908884404		307.349508132		310.595832098		
1476107459.46		313.142903958		311.639953189		314.778773934		
1476141102.7		317.337846641		315.780452219		318.867948996		
1476174745.95		321.442971036		319.921528202		322.92276992		
1476208389.19		325.364357464		323.920650001		326.806702091		
1476242032.43		329.224117454		327.810921741		330.610065991		
1476275675.68		332.928353096		331.566634709		334.288785043		
1476309318.92		336.547504962		335.247055325		337.87220231		
1476342962.16		339.341904973		338.092395072		340.645719487		
1476376605.41		342.197848907		340.940722189		343.441890806		
1476410248.65		345.29473363		344.065328515		346.516622143		
1476443891.89		348.301817784		347.076959495		349.494385693		
1476477535.14		351.12520359		349.874016478		352.27065393		
1476511178.38		354.26017335		352.999460988		355.387451419		
1476544821.62		357.310339974		356.027054825		358.441083072		
1476578464.86		360.248738906		358.957703119		361.405972737		
1476612108.11		363.084493478		361.827984322		364.315638453		
1476645751.35		365.854681856		364.595992084		367.087716867		
1476679394.59		368.540886906		367.313174458		369.796275506		
1476713037.84		371.12138442		369.915383996		372.385257679		
1476746681.08		373.612429365		372.411143189		374.936093441		
1476780324.32		376.024353209		374.795356542		377.378032155		
1476813967.57		378.356812183		377.105514692		379.758206924		
1476847610.81		380.619892901		379.385823275		382.082020187		
1476881254.05		382.805817999		381.56941424		384.298001215		
1476914897.3		384.923385345		383.695669263		386.474016689		
1476948540.54		386.91438389		385.692955396		388.491903417		
1476982183.78		388.794921969		387.595118059		390.375405332		
1477015827.03		390.37350211		389.192747127		391.96438962		
1477049470.27		391.862852902		390.690426534		393.502214484		
1477083113.51		393.31193881		392.154420238		394.988035073		
1477116756.76		394.738270061		393.564374352		396.419881612		
1477150400.0		396.139335782		394.94854472		397.820434883		
1477184043.24		397.464864686		396.274609668		399.14913402		
1477217686.49		398.771041922		397.583176978		400.480446791		
1477251329.73		400.0548483		398.845811546		401.777129277		
1477284972.97		401.289986528		400.072322055		403.030629888		
1477318616.22		402.47267749		401.258582729		404.235140721		
1477352259.46		403.638741466		402.409451064		405.410511194		
1477385902.7		404.778849272		403.523989499		406.555736842		
1477419545.95		405.854769431		404.597357231		407.639724832		
1477453189.19		406.907815236		405.639580221		408.715425691		
1477486832.43		407.952657874		406.676223817		409.765085662		
1477520475.68		408.968627161		407.674960499		410.813174494		
1477554118.92		409.948749128		408.643114936		411.787515634		
1477587762.16		410.778472814		409.464363786		412.588529508		
1477621405.41		411.824002685		410.501593252		413.661868723		
1477655048.65		412.758098715		411.421991538		414.618168616		
1477688691.89		413.611324218		412.264783474		415.490644101		
1477722335.14		414.480965294		413.136837487		416.373732726		
1477755978.38		415.343641258		413.9838572		417.273809326		
1477789621.62		416.197708939		414.82328979		418.155367256		
1477823264.86		417.031600456		415.637847113		418.996630161		
1477856908.11		417.845105522		416.432560277		419.795558125		
1477890551.35		418.645627902		417.224118838		420.607763968		
1477924194.59		419.402999814		417.97728282		421.366053877		
1477957837.84		420.16044346		418.723583318		422.138000981		
1477991481.08		420.916866638		419.475138504		422.919528713		
1478025124.32		421.650996697		420.21150229		423.669934019		
1478058767.57		422.386437965		420.93817562		424.42117557		
1478092410.81		423.072709028		421.620456341		425.118692132		
1478126054.05		423.787970188		422.330481741		425.831625883		
1478159697.3		424.449589666		422.988213232		426.511219727		
1478193340.54		425.172659963		423.707986442		427.232166047		
1478226983.78		425.846407423		424.368802409		427.903372689		
1478260627.03		426.501034389		425.022089996		428.565257976		
1478294270.27		427.168694666		425.690075161		429.234746624		
1478327913.51		427.840651475		426.355250326		429.898415591		
1478361556.76		428.478423493		426.985393678		430.526950567		
1478395200.0		429.125498117		427.638595927		431.188539333		
1478428843.24		429.743628665		428.259540444		431.826631996		
1478462486.49		430.361129862		428.870306113		432.441901875		
1478496129.73		430.973647106		429.484764235		433.047235879		
1478529772.97		431.589718428		430.103296007		433.659664787		
1478563416.22		432.204865335		430.720133099		434.276799341		
1478597059.46		432.804726203		431.326028901		434.87341159		
1478630702.7		433.402494497		431.932238849		435.471540626		
1478664345.95		434.011969963		432.538750246		436.073807131		
1478697989.19		434.599038598		433.12158939		436.648828817		
1478731632.43		435.19455259		433.714924539		437.234049733		
1478765275.68		435.787851488		434.315185558		437.826536779		
1478798918.92		436.368095121		434.885060269		438.381880456		
1478832562.16		436.961366621		435.475147779		438.975302048		
1478866205.41		437.5417075		436.047624201		439.543047557		
1478899848.65		438.111420673		436.622018514		440.115899151		
1478933491.89		438.692241773		437.199833229		440.686477175		
1478967135.14		439.27489035		437.786129092		441.261928364		
1479000778.38		439.831408661		438.350311153		441.817075419		
1479034421.62		440.426492357		438.93290422		442.401255136		
1479068064.86		440.992406157		439.492679698		442.950548767		
1479101708.11		441.552161452		440.047231793		443.493436991		
1479135351.35		442.127583373		440.61864544		444.070781412		
1479168994.59		442.688374098		441.166087226		444.626200368		
1479202637.84		443.240971322		441.721479979		445.169595669		
1479236281.08		443.798938351		442.283054187		445.713774608		
1479269924.32		444.34988457		442.832055533		446.243773376		
1479303567.57		444.89972987		443.373023823		446.787443307		
1479337210.81		445.458597133		443.934029079		447.341899232		
1479370854.05		446.014128737		444.496333719		447.89436657		
1479404497.3		446.573307105		445.049048092		448.442574825		
1479438140.54		447.142220682		445.613562578		449.000499168		
1479471783.78		447.684624564		446.159505569		449.523854221		
1479505427.03		448.263233124		446.726508259		450.057261825		
1479539070.27		448.823574028		447.27562279		450.586967766		
1479572713.51		449.380126445		447.828618427		451.127883513		
1479606356.76		449.938182485		448.383439069		451.687271327		
1479640000.0		450.482955294		448.929947439		452.232078468		
1479673643.24		451.02847448		449.465458421		452.763251736		
1479707286.49		451.572355758		450.007025134		453.29980462		
1479740929.73		452.124699292		450.550913841		453.839159427		
1479774572.97		425.272114692		422.759701146		428.209876825		
1479808216.22		360.027278136		354.915996563		365.585395486		
1479841859.46		361.208646262		356.467304884		366.192003191		
1479875502.7		375.276415981		370.572673874		380.297318594		
1479909145.95		378.9734346		374.430047214		383.815602203		
1479942789.19		382.529826667		378.180482731		387.243508275		
1479976432.43		385.995982591		381.777760842		390.557620025		
1480010075.68		389.397902979		385.346323003		393.761242434		
1480043718.92		392.732147726		388.837428847		396.900642534		
1480077362.16		395.942162817		392.193033953		399.994112558		
1480111005.41		399.089842451		395.38403457		402.977754872		
1480144648.65		402.153438131		398.577704992		405.859269015		
1480178291.89		405.107921568		401.617898791		408.673096365		
1480211935.14		407.996022402		404.592961674		411.414473142		
1480245578.38		410.716660781		407.514855806		414.063159709		
1480279221.62		413.388836808		410.331095589		416.601011356		
1480312864.86		416.021924486		413.062026942		419.081046088		
1480346508.11		417.877546678		415.110766334		420.847634873		
1480380151.35		415.923873942		413.405939187		418.617971078		
1480413794.59		414.192465098		411.727703596		416.556179068		
1480447437.84		412.462457498		410.097491406		414.74200922		
1480481081.08		410.77176504		408.510352814		413.078929445		
1480514724.32		409.208893851		406.978630763		411.546193892		
1480548367.57		407.786805819		405.486209895		410.188925198		
1480582010.81		406.518667688		404.143911665		408.939472554		
1480615654.05		405.245684485		402.64906119		407.823381622		
1480649297.3		404.093642755		401.260060603		406.827536204		
1480682940.54		403.074161697		399.977208771		405.88679793		
1480716583.78		402.022449846		398.733101252		405.013445015		
1480750227.03		401.153274937		397.581062636		404.275144656		
1480783870.27		400.238203854		396.46829213		403.577199416		
1480817513.51		399.397827315		395.437305361		402.960196529		
1480851156.76		398.648314115		394.515658364		402.308983439		
1480884800.0		397.984610847		393.65896108		401.777192088		
1480918443.24		397.341819274		392.807711569		401.320713379		
1480952086.49		400.069755956		395.669985406		403.990176167		
1480985729.73		403.553686857		399.317927898		407.333158507		
1481019372.97		406.958083213		402.860098397		410.53858642		
1481053016.22		410.284896612		406.29247032		413.69167326		
1481086659.46		413.455694736		409.566769806		416.747848077		
1481120302.7		416.568462125		412.799356338		419.67807981		
1481153945.95		419.5808025		416.009095143		422.576493714		
1481187589.19		422.51395276		419.083317703		425.393495896		
1481221232.43		425.38352171		422.106725181		428.169025606		
1481254875.68		428.080493781		424.941529442		430.783214788		
1481288518.92		430.721948161		427.688103316		433.279194527		
1481322162.16		433.270663361		430.394131681		435.698909593		
1481355805.41		435.75334615		432.974518113		438.067268061		
1481389448.65		438.085186622		435.440704707		440.368537875		
1481423091.89		440.408802852		437.865625081		442.53662831		
1481456735.14		442.684960891		440.203604077		444.679003594		
1481490378.38		444.867830586		442.49639214		446.841541537		
1481524021.62		446.977147192		444.670994323		448.863722214		
1481557664.86		448.984168164		446.719055783		450.797873627		
1481591308.11		450.762023138		448.564530184		452.545100898		
1481624951.35		452.395965388		450.204776028		454.114628051		
1481658594.59		453.977916546		451.817266881		455.656529987		
1481692237.84		455.492683145		453.341719761		457.152149226		
1481725881.08		456.958387504		454.802852398		458.631191256		
1481759524.32		458.46334542		456.359805639		460.173505236		
1481793167.57		459.967719054		457.854473495		461.647478218		
1481826810.81		461.31480826		459.198253704		462.97876512		
1481860454.05		462.690082514		460.586143129		464.367852731		
1481894097.3		464.048355472		461.970385836		465.684540212		
1481927740.54		465.343335689		463.222627361		467.008701142		
1481961383.78		466.604844362		464.47231483		468.294372825		
1481995027.03		467.840186689		465.654359498		469.523433686		
1482028670.27		469.026555422		466.87145859		470.671323044		
1482062313.51		470.196463747		468.03159986		471.836957619		
1482095956.76		471.357481509		469.185196477		473.003027351		
1482129600.0		472.482910332		470.293519375		474.175190607		
1482163243.24		473.541156429		471.403786276		475.263991782		
1482196886.49		462.765247406		461.204494442		464.257736658		
1482230529.73		451.18027338		449.249154738		453.393547724		
1482264172.97		440.622845741		437.709891907		443.940944392		
1482297816.22		430.695169802		426.877794902		435.193205562		
1482331459.46		421.472745372		416.746340013		427.062358322		
1482365102.7		415.589963817		410.06361191		421.892043726		
1482398745.95		419.091255309		413.861017225		425.176710985		
1482432389.19		422.709363247		417.654552807		428.441194025		
1482466032.43		426.120527653		421.310979755		431.680462011		
1482499675.68		429.444320621		424.810703751		434.818065203		
1482533318.92		432.688227863		428.285435677		437.883243706		
1482566962.16		435.822048547		431.640144884		440.790827518		
1482600605.41		438.954109339		434.901521468		443.680270359		
1482634248.65		441.927002735		438.062529763		446.471680874		
1482667891.89		444.717586004		441.069223651		449.121412634		
1482701535.14		447.472235273		443.9435076		451.602020219		
1482735178.38		450.130376941		446.804935546		454.065653355		
1482768821.62		452.695064024		449.520887101		456.473813929		
1482802464.86		455.146441349		452.098022484		458.666941916		
1482836108.11		457.492514785		454.611839199		460.822042657		
1482869751.35		459.791385473		457.016794545		462.9163956		
1482903394.59		461.982929032		459.35484414		465.047311792		
1482937037.84		464.220661727		461.65468951		467.01582597		
1482970681.08		463.862999118		461.387571777		466.559678548		
1483004324.32		466.05939821		463.65009269		468.622140936		
1483037967.57		468.113506669		465.835590349		470.633970384		
1483071610.81		470.118336903		467.94757212		472.629773652		
1483105254.05		472.144357602		469.941303326		474.614558219		
1483138897.3		474.041590111		471.85214483		476.450968874		
1483172540.54		475.883551421		473.676612289		478.178931513		
1483206183.78		477.605521458		475.488359188		479.869376224		
1483239827.03		479.355650386		477.17732869		481.588143748		
1483273470.27		481.041289709		478.83353079		483.232632721		
1483307113.51		482.701385321		480.503185038		484.865077572		
1483340756.76		484.341716189		482.078593792		486.424713437		
1483374400.0		485.932909322		483.688802995		487.928960802		
1483408043.24		487.454000676		485.253009084		489.380608599		
1483441686.49		488.922106529		486.701911896		490.802781687		
1483475329.73		490.32745544		488.08198087		492.165516341		
1483508972.97		491.674754151		489.445017704		493.492519035		
1483542616.22		492.977521372		490.781660997		494.80330982		
1483576259.46		494.278443906		492.130057927		496.130886135		
1483609902.7		495.557143914		493.368708516		497.416642071		
1483643545.95		496.76878369		494.579713012		498.658770095		
1483677189.19		497.990441307		495.770041188		499.856279096		
1483710832.43		499.147642306		496.951255906		501.046797245		
1483744475.68		500.313972901		498.162027988		502.238020506		
1483778118.92		501.46844357		499.309435677		503.427866918		
1483811762.16		502.621997712		500.430272353		504.592094966		
1483845405.41		503.758846768		501.532435044		505.732256899		
1483879048.65		504.856069712		502.604196248		506.836141497		
1483912691.89		505.896730382		503.626078629		507.928469092		
1483946335.14		506.911033136		504.632488178		508.980677305		
1483979978.38		507.938114999		505.635618861		510.029849162		
1484013621.62		508.984469051		506.668055241		511.125798011		
1484047264.86		510.012789026		507.685883776		512.220308911		
1484080908.11		510.975944473		508.670869028		513.217800635		
1484114551.35		511.881451804		509.573882646		514.186309832		
1484148194.59		512.772118665		510.41788896		515.096624493		
1484181837.84		513.661653721		511.254690483		515.987551634		
1484215481.08		514.582660225		512.165564717		516.913871403		
1484249124.32		515.441590442		513.029022946		517.813654707		
1484282767.57		516.224711602		513.803874606		518.645502826		
1484316410.81		517.033442093		514.574202117		519.462327612		
1484350054.05		517.783157261		515.317992779		520.214985525		
1484383697.3		518.563933207		516.079387016		521.016272182		
1484417340.54		519.363121746		516.809237639		521.835815785		
1484450983.78		520.146046476		517.586114168		522.684943325		
1484484627.03		520.975731891		518.34888858		523.564441672		
1484518270.27		521.751493487		519.102264295		524.37254491		
1484551913.51		522.488478023		519.800822734		525.127201437		
1484585556.76		523.227196985		520.513311631		525.886157873		
1484619200.0		523.91399076		521.165493597		526.609814045		
1484652843.24		524.645338796		521.872022799		527.368248677		
1484686486.49		525.405740959		522.616703964		528.163223672		
1484720129.73		526.165053346		523.343033911		528.955640433		
1484753772.97		526.871233835		524.010633402		529.695791987		
1484787416.22		417.763812944		415.477744195		420.030182676		
1484821059.46		418.33402408		416.026802531		420.618535739		
1484854702.7		418.893859135		416.567077888		421.19279415		
1484888345.95		419.450149018		417.112019834		421.775776968		
1484921989.19		420.029988526		417.668112079		422.368120536		
1484955632.43		502.474635429		499.630943899		505.305477298		
1484989275.68		503.175987365		500.324266946		506.039935891		
1485022918.92		503.876474588		501.017849844		506.770051053		
1485056562.16		504.543432968		501.67315039		507.471475188		
1485090205.41		505.205968774		502.306641781		508.160730961		
1485123848.65		505.891592603		502.96287415		508.888659465		
1485157491.89		506.540860515		503.590876168		509.582619455		
1485191135.14		507.17969593		504.208624694		510.243791386		
1485224778.38		502.391414412		499.416585459		505.431842406		
1485258421.62		490.925687131		488.029536929		493.899057835		
1485292064.86		480.232849081		477.409029689		483.156826903		
1485325708.11		475.778241299		472.93399755		478.681745507		
1485359351.35		477.500612064		474.634977765		480.44601221		
1485392994.59		479.180530564		476.287351599		482.153171411		
1485426637.84		480.869989264		477.940378524		483.862848009		
1485460281.08		403.885337659		401.399902841		406.407933608		
1485493924.32		405.305189208		402.786916805		407.852428706		
1485527567.57		406.699766186		404.156838064		409.272471011		
1485561210.81		408.04566587		405.484553096		410.661192212		
1485594854.05		409.343096251		406.760782092		411.995239517		
1485628497.3		410.613255822		408.002921426		413.302168451		
1485662140.54		411.865744324		409.220880808		414.573013723		
1485695783.78		413.10368642		410.423519893		415.81764009		
1485729427.03		414.301347565		411.599748639		417.03946911		
1485763070.27		415.474221235		412.750930409		418.234421912		
1485796713.51		416.613007579		413.872822744		419.400313199		
1485830356.76		479.850910035		476.681458677		483.075609103		
1485864000.0		481.071359292		477.884495722		484.338347254		
1485897643.24		482.274488926		479.04670978		485.578970996		
1485931286.49		483.440133996		480.175368731		486.778444897		
1485964929.73		456.63237278		451.128388619		463.467231013		
1485998572.97		446.22772154		438.975806716		456.215091681		
1486032216.22		448.514139539		441.501565189		458.169475998		
1486065859.46		460.722386698		453.86704685		469.95118929		
1486099502.7		463.27322214		456.700668182		471.859706306		
1486133145.95		465.718140629		459.378821035		473.806398132		
1486166789.19		467.981252549		461.960720863		475.447950735		
1486200432.43		470.215708401		464.51975343		477.192925709		
1486234075.68		472.378980097		466.954107565		478.683505478		
1486267718.92		474.512101552		469.258387273		480.220349414		
1486301362.16		476.544093115		471.629341919		481.588367353		
1486335005.41		478.479862509		473.909410682		482.986750745		
1486368648.65		480.406322956		475.913862162		484.450207307		
1486402291.89		482.060652539		478.009687037		486.009736974		
1486435935.14		483.741544755		480.037606772		487.628131066		
1486469578.38		485.451415306		481.92082047		489.370739747		
1486503221.62		487.148177466		483.825813005		491.005422776		
1486536864.86		488.782919447		485.373125315		492.591033894		
1486570508.11		490.57338129		486.851908541		494.098739844		
1486604151.35		492.204539289		488.4317673		495.608245932		
1486637794.59		493.834368807		490.000084447		497.102407013		
1486671437.84		495.395412837		491.574572967		498.545082295		
1486705081.08		496.853102554		493.21722446		499.911506823		
1486738724.32		498.293870229		494.810909085		501.288353188		
1486772367.57		499.71559059		496.28639826		502.570444242		
1486806010.81		501.070553587		497.888955416		503.832066186		
1486839654.05		502.461218268		499.339103001		505.208842983		
1486873297.3		503.818831551		500.748681869		506.59376471		
1486906940.54		505.132850179		502.0742472		507.926504117		
1486940583.78		506.436356726		503.44463874		509.225421838		
1486974227.03		507.659751981		504.70817552		510.479506585		
1487007870.27		508.930926749		505.943596161		511.738872112		
1487041513.51		510.132000962		507.12688678		512.99151749		
1487075156.76		511.272897713		508.277961957		514.197610019		
1487108800.0		512.429011753		509.400784604		515.323717176		
1487142443.24		513.625240547		510.609626441		516.527771821		
1487176086.49		514.788461736		511.718440047		517.694134626		
1487209729.73		515.979155207		512.898353076		518.860046395		
1487243372.97		517.115255703		513.94454842		519.972992519		
1487277016.22		519.113278371		515.907308423		521.945994503		
1487310659.46		520.09213484		516.838200367		522.924310475		
1487344302.7		521.042927539		517.845761735		523.881307621		
1487377945.95		522.012974187		518.822202834		524.871694179		
1487411589.19		522.967386981		519.711618249		525.776158769		
1487445232.43		523.884828925		520.635352784		526.613084346		
1487478875.68		524.778719466		521.507807651		527.544193701		
1487512518.92		525.719272631		522.460163936		528.494608889		
1487546162.16		526.553997985		523.326829331		529.248432864		
1487579805.41		527.390409361		524.221654658		530.095629313		
1487613448.65		528.159974664		525.017664941		530.933976743		
1487647091.89		529.025787265		525.816010154		531.733924757		
1487680735.14		529.850557644		526.564845919		532.463140366		
1487714378.38		530.631519444		527.353673782		533.208910463		
1487748021.62		531.401223326		528.0063844		533.993954347		
1487781664.86		532.166327516		528.824231804		534.775201096		
1487815308.11		532.88446988		529.627550372		535.56685605		
1487848951.35		533.58264396		530.277324645		536.313777069		
1487882594.59		534.319689169		530.920968846		537.085519983		
1487916237.84		535.038703537		531.537608175		537.854941323		
1487949881.08		535.530465821		532.071218606		538.352993847		
1487983524.32		536.124825646		532.599954895		538.964067888		
1488017167.57		536.684733786		533.03214483		539.54477085		
1488050810.81		537.210694372		533.477007328		540.116609881		
1488084454.05		537.743732735		533.858093042		540.629378779		
1488118097.3		538.219804891		534.260787248		541.112754546		
1488151740.54		538.741966634		534.646916416		541.671466474		
1488185383.78		539.194592214		535.035154196		542.22193399		
1488219027.03		539.665498422		535.420936534		542.727113581		
1488252670.27		540.150543791		535.972849914		543.242280211		
1488286313.51		540.607610293		536.400639417		543.721204483		
1488319956.76		541.010349692		536.744362659		544.141976076		
1488353600.0		541.424326778		537.142047942		544.56299951		
1488387243.24		541.783606737		537.420425154		545.002676678		
1488420886.49		542.240116273		537.824530264		545.40952584		
1488454529.73		542.649349592		538.202173743		545.791034276		
1488488172.97		543.076349612		538.551120777		546.227881031		
1488521816.22		543.397766551		538.857186499		546.538713377		
1488555459.46		543.769294797		539.218102116		546.950314033		
1488589102.7		544.084434276		539.541119262		547.344724898		
1488622745.95		544.431942322		539.882718054		547.696835389		
1488656389.19		544.74103392		540.171849493		548.05085005		
1488690032.43		545.005506593		540.430303689		548.347681153		
1488723675.68		545.246512019		540.675904846		548.594937165		
1488757318.92		544.250542951		539.717532737		547.59577834		
1488790962.16		544.15036581		539.641258655		547.519287643		
1488824605.41		544.639890527		540.102801111		547.958993898		
1488858248.65		545.079391907		540.546043774		548.412358887		
1488891891.89		545.529552539		541.000019144		548.917005736		
1488925535.14		545.954835937		541.440044002		549.279200304		
1488959178.38		546.332356726		541.857672644		549.658159972		
1488992821.62		546.724796343		542.276690069		550.064472347		
1489026464.86		547.193212799		542.7385691		550.531304996		
1489060108.11		547.637399387		543.160499624		550.917880416		
1489093751.35		549.046829958		544.631443207		552.36201129		
1489127394.59		549.325182149		544.925600755		552.62582612		
1489161037.84		549.602528294		545.260788421		552.920783666		
1489194681.08		549.917875845		545.569033476		553.190866106		
1489228324.32		550.282439947		546.00057942		553.551801397		
1489261967.57		550.661907811		546.386057176		553.858728701		
1489295610.81		550.94110608		546.72444293		554.12521158		
1489329254.05		551.248750828		547.084825635		554.40480373		
1489362897.3		551.486968066		547.351463683		554.604584257		
1489396540.54		551.680840505		547.607507749		554.772336388		
1489430183.78		551.915473235		547.913948281		554.949790892		
1489463827.03		552.114848991		548.192574369		555.159648516		
1489497470.27		552.285967946		548.425890656		555.306455355		
1489531113.51		552.488376607		548.674476869		555.496303441		
1489564756.76		552.712411288		548.903130245		555.698066568		
1489598400.0		552.893538136		549.197924876		555.90249565		
1489632043.24		553.089504006		549.449332475		556.042065323		
1489665686.49		553.322330326		549.679174849		556.217129957		
1489699329.73		553.447303387		549.858377999		556.279332929		
1489732972.97		553.587361753		550.077819717		556.36596259		
1489766616.22		553.763442161		550.277468435		556.524813284		
1489800259.46		553.98017845		550.543106447		556.705716383		
1489833902.7		554.159474819		550.739499929		556.85298006		
1489867545.95		554.248675005		550.929147956		556.953430343		
1489901189.19		554.36535961		551.135889219		557.035036962		
1489934832.43		554.438225669		551.227171509		557.088958596		
1489968475.68		554.5746207		551.449691909		557.194637084		
1490002118.92		554.728936228		551.72663012		557.3015936		
1490035762.16		554.856174319		552.152379716		557.411156863		
1490069405.41		554.986591946		552.411426236		557.495559748		
1490103048.65		555.148840894		552.688599044		557.649203907		
1490136691.89		555.276378518		552.913363569		557.747618727		
1490170335.14		555.429155721		553.097117857		557.846839735		
1490203978.38		555.545777922		553.238708877		557.954520641		
1490237621.62		555.749413989		553.436248011		558.094622436		
1490271264.86		555.961322763		553.628114996		558.300229303		
1490304908.11		556.182603265		553.870467437		558.518618678		
1490338551.35		556.294209806		553.997003997		558.756925142		
1490372194.59		556.422777497		554.093470385		558.926558253		
1490405837.84		556.620150682		554.286264712		559.219940338		
1490439481.08		556.786168382		554.49849783		559.569397978		
1490473124.32		556.897391992		554.588850768		559.72486129		
1490506767.57		557.058486479		554.705338112		559.845399864		
1490540410.81		557.182124919		554.778018058		560.041898816		
1490574054.05		557.282232089		554.882555066		560.195123041		
1490607697.3		557.376300385		554.990421518		560.327778517		
1490641340.54		557.544754611		555.182884123		560.557588864		
1490674983.78		557.714154933		555.318031401		560.773138011		
1490708627.03		557.944343678		555.51777781		561.008348274		
1490742270.27		558.041040636		555.666955667		561.177524931		
1490775913.51		558.209744615		555.81160708		561.309234886		
1490809556.76		558.454626048		556.038667882		561.521933085		
1490843200.0		558.685090953		556.256240884		561.785880687		
1490876843.24		558.822186956		556.399446975		561.967651233		
1490910486.49		558.91289122		556.470704253		562.104020926		
1490944129.73		559.088063924		556.609022858		562.26046902		
1490977772.97		559.277978225		556.770802721		562.553175351		
1491011416.22		559.490652241		556.909284742		562.786263246		
1491045059.46		559.78136296		557.189582639		563.125730597		
1491078702.7		560.068125964		557.39958749		563.473290709		
1491112345.95		560.299125015		557.582529812		563.743040544		
1491145989.19		560.441195341		557.716335846		563.920048177		
1491179632.43		560.530112223		557.804275103		564.067545688		
1491213275.68		560.628535948		557.862702335		564.210939596		
1491246918.92		560.77422143		557.960640273		564.381912082		
1491280562.16		560.97626519		558.137778971		564.621650016		
1491314205.41		561.150044857		558.277831494		564.822488119		
1491347848.65		561.363695197		558.449560678		565.073510731		
1491381491.89		561.45110805		558.530007337		565.248047766		
1491415135.14		561.604786129		558.683106305		565.555715235		
1491448778.38		561.769176317		558.769509986		565.773718658		
1491482421.62		561.909650601		558.865679624		565.989272771		
1491516064.86		560.294464061		557.20970156		564.398942485		
1491549708.11		560.418180491		557.363107262		564.558330973		
1491583351.35		560.63648143		557.54885253		564.854528423		
1491616994.59		560.798594471		557.696493855		565.135166399		
1491650637.84		561.032741149		557.847807497		565.480829667		
1491684281.08		561.23896433		557.966153214		565.784529935		
1491717924.32		561.418877708		558.094420854		566.068575461		
1491751567.57		561.545206686		558.159334469		566.262906245		
1491785210.81		561.707939039		558.274581013		566.475667531		
1491818854.05		561.942304495		558.439370707		566.831030132		
1491852497.3		562.173068473		558.648095772		567.169202838		
1491886140.54		562.321409334		558.771866348		567.423721953		
1491919783.78		562.468548374		558.899042793		567.606983319		
1491953427.03		562.619110312		558.98907357		567.894902568		
1491987070.27		562.721830872		559.031342383		568.080416557		
1492020713.51		562.87607326		559.136229764		568.381301894		
1492054356.76		562.980263995		559.160692173		568.603549818		
1492088000.0		563.039695022		559.187936498		568.790135036		
1492121643.24		564.58388047		560.618832109		570.433244743		
1492155286.49		564.615554409		560.625931397		570.557677375		
1492188929.73		564.716977084		560.644065407		570.744737482		
1492222572.97		564.792848653		560.581962758		570.889556051		
1492256216.22		564.910987589		560.583566517		571.083393085		
1492289859.46		565.039694473		560.63969737		571.3365046		
1492323502.7		565.164248209		560.677553391		571.612624342		
1492357145.95		565.2209288		560.668927804		571.791046866		
1492390789.19		565.306614414		560.66905287		571.981596546		
1492424432.43		565.362125079		560.65672562		572.14062065		
1492458075.68		565.523740604		560.749242373		572.409168399		
1492491718.92		565.718207978		560.86363258		572.682204417		
1492525362.16		565.912443869		560.956597731		572.964551151		
1492559005.41		566.077054299		561.057872844		573.219382306		
1492592648.65		566.262130785		561.163734703		573.519709175		
1492626291.89		566.454935891		561.269411089		573.789401365		
1492659935.14		566.630712536		561.365705902		574.088598088		
1492693578.38		566.839019734		561.470874207		574.378954804		
1492727221.62		567.058310254		561.567242214		574.626701801		
1492760864.86		567.224813688		561.68360992		574.873729642		
1492794508.11		567.395472459		561.806845509		575.127826653		
1492828151.35		567.589729398		561.943862182		575.406126129		
1492861794.59		567.785963975		562.06259899		575.67209268		
1492895437.84		567.991278739		562.161137581		575.942683635		
1492929081.08		568.157842467		562.28447613		576.246324299		
1492962724.32		568.333911227		562.385159818		576.523690082		
1492996367.57		568.528576121		562.486953554		576.793631948		
1493030010.81		568.7097059		562.605312251		577.063658004		
1493063654.05		568.875254715		562.711705378		577.333772628		
1493097297.3		569.035057642		562.814466352		577.60160882		
1493130940.54		569.201242216		562.920675739		577.869136807		
1493164583.78		569.388565638		563.011182407		578.135046597		
1493198227.03		569.55858746		563.089288088		578.414767464		
1493231870.27		569.701254285		563.171047381		578.678395191		
1493265513.51		569.893753919		563.276978972		578.954610222		
1493299156.76		570.063454227		563.419417097		579.235277132		
1493332800.0		570.226772637		563.52965346		579.521324895		
1493366443.24		570.382262712		563.629806522		579.821691448		
1493400086.49		570.529766497		563.721476108		580.088927547		
1493433729.73		570.698780902		563.830253885		580.35752122		
1493467372.97		570.88530735		563.93346786		580.650843532		
1493501016.22		571.059200313		564.040139653		580.948802369		
1493534659.46		571.222307162		564.143822557		581.252491449		
1493568302.7		571.419140913		564.230110166		581.55030279		
1493601945.95		571.592115678		564.300664311		581.850591287		
1493635589.19		571.766808284		564.415099917		582.15297238		
1493669232.43		571.945350071		564.525193675		582.455091		
1493702875.68		572.123849511		564.634853634		582.758459632		
1493736518.92		572.298529346		564.739086097		583.05807294		
1493770162.16		572.472302488		564.839846948		583.357890196		
1493803805.41		572.658001252		564.918203648		583.659366074		
1493837448.65		572.853050882		564.992830795		583.94117792		
1493871091.89		573.035179603		565.070062284		584.244159308		
1493904735.14		573.209679466		565.15229763		584.565512901		
1493938378.38		573.399403889		565.25957644		584.87095135		
1493972021.62		573.589196615		565.387360398		585.174408677		
1494005664.86		573.779060385		565.502943122		585.478099157		
1494039308.11		573.968997815		565.643987757		585.782026944		
1494072951.35		574.154879189		565.762135677		586.083720816		
1494106594.59		574.33811601		565.869097249		586.384453211		
1494140237.84		574.53610018		565.965848469		586.683834517		
1494173881.08		574.729530418		566.05521425		586.975388013		
1494207524.32		574.919870283		566.152097646		587.267173418		
1494241167.57		575.110296929		566.24897868		587.55837362		
1494274810.81		575.307341834		566.345858853		587.840186431		
1494308454.05		575.502257963		566.443083949		588.117603623		
1494342097.3		575.690255364		566.548371489		588.408792513		
1494375740.54		575.885203221		566.653669358		588.700243863		
1494409383.78		576.072038364		566.758978993		589.001665596		
1494443027.03		576.275285495		566.864301643		589.293920184		
1494476670.27		576.459153423		566.987998269		589.588421775		
1494510313.51		576.639547258		567.113199527		589.883183543		
1494543956.76		576.829577169		567.183879933		590.178207392		
1494577600.0		577.019708359		567.264890482		590.473495152		
1494611243.24		577.211196754		567.359360984		590.769048723		
1494644886.49		577.403895363		567.453841547		591.064869811		
1494678529.73		577.594502181		567.548333177		591.360960088		
1494712172.97		577.782759241		567.642836901		591.657321256		
1494745816.22		577.96215442		567.728018668		591.955054475		
1494779459.46		578.140126445		567.789429001		592.253075262		
1494813102.7		578.311520995		567.858043047		592.545836768		
1494846745.95		578.492769337		567.926651888		592.838873653		
1494880389.19		578.68059514		567.995256594		593.132186979		
1494914032.43		578.86710932		568.063858195		593.425777787		
1494947675.68		579.080974125		568.136947606		593.719647037		
1494981318.92		579.290848551		568.237539398		594.013795721		
1495014962.16		579.494635817		568.34077504		594.308224798		
1495048605.41		579.690300003		568.447465874		594.602935158		
1495082248.65		579.878290216		568.554184645		594.897927731		
1495115891.89		580.062266856		568.625469782		595.193203406		
1495149535.14		580.246343512		568.69019676		595.488763013		
1495183178.38		580.439235739		568.771784636		595.784607427		
1495216821.62		580.647346995		568.864854287		596.080737479		
1495250464.86		580.837416975		568.968591996		596.374047913		
1495284108.11		581.011228534		569.074938075		596.65939086		
1495317751.35		581.188181313		569.177240911		596.954956539		
1495351394.59		581.365232868		569.273725063		597.253488175		
1495385037.84		581.542383769		569.373487535		597.552308179		
1495418681.08		581.715701412		569.470683888		597.851417442		
1495452324.32		581.891403731		569.550651492		598.150816825		
1495485967.57		582.067203281		569.624147864		598.451918069		
1495519610.81		582.246410971		569.713039821		598.755782745		
1495553254.05		582.429832405		569.815232061		599.059951658		
1495586897.3		582.622009666		569.917455668		599.364425485		
1495620540.54		582.816072922		570.019710893		599.669204874		
1495654183.78		583.010829797		570.121997979		599.97429047		
1495687827.03		583.199466205		570.224317175		600.279682925		
1495721470.27		583.38735568		570.326668698		600.585382865		
1495755113.51		583.575360421		570.429052768		600.891390919		
1495788756.76		583.76348082		570.5314696		601.198382732		
1495822400.0		583.955514637		570.633919385		601.509339726		
1495856043.24		584.146547784		570.735025374		601.81993835		
1495889686.49		584.336391796		570.831789784		602.131794627		
1495923329.73		584.530462096		570.928584096		602.443971702		
1495956972.97		584.724379258		571.025938373		602.756470211		
1495990616.22		584.901588685		571.127694128		603.069290777		
1496024259.46		585.070339173		571.22948304		603.377036026		
1496057902.7		585.251537653		571.323474057		603.683839338		
1496091545.95		585.433139794		571.397438704		603.990952601		
1496125189.19		585.622166932		571.471419252		604.298376383		
1496158832.43		585.81806603		571.545415884		604.606111266		
1496192475.68		586.007078967		571.619428763		604.924893077		
1496226118.92		586.20207531		571.702042837		605.260179424		
1496259762.16		586.400904549		571.799164729		605.570849396		
1496293405.41		586.597118023		571.896316674		605.873422461		
1496327048.65		586.787826306		571.994135279		606.176296657		
1496360691.89		586.983331482		572.098400218		606.487028407		
1496394335.14		587.176407113		572.208460081		606.804449119		
1496427978.38		587.36526169		572.319110973		607.122201235		
1496461621.62		587.553862265		572.406692003		607.440285347		
1496495264.86		587.758531344		572.505296714		607.758702039		
1496528908.11		587.962779674		572.607821114		608.077451894		
1496562551.35		588.159055399		572.711571568		608.391009304		
1496596194.59		588.35546034		572.815358522		608.704532918		
1496629837.84		588.55199471		572.919182046		609.018378644		
1496663481.08		588.734908957		573.023042211		609.332547038		
1496697124.32		588.901239941		573.126939083		609.647038647		
1496730767.57		589.110628733		573.230872725		609.961854023		
1496764410.81		589.315886694		573.334843203		610.276993716		
1496798054.05		589.516425107		573.438850574		610.59245827		
1496831697.3		589.717098837		573.5428949		610.908248234		
1496865340.54		589.922334364		573.646976237		611.224364154		
1496898983.78		590.137673353		573.751094639		611.540806575		
1496932627.03		590.347541495		573.848350909		611.857576041		
1496966270.27		590.550529895		573.939173072		612.185330745		
1496999913.51		590.751813127		574.030881182		612.520273403		
1497033556.76		590.945901445		574.12299071		612.855581937		
1497067200.0		591.140116658		574.215128971		613.191257002		
