1463457600.0		5.76241903223		3.26230086185		17.0357798006		
1463491243.24		2.99195306091		2.89552404775		3.13183399831		
1463524886.49		2.98660123193		2.9512887741		3.03652711744		
1463558529.73		3.11720744071		3.08250980294		3.16703894436		
1463592172.97		3.23387466415		3.19772700223		3.28433613242		
1463625816.22		3.38913566701		3.35151859004		3.44203819791		
1463659459.46		3.55116835886		3.51186851411		3.60649170486		
1463693102.7		3.68628627508		3.64565879925		3.74371181615		
1463726745.95		3.86382259283		3.82118313728		3.92381301093		
1463760389.19		4.01018356002		3.96596435068		4.07235048672		
1463794032.43		4.20169045065		4.15525458274		4.26664550184		
1463827675.68		4.40164686437		4.35327218873		4.4693488034		
1463861318.92		4.57729032833		4.5269499755		4.64762254031		
1463894962.16		4.79423951206		4.74144165886		4.86803572879		
1463928605.41		5.02126540502		4.96585355619		5.09864954059		
1463962248.65		5.22115819116		5.16288510771		5.30120041824		
1463995891.89		5.46810924336		5.40755905926		5.5517777716		
1464029535.14		5.66957481789		5.60677636503		5.75571365362		
1464063178.38		5.84976175929		5.78531174771		5.937711855		
1464096821.62		6.01666423901		5.95025736709		6.10653366882		
1464130464.86		6.21704526163		6.14851534062		6.3092877442		
1464164108.11		6.54086185149		6.46914724357		6.6378309301		
1464197751.35		6.81892610638		6.74490383071		6.92003874441		
1464231394.59		7.08254799684		7.00618824162		7.18786823848		
1464265037.84		7.35663834963		7.27690508683		7.46552154342		
1464298681.08		7.61421367115		7.53103420669		7.72641660716		
1464332324.32		7.93299662204		7.84476431361		8.04940294466		
1464365967.57		8.2172268831		8.12517638341		8.33822780786		
1464399610.81		8.55924933983		8.46387779558		8.68565976134		
1464433254.05		8.91506277603		8.8163110278		9.0461982722		
1464466897.3		9.2309871952		9.12868727057		9.36625854839		
1464500540.54		9.61244370787		9.5048288053		9.75318815451		
1464534183.78		9.96968040862		9.8588569637		10.1151080822		
1464567827.03		10.3613567621		10.2464143802		10.5119705083		
1464601470.27		10.7874009943		10.6676772006		10.9434372476		
1464635113.51		11.1438478853		11.0199722202		11.3045238672		
1464668756.76		11.601026168		11.4721238675		11.768163381		
1464702400.0		12.0355516478		11.9021680132		12.2085640679		
1464736043.24		12.4964653127		12.3588338111		12.6755732566		
1464769686.49		13.0027544416		12.8604232167		13.1891118152		
1464803329.73		13.4259931754		13.2790853444		13.6175407927		
1464836972.97		13.9662175628		13.8143519727		14.1648881548		
1464870616.22		14.5262455377		14.3699460942		14.7324436009		
1464904259.46		15.0222972819		14.8606613167		15.2349921127		
1464937902.7		15.6210837027		15.4536832575		15.8416983361		
1464971545.95		16.102652888		15.9316439625		16.3297881659		
1465005189.19		16.7244981023		16.548379409		16.9604525818		
1465038832.43		17.3838429788		17.2026385067		17.6289365339		
1465072475.68		17.997096587		17.8112816114		18.2501317362		
1465106118.92		19.0221924179		18.828249495		19.2891986583		
1465139762.16		20.103086003		19.8979001411		20.3843619978		
1465173405.41		21.2371519014		21.0210468369		21.5343610072		
1465207048.65		22.4245183372		22.1963757374		22.7371032345		
1465240691.89		23.667070546		23.4253613263		23.9964013443		
1465274335.14		24.8717499697		24.6153663415		25.2164718738		
1465307978.38		26.2651943887		25.9941359519		26.6247514854		
1465341621.62		27.7259168072		27.4420167567		28.1037921629		
1465375264.86		29.255443527		28.9566298952		29.6501859308		
1465408908.11		30.8476147094		30.5362973726		31.2632595009		
1465442551.35		32.5097730354		32.1839813741		32.9440334022		
1465476194.59		34.2425861504		33.9045580442		34.6961842413		
1465509837.84		36.0489484391		35.6967351466		36.5209935043		
1465543481.08		37.9310034998		37.5618547233		38.4216163083		
1465577124.32		39.8904418269		39.5063060209		40.4020925028		
1465610767.57		41.9253712197		41.5257316418		42.4552482541		
1465644410.81		44.039800031		43.6256676311		44.5886768748		
1465678054.05		46.2432473449		45.7997306307		46.8087812975		
1465711697.3		48.5292356798		48.0643591782		49.1172449686		
1465745340.54		50.8999442341		50.4091911497		51.5102480575		
1465778983.78		53.3510569911		52.8384694011		53.9907450277		
1465812627.03		55.8879517448		55.3558654091		56.5519349419		
1465846270.27		58.5237925842		57.9783621641		59.2263828357		
1465879913.51		61.1785684336		60.6161893297		61.9021534539		
1465913556.76		63.9030588589		63.3195425623		64.6463743636		
1465947200.0		45.132681163		43.3317443059		48.303038713		
1465980843.24		34.612657474		33.6579396368		36.1079795608		
1466014486.49		34.9698416919		34.0101537858		36.2260942535		
1466048129.73		35.61825534		34.6544824851		36.7879361932		
1466081772.97		36.3078812712		35.3347004362		37.493333984		
1466115416.22		37.0067214362		36.0229025243		38.1891590318		
1466149059.46		37.7107212417		36.7147335273		38.898701405		
1466182702.7		38.4237028303		37.4163931203		39.6138238321		
1466216345.95		39.1457669256		38.124613222		40.3403497574		
1466249989.19		39.8744650959		38.8399123371		41.0718638043		
1466283632.43		40.6043338019		39.5618392553		41.8149052202		
1466317275.68		41.3395523489		40.2889090777		42.561898522		
1466350918.92		42.0769596493		41.0191139228		43.3132117682		
1466384562.16		42.8214397313		41.7533293132		44.0665010133		
1466418205.41		43.5741946597		42.4974209811		44.8314726985		
1466451848.65		44.3342678962		43.2527173766		45.5976829234		
1466485491.89		45.0844217988		44.0108086971		46.369414575		
1466519135.14		45.8596522006		44.7813817495		47.1463767897		
1466552778.38		47.4354297763		46.3212575796		48.7398335851		
1466586421.62		49.6690713113		48.517701035		51.0170508092		
1466620064.86		51.9927348217		50.8014591762		53.3720352231		
1466653708.11		54.3975246034		53.1651704375		55.8063066425		
1466687351.35		56.8831899015		55.6027640149		58.3382019527		
1466720994.59		59.4484373276		58.1278547264		60.9631454563		
1466754637.84		62.0953220225		60.7266325378		63.6592446898		
1466788281.08		64.8289416454		63.3899115249		66.4510782525		
1466821924.32		67.6415517442		66.1710411184		69.3241252622		
1466855567.57		70.5294961678		69.0219516231		72.2764663433		
1466889210.81		73.4945151535		71.9562689926		75.3079695766		
1466922854.05		76.5410987685		74.9532267952		78.4164036162		
1466956497.3		79.6823799811		78.0544769949		81.5837778204		
1466990140.54		82.8888091067		81.2398087416		84.8333795078		
1467023783.78		86.1699476545		84.4868614785		88.1242264571		
1467057427.03		89.5175564047		87.8075212134		91.5228652438		
1467091070.27		92.9298994779		91.1947406422		94.9640730775		
1467124713.51		96.4164217002		94.6022635353		98.4993131182		
1467158356.76		99.941058131		97.9727471472		102.045768843		
1467192000.0		103.517407278		101.549048533		105.656249209		
1467225643.24		107.200832347		105.201927362		109.353010416		
1467259286.49		110.912888301		108.863884463		113.086940789		
1467292929.73		107.229527702		105.289675843		109.308169884		
1467326572.97		110.744630428		108.799363963		112.84408331		
1467360216.22		122.105779839		120.021260482		124.39057444		
1467393859.46		125.956655994		123.856497798		128.255702602		
1467427502.7		129.844600613		127.737377252		132.156301458		
1467461145.95		133.711703762		131.525535485		136.01566801		
1467494789.19		137.58638055		135.393197074		139.917202849		
1467528432.43		141.465006936		139.234715157		143.809482194		
1467562075.68		145.342580585		143.098694596		147.664549701		
1467595718.92		149.205709885		146.92450276		151.561875255		
1467629362.16		153.083406828		150.687884413		155.433144125		
1467663005.41		156.929162801		154.527321245		159.280031883		
1467696648.65		160.763718613		158.318824856		163.12298775		
1467730291.89		164.548886455		162.098265842		166.924588743		
1467763935.14		168.313901799		165.834619893		170.674728269		
1467797578.38		171.991676645		169.505192136		174.354042078		
1467831221.62		175.670835169		173.153035465		178.044723906		
1467864864.86		179.289890599		176.730742451		181.665087863		
1467898508.11		182.854316752		180.282366066		185.28975031		
1467932151.35		186.778160448		184.196239233		189.246455951		
1467965794.59		189.847472451		187.243217034		192.255043499		
1467999437.84		193.227311944		190.542050956		195.594663831		
1468033081.08		196.489067347		193.825585827		198.929007388		
1468066724.32		199.729406692		197.08810888		202.196034164		
1468100367.57		202.914899534		200.230133993		205.425936151		
1468134010.81		206.004065162		203.280280842		208.584869222		
1468167654.05		209.030575803		206.2829676		211.679130374		
1468201297.3		211.972359879		209.194700769		214.657475447		
1468234940.54		214.820508017		212.04743857		217.595668697		
1468268583.78		217.600748977		214.874198222		220.384691921		
1468302227.03		220.412090527		217.657423189		223.199711		
1468335870.27		223.108231736		220.347466164		225.861876897		
1468369513.51		225.701319259		222.978601587		228.494167384		
1468403156.76		228.228352374		225.487201745		231.028508893		
1468436800.0		230.656249605		227.859341423		233.45807675		
1468470443.24		249.434941883		246.421203121		252.461768495		
1468504086.49		251.84535717		248.834785728		254.849999052		
1468537729.73		254.11853631		251.031370092		257.194495587		
1468571372.97		256.379958357		253.284706928		259.494997078		
1468605016.22		177.420323892		169.661657114		190.349571025		
1468638659.46		137.552896198		133.322632278		144.990942524		
1468672302.7		138.978960134		135.2165661		144.253766384		
1468705945.95		142.905629412		139.158486533		147.907701319		
1468739589.19		147.052604937		143.33887663		151.789419038		
1468773232.43		151.256280477		147.559401591		155.964682893		
1468806875.68		155.445468365		151.767010556		160.091256985		
1468840518.92		159.628831201		155.982735095		164.194442948		
1468874162.16		163.749408271		160.169990712		168.270281515		
1468907805.41		167.925061693		164.378715823		172.385884037		
1468941448.65		172.042389111		168.568812478		176.368854941		
1468975091.89		174.227751424		170.851880417		178.441890016		
1469008735.14		178.407326836		175.085831599		182.52255054		
1469042378.38		182.488984618		179.203458052		186.520555075		
1469076021.62		186.632369258		183.380362465		190.56581291		
1469109664.86		190.674711901		187.482324873		194.485753365		
1469143308.11		194.67638242		191.570552791		198.338901269		
1469176951.35		198.626189865		195.603536555		202.207837674		
1469210594.59		182.151164605		179.478512681		185.289989044		
1469244237.84		185.43989895		182.780149694		188.427324549		
1469277881.08		188.583250048		185.952902932		191.390005872		
1469311524.32		191.667659608		189.110860621		194.314631124		
1469345167.57		194.670203416		192.198111305		197.212939342		
1469378810.81		197.611795774		195.206386389		199.991561681		
1469412454.05		200.490893293		198.141357105		202.714781373		
1469446097.3		203.279091554		200.987245751		205.469431616		
1469479740.54		206.029616836		203.809844555		208.160055107		
1469513383.78		208.671322903		206.487493089		210.825208155		
1469547027.03		202.105528834		200.101526629		204.107481772		
1469580670.27		204.50329592		202.584432976		206.46723721		
1469614313.51		206.825457779		204.951783006		208.818447582		
1469647956.76		209.089785339		207.296051475		211.105349211		
1469681600.0		211.315431125		209.595740604		213.339287071		
1469715243.24		213.488866551		211.756061435		215.520487203		
1469748886.49		220.653433294		218.861924278		222.690555779		
1469782529.73		222.715338062		220.947362044		224.740944491		
1469816172.97		224.756265131		222.97583651		226.738172865		
1469849816.22		240.699246083		238.807775275		242.76741217		
1469883459.46		242.710921157		240.753945472		244.805350614		
1469917102.7		244.678158207		242.727025742		246.817198139		
1469950745.95		246.590493446		244.588998423		248.716729836		
1469984389.19		248.390772781		246.45089024		250.500006367		
1470018032.43		250.10564577		248.167313207		252.235002158		
1470051675.68		251.84838595		249.838905474		253.982525471		
1470085318.92		238.134064876		236.175015723		240.187646717		
1470118962.16		255.137816308		253.007987248		257.331553208		
1470152605.41		256.605429572		254.452702026		258.827946059		
1470186248.65		239.944025525		237.922057539		241.990475029		
1470219891.89		241.446132127		239.455180235		243.464521383		
1470253535.14		242.885893808		240.938632399		244.917515443		
1470287178.38		244.294643086		242.360705255		246.323861326		
1470320821.62		245.617240795		243.689108404		247.659479201		
1470354464.86		246.374193407		244.443245476		248.436892256		
1470388108.11		247.892414411		246.000090463		249.917318478		
1470421751.35		249.170461961		247.298012304		251.183789094		
1470455394.59		250.363304336		248.498348625		252.366770004		
1470489037.84		251.512273488		249.649745657		253.50977945		
1470522681.08		249.860244722		248.038388287		251.861826096		
1470556324.32		250.975649587		249.124923712		252.989235223		
1470589967.57		252.100954982		250.269156743		254.136879367		
1470623610.81		253.19941365		251.345540977		255.219044138		
1470657254.05		254.289315484		252.40712528		256.298089105		
1470690897.3		255.370670528		253.434650276		257.345707599		
1470724540.54		275.832078327		273.760686338		277.980638104		
1470758183.78		258.37412181		256.441951755		260.383878625		
1470791827.03		277.730538783		275.693688723		279.849059052		
1470825470.27		277.957835345		275.935273025		280.046500355		
1470859113.51		278.049072256		276.043492089		280.130815156		
1470892756.76		278.118802655		276.115603504		280.182840093		
1470926400.0		278.194301009		276.19367056		280.25875653		
1470960043.24		278.436529693		276.537542585		280.568552782		
1470993686.49		278.847191839		277.024640099		280.897176607		
1471027329.73		279.151258675		277.381314921		281.126721939		
1471060972.97		279.536629133		277.801798487		281.426327474		
1471094616.22		279.848798264		278.14908948		281.722890231		
1471128259.46		280.218826787		278.611314045		282.056066276		
1471161902.7		280.578643084		279.032705787		282.340802895		
1471195545.95		280.946666682		279.39274664		282.638508727		
1471229189.19		281.315348189		279.820809376		282.990431138		
1471262832.43		281.616767927		280.202928731		283.282929485		
1471296475.68		281.955015198		280.527571571		283.609393758		
1471330118.92		282.359997348		280.881486052		283.99461399		
1471363762.16		282.633168137		281.150709334		284.281428639		
1471397405.41		282.954518203		281.431283696		284.660076655		
1471431048.65		283.222344571		281.668373582		285.071291003		
1471464691.89		283.564914643		281.982297163		285.512566722		
1471498335.14		283.916039285		282.304685894		285.966747869		
1471531978.38		284.215170642		282.578414841		286.345814288		
1471565621.62		284.543538288		282.901813909		286.770653649		
1471599264.86		284.856277795		283.169548558		287.179448812		
1471632908.11		285.158271287		283.426168443		287.605486605		
1471666551.35		285.426224672		283.703271005		287.951591523		
1471700194.59		285.700425506		283.945550161		288.366276876		
1471733837.84		285.976870952		284.191350856		288.684819026		
1471767481.08		286.270984318		284.444529534		289.069375171		
1471801124.32		286.550954954		284.704085825		289.446180337		
1471834767.57		286.910096387		285.019256083		289.89462412		
1471868410.81		287.074199289		285.154423121		290.102428087		
1471902054.05		285.989317932		284.349077899		288.494389621		
1471935697.3		277.044397489		275.674472774		279.203260118		
1471969340.54		268.826342676		267.536671704		270.900291779		
1472002983.78		261.217212309		259.835741936		263.097599151		
1472036627.03		254.108393004		252.471683927		255.926182742		
1472070270.27		238.855430995		237.06487192		240.763508629		
1472103913.51		241.444093553		239.690018396		243.430114986		
1472137556.76		217.351238623		215.778025804		219.133601368		
1472171200.0		230.793902408		229.176522273		232.765165952		
1472204843.24		225.863381923		224.308028169		227.80946138		
1472238486.49		221.206035331		219.622351191		223.127123673		
1472272129.73		216.766360393		215.276320189		218.604459038		
1472305772.97		212.495154051		211.024396352		214.333903494		
1472339416.22		208.459501697		207.005057495		210.25501765		
1472373059.46		204.559024218		203.147083819		206.381665046		
1472406702.7		200.858300589		199.49180205		202.648672514		
1472440345.95		197.29284717		195.951232062		199.085497613		
1472473989.19		193.919232225		192.571097215		195.706406144		
1472507632.43		190.657723922		189.310591263		192.44782459		
1472541275.68		187.524754221		186.196844369		189.272515791		
1472574918.92		184.501761141		183.182257813		186.221553283		
1472608562.16		181.589728205		180.290410223		183.26825902		
1472642205.41		178.803404315		177.504885368		180.449677291		
1472675848.65		176.083258156		174.805645031		177.741980428		
1472709491.89		173.4782991		172.186932184		175.139624923		
1472743135.14		170.968152311		169.66923929		172.64449325		
1472776778.38		168.575836118		167.25870558		170.237607057		
1472810421.62		166.191656623		164.812930865		167.797959813		
1472844064.86		164.426950576		163.121229217		165.940858013		
1472877708.11		168.465333331		167.154247372		169.974400157		
1472911351.35		172.338421417		171.049305326		173.831606453		
1472944994.59		176.202089164		174.928913212		177.688518061		
1472978637.84		180.058854349		178.782761759		181.549716986		
1473012281.08		183.880373004		182.628230809		185.358061386		
1473045924.32		187.675866635		186.39295723		189.148334744		
1473079567.57		191.461323804		190.145870669		192.893940445		
1473113210.81		195.427332633		194.120930176		196.840543316		
1473146854.05		199.074871759		197.756360993		200.454487891		
1473180497.3		202.816640191		201.502780088		204.184524614		
1473214140.54		206.48335983		205.187286236		207.856757038		
1473247783.78		210.114039608		208.827709366		211.486529499		
1473281427.03		213.697611572		212.407292428		215.075879046		
1473315070.27		217.233483664		215.924284337		218.595826364		
1473348713.51		220.715465726		219.421394782		222.083546815		
1473382356.76		223.940690957		222.672737585		225.311759442		
1473416000.0		227.397779687		226.123609577		228.779243661		
1473449643.24		230.68254565		229.428105583		232.06735864		
1473483286.49		233.90295831		232.662441477		235.326788983		
1473516929.73		237.10924935		235.866649803		238.530897682		
1473550572.97		240.250647809		239.019247838		241.663917378		
1473584216.22		243.307114239		242.088557098		244.726995352		
1473617859.46		246.319535667		245.071414044		247.772644475		
1473651502.7		249.260194745		248.003018025		250.732218969		
1473685145.95		252.18487084		250.911489223		253.635219067		
1473718789.19		255.053726294		253.742874847		256.517664949		
1473752432.43		257.84937087		256.528385883		259.321205061		
1473786075.68		260.592812084		259.270179659		262.074921555		
1473819718.92		263.631041611		262.378189726		265.101696448		
1473853362.16		266.33296115		265.096193153		267.678564866		
1473887005.41		268.867273745		267.679471434		270.137984496		
1473920648.65		270.951703883		269.773926275		272.300387414		
1473954291.89		273.381280797		272.178131169		274.718413018		
1473987935.14		275.830267702		274.61374315		277.157275034		
1474021578.38		278.171348879		276.957959521		279.506441139		
1474055221.62		280.447624452		279.242345366		281.803157925		
1474088864.86		273.869454582		272.69922675		275.208491214		
1474122508.11		275.986506703		274.809109067		277.351745759		
1474156151.35		278.065488259		276.891464881		279.438950128		
1474189794.59		280.117500144		278.941945877		281.515196342		
1474223437.84		282.095488133		280.888042474		283.502587259		
1474257081.08		284.049226738		282.813734326		285.459355184		
1474290724.32		285.936584688		284.678636262		287.364797069		
1474324367.57		287.766404003		286.505854519		289.207567733		
1474358010.81		289.547946229		288.286203514		290.998784186		
1474391654.05		289.313299807		288.029508089		290.772028248		
1474425297.3		291.032229433		289.762317738		292.5278161		
1474458940.54		292.706964713		291.442344262		294.24664777		
1474492583.78		294.363474514		293.094770276		295.932371701		
1474526227.03		294.847758408		293.563233851		296.403713712		
1474559870.27		296.772461001		295.471159019		298.362627727		
1474593513.51		298.683176691		297.386216956		300.328571846		
1474627156.76		300.475659556		299.172448102		302.157797859		
1474660800.0		297.569310934		296.264809374		299.238528634		
1474694443.24		299.181975421		297.867405603		300.898463836		
1474728086.49		300.676014122		299.359459402		302.42826115		
1474761729.73		302.119962029		300.796664883		303.924542849		
1474795372.97		303.506260922		302.180956212		305.336018274		
1474829016.22		304.865426578		303.525282048		306.736646109		
1474862659.46		306.18358294		304.818704967		308.037417409		
1474896302.7		307.44523747		306.082057223		309.341690289		
1474929945.95		308.667170664		307.290091299		310.620157175		
1474963589.19		309.845994841		308.475515171		311.83948558		
1474997232.43		311.018377898		309.645581808		313.022506256		
1475030875.68		312.15970198		310.780255218		314.171823164		
1475064518.92		313.270259793		311.885700267		315.290050573		
1475098162.16		314.490901879		313.119400971		316.556819482		
1475131805.41		315.715772255		314.343186399		317.873338736		
1475165448.65		316.931253587		315.537033468		319.15474113		
1475199091.89		311.651263424		310.352381571		313.565426645		
1475232735.14		301.648850481		300.534341284		303.240645823		
1475266378.38		292.065873114		291.045785097		293.457930191		
1475300021.62		273.621440095		272.634544865		274.770284955		
1475333664.86		274.566314248		273.536700094		275.821864223		
1475367308.11		268.899938764		267.71693868		270.351131267		
1475400951.35		266.278592773		264.910252055		267.863283124		
1475434594.59		264.162555931		262.647091927		265.863060965		
1475468237.84		262.077843569		260.429373678		263.902660263		
1475501881.08		260.123190162		258.325926106		262.034337236		
1475535524.32		255.215695714		253.354783915		257.290816883		
1475569167.57		253.45367234		251.493086961		255.652167862		
1475602810.81		251.987760607		249.886043897		254.323542173		
1475636454.05		250.340900104		248.079163066		252.793094032		
1475670097.3		249.948527079		247.541818139		252.523528078		
1475703740.54		253.629493213		251.198601945		256.215803362		
1475737383.78		259.360889316		256.941953181		261.894197905		
1475771027.03		265.164295267		262.805963337		267.658492878		
1475804670.27		270.86591219		268.547329263		273.335226656		
1475838313.51		276.506503798		274.210099383		278.934158932		
1475871956.76		281.929507953		279.698506095		284.319815717		
1475905600.0		286.698585733		284.567356838		289.030519733		
1475939243.24		291.352395548		289.300224574		293.691063338		
1475972886.49		295.986591881		293.999146754		298.263474733		
1476006529.73		300.490588072		298.565058999		302.7010717		
1476040172.97		304.906666041		303.043201316		307.063594835		
1476073816.22		309.250532547		307.395184317		311.309644754		
1476107459.46		313.476179098		311.678609367		315.507310208		
1476141102.7		317.591863075		315.87086974		319.552675537		
1476174745.95		321.670258841		320.038002462		323.606178235		
1476208389.19		325.561037326		323.94019719		327.416275141		
1476242032.43		329.386693517		327.783125728		331.221419596		
1476275675.68		333.114951741		331.542241193		334.881466812		
1476309318.92		336.695962735		335.197770306		338.449778879		
1476342962.16		339.469992985		338.043736066		341.193026131		
1476376605.41		342.294507879		340.90515157		344.037161399		
1476410248.65		345.387052284		344.009697114		347.083647366		
1476443891.89		348.385145345		347.01170891		350.029802286		
1476477535.14		351.183190232		349.827853789		352.777752898		
1476511178.38		354.305097031		352.97287705		355.88178003		
1476544821.62		357.327336047		356.023542097		358.909159594		
1476578464.86		360.244847559		358.975545024		361.830363327		
1476612108.11		363.095591458		361.856455819		364.676187829		
1476645751.35		365.878130802		364.625586498		367.453306498		
1476679394.59		368.548588658		367.31490088		370.135306464		
1476713037.84		371.144641057		369.900527514		372.734372881		
1476746681.08		373.654799939		372.387324944		375.231283182		
1476780324.32		376.061673182		374.781599707		377.666381733		
1476813967.57		378.394159877		377.097956267		379.994210413		
1476847610.81		380.66772769		379.342248771		382.290999592		
1476881254.05		382.864636252		381.525895299		384.493094671		
1476914897.3		384.966039636		383.626509249		386.592489847		
1476948540.54		386.959230161		385.618305441		388.61243171		
1476982183.78		388.81900915		387.487255413		390.484932689		
1477015827.03		390.378097377		389.049979325		392.053000416		
1477049470.27		391.889567377		390.5539419		393.548228558		
1477083113.51		393.339940183		392.017631862		395.014922949		
1477116756.76		394.742619794		393.405209887		396.447849713		
1477150400.0		396.12482371		394.787597007		397.845287892		
1477184043.24		397.4579349		396.115950586		399.175262725		
1477217686.49		398.762771453		397.432991206		400.489927575		
1477251329.73		400.029306416		398.689578593		401.771971348		
1477284972.97		401.264554132		399.909828554		403.033474946		
1477318616.22		402.450229844		401.067720569		404.226105467		
1477352259.46		403.607656041		402.234541668		405.397446029		
1477385902.7		404.731543525		403.35162367		406.540200704		
1477419545.95		405.799473737		404.397466112		407.625097605		
1477453189.19		406.843989548		405.436067636		408.668853215		
1477486832.43		407.881552845		406.455254723		409.698594474		
1477520475.68		408.905340325		407.463662629		410.717109264		
1477554118.92		409.886484504		408.424493116		411.676453204		
1477587762.16		410.700930249		409.240661364		412.479101273		
1477621405.41		411.730190293		410.287132842		413.54195086		
1477655048.65		412.668569398		411.203204285		414.48196783		
1477688691.89		413.502368985		412.028174722		415.340197381		
1477722335.14		414.368559789		412.882697127		416.234326184		
1477755978.38		415.214814967		413.737895937		417.15471637		
1477789621.62		416.049707001		414.589011155		418.016799211		
1477823264.86		416.870106875		415.400872264		418.895190849		
1477856908.11		417.660981391		416.177402245		419.681499874		
1477890551.35		418.450161534		416.988746109		420.495188944		
1477924194.59		419.200885164		417.72953509		421.261100302		
1477957837.84		419.96706734		418.476439023		422.041031652		
1477991481.08		420.703870883		419.207988744		422.797263456		
1478025124.32		421.426764729		419.909687665		423.535708246		
1478058767.57		422.155107236		420.634813941		424.27142203		
1478092410.81		422.838896025		421.325275696		424.994727454		
1478126054.05		423.530609523		422.020161555		425.727067167		
1478159697.3		424.184199167		422.660251324		426.385437155		
1478193340.54		424.900180536		423.371855131		427.106110654		
1478226983.78		425.558180373		424.03451761		427.774335621		
1478260627.03		426.212900156		424.681580114		428.436276725		
1478294270.27		426.884955025		425.343900999		429.102910901		
1478327913.51		427.54425487		426.001068956		429.764144401		
1478361556.76		428.168324582		426.63366382		430.389707231		
1478395200.0		428.815209133		427.272095265		431.033625259		
1478428843.24		429.429144884		427.900177222		431.646041868		
1478462486.49		430.031432785		428.50383313		432.256094793		
1478496129.73		430.640015294		429.106829336		432.861752425		
1478529772.97		431.254186992		429.701673692		433.475611736		
1478563416.22		431.869549993		430.301862969		434.099135935		
1478597059.46		432.462288791		430.905321279		434.709390505		
1478630702.7		433.05767683		431.502650009		435.315694255		
1478664345.95		433.65880291		432.103825331		435.919814216		
1478697989.19		434.227383297		432.680558279		436.498089548		
1478731632.43		434.816079441		433.246966402		437.080510583		
1478765275.68		435.399003542		433.841350649		437.670655483		
1478798918.92		435.959032683		434.411345276		438.242305518		
1478832562.16		436.54028681		434.988609846		438.826430612		
1478866205.41		437.107996341		435.550768132		439.381298825		
1478899848.65		437.67931865		436.116285851		439.948658418		
1478933491.89		438.250153756		436.681736583		440.517648854		
1478967135.14		438.830635207		437.257433763		441.09166046		
1479000778.38		439.382440779		437.810403672		441.63339589		
1479034421.62		439.954963095		438.386455055		442.201580021		
1479068064.86		440.513828695		438.948314142		442.750983069		
1479101708.11		441.06075011		439.504903592		443.273505979		
1479135351.35		441.631193572		440.079243965		443.830448668		
1479168994.59		442.188348748		440.626010351		444.378764647		
1479202637.84		442.732633485		441.166466948		444.929473919		
1479236281.08		443.278973322		441.719743916		445.476489616		
1479269924.32		443.811405637		442.253483592		445.993411092		
1479303567.57		444.348104446		442.794913061		446.516966761		
1479337210.81		444.892169346		443.339939609		447.045691058		
1479370854.05		445.440377955		443.875412184		447.590735496		
1479404497.3		445.98901371		444.410117906		448.131006232		
1479438140.54		446.542684481		444.962260389		448.684272008		
1479471783.78		447.080823318		445.491739791		449.218885166		
1479505427.03		447.63394867		446.038663657		449.764947037		
1479539070.27		448.18183444		446.567949702		450.307176787		
1479572713.51		448.727645703		447.107778297		450.832734545		
1479606356.76		449.278414574		447.659521456		451.353900858		
1479640000.0		449.811026674		448.205964336		451.87913354		
1479673643.24		450.340729842		448.740897733		452.390921267		
1479707286.49		450.868675242		449.279655265		452.931227757		
1479740929.73		451.396577617		449.824434036		453.418259381		
1479774572.97		424.718369583		422.526200887		428.123680042		
1479808216.22		360.556686789		355.33250372		366.867239119		
1479841859.46		361.467760232		356.595879295		367.81284644		
1479875502.7		375.597327771		370.64290306		381.867607186		
1479909145.95		379.244061341		374.393095774		385.317443351		
1479942789.19		382.79177657		378.093818726		388.663287209		
1479976432.43		386.235566048		381.66991742		391.845621685		
1480010075.68		389.568046418		385.161843883		395.005283703		
1480043718.92		392.854611336		388.56266081		398.103655481		
1480077362.16		396.000877211		391.853821301		401.082231204		
1480111005.41		399.051604336		395.037970959		403.970069874		
1480144648.65		402.063157955		398.16694925		406.806308045		
1480178291.89		404.949305798		401.236325004		409.532238842		
1480211935.14		407.771729592		404.236045031		412.19751036		
1480245578.38		410.489632075		407.110558051		414.749873807		
1480279221.62		413.118033741		409.915383375		417.209970137		
1480312864.86		415.66187237		412.613533645		419.612005096		
1480346508.11		417.542025639		414.661643767		421.281114835		
1480380151.35		415.776488018		413.090537174		419.005690959		
1480413794.59		414.07316085		411.480494564		417.130984812		
1480447437.84		412.46784904		410.003848807		415.277948716		
1480481081.08		410.942613471		408.578156306		413.534192335		
1480514724.32		409.445871596		407.143178439		412.03665037		
1480548367.57		408.051463686		405.685463056		410.808921845		
1480582010.81		406.795741852		404.378741713		409.72043224		
1480615654.05		405.68278772		403.04311912		408.679855472		
1480649297.3		404.617497137		401.684660103		407.844354584		
1480682940.54		403.574119355		400.4938655		406.992819937		
1480716583.78		402.593314468		399.294803894		406.214901348		
1480750227.03		401.73828917		398.160339051		405.641652562		
1480783870.27		400.943157906		397.119129682		405.114871704		
1480817513.51		400.179561502		396.156440619		404.661627965		
1480851156.76		399.470035518		395.283096259		404.152081323		
1480884800.0		398.786691304		394.450369144		403.659089638		
1480918443.24		398.163793823		393.70383141		403.265682853		
1480952086.49		400.838350523		396.516656253		405.853417535		
1480985729.73		404.259789437		400.105889794		409.118986909		
1481019372.97		407.598979443		403.59464081		412.262790232		
1481053016.22		410.837801794		406.996916631		415.307824512		
1481086659.46		413.937949029		410.255134324		418.257649099		
1481120302.7		416.967732565		413.435703528		421.135167296		
1481153945.95		419.931350923		416.532213018		423.925396757		
1481187589.19		422.794492628		419.531308845		426.607821409		
1481221232.43		425.607970987		422.458319607		429.256740147		
1481254875.68		428.247005672		425.228579062		431.828557729		
1481288518.92		430.830811577		427.910222084		434.301956184		
1481322162.16		433.318573745		430.518331262		436.63697324		
1481355805.41		435.734373845		433.013586431		438.875566199		
1481389448.65		438.040170843		435.422190566		441.093281369		
1481423091.89		440.312592172		437.793829868		443.219692728		
1481456735.14		442.511388424		440.100976542		445.30792203		
1481490378.38		444.661320991		442.369241015		447.351502741		
1481524021.62		446.685396832		444.490155599		449.261835866		
1481557664.86		448.628576015		446.474982323		451.086426864		
1481591308.11		450.299789687		448.247015262		452.743984896		
1481624951.35		451.836421473		449.875244416		454.22347527		
1481658594.59		453.369253257		451.445290713		455.680646633		
1481692237.84		454.862957194		453.022410768		457.124407068		
1481725881.08		456.311994478		454.507734344		458.52586943		
1481759524.32		457.777149575		456.008737241		459.953498942		
1481793167.57		459.224160513		457.495214628		461.368743868		
1481826810.81		460.528940514		458.824086929		462.677287557		
1481860454.05		461.861836657		460.159167191		463.933478562		
1481894097.3		463.154921695		461.493270049		465.183476286		
1481927740.54		464.440055661		462.77566492		466.417497825		
1481961383.78		465.666240423		464.027120664		467.641538426		
1481995027.03		466.869656139		465.230334485		468.825535214		
1482028670.27		468.031080199		466.348067314		469.975425911		
1482062313.51		469.1765948		467.472674636		471.100761344		
1482095956.76		470.322107569		468.620517852		472.212907026		
1482129600.0		471.456248629		469.73263673		473.317579723		
1482163243.24		472.512250185		470.773941658		474.368798526		
1482196886.49		462.265409879		460.623152297		464.030607096		
1482230529.73		451.319240455		449.045057493		453.862396661		
1482264172.97		441.246075522		437.919838416		444.865227285		
1482297816.22		432.012239287		427.712728637		436.519924135		
1482331459.46		423.27982262		417.97163581		428.693784097		
1482365102.7		417.546900453		411.565820255		423.836986704		
1482398745.95		420.97819975		415.288224906		426.944325492		
1482432389.19		424.404911664		418.973455932		430.116386444		
1482466032.43		427.730300088		422.516186665		433.211192792		
1482499675.68		430.911943601		425.960740847		436.12296584		
1482533318.92		434.028463404		429.300453794		439.055858982		
1482566962.16		437.065271318		432.482073785		441.891822712		
1482600605.41		440.029472699		435.670962665		444.729453945		
1482634248.65		442.884946528		438.731372671		447.364376089		
1482667891.89		445.642353478		441.611639302		449.904528797		
1482701535.14		448.280787859		444.386255477		452.423830283		
1482735178.38		450.799125503		447.106190423		454.761277607		
1482768821.62		453.28063597		449.688521223		456.967579264		
1482802464.86		455.623907602		452.192434949		459.186947828		
1482836108.11		457.875173389		454.607315896		461.353822092		
1482869751.35		460.055759952		456.879028783		463.45857501		
1482903394.59		462.218893948		459.139024617		465.596523393		
1482937037.84		464.29050987		461.378457418		467.672054242		
1482970681.08		463.856415884		461.045958867		467.154395514		
1483004324.32		465.927680911		463.204478002		469.068141446		
1483037967.57		467.961472374		465.334172223		471.046261695		
1483071610.81		469.942731954		467.391351235		472.910686737		
1483105254.05		471.872039838		469.369879369		474.789739458		
1483138897.3		473.679529805		471.276877975		476.435918491		
1483172540.54		475.441898743		473.069012693		478.130378532		
1483206183.78		477.118299928		474.797587188		479.764079608		
1483239827.03		478.746639298		476.435710844		481.322275502		
1483273470.27		480.413307662		478.09902126		482.884652173		
1483307113.51		482.023492406		479.701125685		484.417371375		
1483340756.76		483.560493419		481.282167486		485.915674767		
1483374400.0		485.055576513		482.849453622		487.375935258		
1483408043.24		486.508113982		484.292609969		488.761948033		
1483441686.49		487.900057821		485.718941279		490.134640179		
1483475329.73		489.226353617		487.09847925		491.436067273		
1483508972.97		490.485445426		488.370653729		492.678031545		
1483542616.22		491.786821195		489.66681693		493.926557272		
1483576259.46		493.039637668		490.9589974		495.177485797		
1483609902.7		494.251625528		492.200846152		496.418878721		
1483643545.95		495.403587087		493.354237387		497.53831274		
1483677189.19		496.543326292		494.492788209		498.724345597		
1483710832.43		497.66457234		495.631145624		499.858785554		
1483744475.68		498.80060769		496.821129546		500.980580013		
1483778118.92		499.917721564		497.948127374		502.098869529		
1483811762.16		501.015176859		499.028849647		503.187283462		
1483845405.41		502.073177548		500.095169463		504.295134699		
1483879048.65		503.107733981		501.115467706		505.338469032		
1483912691.89		504.148828348		502.106848685		506.351802067		
1483946335.14		505.154023302		503.07639743		507.36387514		
1483979978.38		506.151434196		504.069082794		508.352813698		
1484013621.62		507.182981718		505.072813587		509.394971465		
1484047264.86		508.195818784		506.070087266		510.429165036		
1484080908.11		509.131212229		506.984111555		511.392646587		
1484114551.35		510.018547336		507.838668298		512.312333048		
1484148194.59		510.888842606		508.684817319		513.173504051		
1484181837.84		511.733455067		509.516097048		514.047617954		
1484215481.08		512.600133697		510.395523982		514.944831322		
1484249124.32		513.44104296		511.217327988		515.819277108		
1484282767.57		514.216529631		511.976589046		516.629681446		
1484316410.81		514.981321666		512.717016663		517.411853767		
1484350054.05		515.704097104		513.431637702		518.153761734		
1484383697.3		516.482661348		514.175889474		518.949740217		
1484417340.54		517.274288085		514.93459788		519.740543971		
1484450983.78		518.040468377		515.695976656		520.52935643		
1484484627.03		518.854512295		516.455596795		521.329846078		
1484518270.27		519.581493948		517.186507262		522.081969594		
1484551913.51		520.290982738		517.869884733		522.799183002		
1484585556.76		521.010692434		518.567388863		523.523144785		
1484619200.0		521.684295195		519.215713683		524.20722563		
1484652843.24		522.394794558		519.89592201		524.936669646		
1484686486.49		523.132498057		520.60323991		525.718173197		
1484720129.73		523.855806239		521.323491896		526.47615573		
1484753772.97		524.546446769		521.988633092		527.20214062		
1484787416.22		415.924317959		413.869648895		418.052153731		
1484821059.46		416.484742275		414.398919858		418.630897654		
1484854702.7		417.029905232		414.926237222		419.18027217		
1484888345.95		417.581234267		415.460829392		419.728892008		
1484921989.19		418.137626811		415.993627204		420.290189847		
1484955632.43		500.191881669		497.61263281		502.778988029		
1484989275.68		500.892263386		498.288973111		503.493621434		
1485022918.92		501.58726394		498.957702291		504.196335324		
1485056562.16		502.249967102		499.579132565		504.879363702		
1485090205.41		502.897190576		500.210339427		505.547036303		
1485123848.65		503.56001173		500.871294494		506.243185793		
1485157491.89		504.193023154		501.477766877		506.914667803		
1485191135.14		504.81101347		502.078895342		507.556498641		
1485224778.38		500.038178471		497.288662852		502.747790319		
1485258421.62		488.619663612		485.905631764		491.273505078		
1485292064.86		477.973335133		475.293040364		480.614349215		
1485325708.11		473.513813411		470.842681792		476.162535622		
1485359351.35		475.221583437		472.521214463		477.896833828		
1485392994.59		476.870491873		474.151366148		479.579590149		
1485426637.84		478.515056095		475.773791756		481.259189941		
1485460281.08		401.880730954		399.566300094		404.209147658		
1485493924.32		403.281172656		400.950169967		405.6431176		
1485527567.57		404.658930876		402.297829139		407.042757947		
1485561210.81		406.000233927		403.611433159		408.397845617		
1485594854.05		407.270487698		404.86491901		409.698920274		
1485628497.3		408.516523851		406.093561833		410.972212067		
1485662140.54		409.741170415		407.298976539		412.231611577		
1485695783.78		410.947638062		408.487912113		413.470160291		
1485729427.03		412.128260545		409.637577825		414.67448638		
1485763070.27		413.271711745		410.767343912		415.850271824		
1485796713.51		414.385740867		411.86469951		416.991527581		
1485830356.76		477.258942417		474.34245263		480.285232944		
1485864000.0		478.464873742		475.513115824		481.516121715		
1485897643.24		479.654758043		476.673184097		482.703544037		
1485931286.49		480.794323682		477.802471806		483.876954361		
1485964929.73		459.051644563		453.795975933		465.177500847		
1485998572.97		450.80146896		444.094065473		460.179401312		
1486032216.22		452.909417705		446.265051825		461.771858731		
1486065859.46		464.854234478		458.372532564		473.417392113		
1486099502.7		467.065730671		460.879260882		475.173755902		
1486133145.95		469.152849663		463.290616087		476.579776896		
1486166789.19		471.158552112		465.515779042		477.983908931		
1486200432.43		473.143803099		467.684370877		479.319179967		
1486234075.68		475.061752531		469.795105775		480.772125866		
1486267718.92		476.905958043		471.942315844		482.267283836		
1486301362.16		478.731972259		473.973298245		483.639486344		
1486335005.41		480.45378351		475.852193593		484.956411071		
1486368648.65		482.116490945		477.726928477		486.167182958		
1486402291.89		483.579593065		479.562604985		487.664457208		
1486435935.14		485.139096279		481.330274494		489.127903636		
1486469578.38		486.712820638		483.05211013		490.622426714		
1486503221.62		488.260717913		484.777047481		492.148082949		
1486536864.86		489.645874671		486.325884173		493.572932391		
1486570508.11		491.187932891		487.822477709		495.054825377		
1486604151.35		492.663688337		489.218021752		496.336202058		
1486637794.59		494.154614727		490.653976493		497.690221699		
1486671437.84		495.506936435		492.015707423		498.944843434		
1486705081.08		496.793898119		493.374883789		500.237823729		
1486738724.32		497.960684797		494.759044685		501.466989232		
1486772367.57		499.146979318		496.009783387		502.591504319		
1486806010.81		500.416352201		497.300021693		503.794161943		
1486839654.05		501.64949733		498.569328729		504.946252096		
1486873297.3		502.895736008		499.789874041		506.195018369		
1486906940.54		504.136698071		501.038725499		507.416878508		
1486940583.78		505.343768805		502.255750296		508.611915534		
1486974227.03		506.488150534		503.405512084		509.799973212		
1487007870.27		507.573408087		504.54302737		510.923551288		
1487041513.51		508.720307227		505.638456765		512.067566785		
1487075156.76		509.794996054		506.716902072		513.109891131		
1487108800.0		510.849758258		507.820316381		514.199386458		
1487142443.24		511.930858931		508.888161026		515.284538265		
1487176086.49		513.028262941		509.890485282		516.347427221		
1487209729.73		514.126986792		510.927330514		517.449326358		
1487243372.97		515.156975437		511.883214295		518.509360043		
1487277016.22		517.043546965		513.749462097		520.483229139		
1487310659.46		517.97902547		514.614785057		521.462587743		
1487344302.7		518.910889304		515.491845036		522.400300688		
1487377945.95		519.826528597		516.3914799		523.286304761		
1487411589.19		520.712531925		517.294770024		524.177906115		
1487445232.43		521.575234199		518.084533533		525.029918382		
1487478875.68		522.504259514		518.910595803		525.9251021		
1487512518.92		523.441311399		519.796447995		526.851854162		
1487546162.16		524.337205981		520.639373808		527.718455728		
1487579805.41		525.20927205		521.49098909		528.591577297		
1487613448.65		526.066968689		522.304445405		529.396532504		
1487647091.89		526.955477606		523.177731114		530.234816284		
1487680735.14		527.838498536		524.037126341		531.0067025		
1487714378.38		528.648167403		524.861461874		531.796427291		
1487748021.62		529.452122724		525.73113737		532.648853449		
1487781664.86		530.208762482		526.573508526		533.397255497		
1487815308.11		531.039616705		527.475951642		534.206900934		
1487848951.35		531.780643138		528.300133242		534.934178627		
1487882594.59		532.507852556		529.160425209		535.620133734		
1487916237.84		533.239868562		529.990264267		536.289405142		
1487949881.08		533.860954252		530.726267119		536.83894261		
1487983524.32		534.494520381		531.374614776		537.461684016		
1488017167.57		535.116760583		532.103493825		538.055061952		
1488050810.81		535.730143601		532.815156564		538.653488057		
1488084454.05		536.367751755		533.454780325		539.266731673		
1488118097.3		536.943954768		533.998348107		539.877037464		
1488151740.54		537.501054425		534.63053109		540.365356516		
1488185383.78		538.05926681		535.21255205		540.936303537		
1488219027.03		538.572164137		535.741234873		541.466816097		
1488252670.27		539.125856599		536.256933181		541.999012996		
1488286313.51		539.629162912		536.774840923		542.490651889		
1488319956.76		540.121565165		537.254221345		542.894517851		
1488353600.0		540.578992376		537.721775211		543.340817887		
1488387243.24		541.037530918		538.086670613		543.761116056		
1488420886.49		541.52980004		538.551774647		544.231787146		
1488454529.73		541.98828501		538.974701462		544.681605005		
1488488172.97		542.431480685		539.418459396		545.150185348		
1488521816.22		542.805462879		539.740421839		545.536385868		
1488555459.46		543.237416143		540.173378694		545.97836035		
1488589102.7		543.586218256		540.546827016		546.415220337		
1488622745.95		543.984967596		540.917222296		546.841101868		
1488656389.19		544.327744639		541.230377661		547.192293256		
1488690032.43		544.616967947		541.492274163		547.500333188		
1488723675.68		544.868702529		541.736069669		547.804290625		
1488757318.92		543.94548721		540.759681544		546.803800906		
1488790962.16		543.880856633		540.714854338		546.796145826		
1488824605.41		544.342488674		541.21390874		547.357092171		
1488858248.65		544.796761677		541.693965026		547.873688836		
1488891891.89		545.272981674		542.181397619		548.433981267		
1488925535.14		545.726552075		542.605989304		548.900247179		
1488959178.38		546.114467077		543.005733755		549.310647321		
1488992821.62		546.51633577		543.390197203		549.717584744		
1489026464.86		547.014084405		543.871893111		550.182134246		
1489060108.11		547.47190269		544.285366095		550.600117818		
1489093751.35		548.924110179		545.743185868		552.041551077		
1489127394.59		549.1910816		546.044220685		552.327633715		
1489161037.84		549.505074954		546.395812092		552.650779065		
1489194681.08		549.783902871		546.72701196		552.984314428		
1489228324.32		550.136669755		547.120714792		553.371734808		
1489261967.57		550.545334182		547.501024575		553.78204769		
1489295610.81		550.852638839		547.797065239		554.116250881		
1489329254.05		551.174655685		548.118938851		554.416155539		
1489362897.3		551.43124379		548.38726235		554.646181438		
1489396540.54		551.65797516		548.569739847		554.908396522		
1489430183.78		551.895618952		548.820898145		555.103840175		
1489463827.03		552.090977753		549.087622761		555.333378866		
1489497470.27		552.294943783		549.289671678		555.492909516		
1489531113.51		552.482620489		549.499173502		555.715945051		
1489564756.76		552.680240932		549.721316875		555.956365173		
1489598400.0		552.914652622		550.056083208		556.2066239		
1489632043.24		553.095497769		550.430308229		556.394922976		
1489665686.49		553.359146622		550.73353019		556.60349109		
1489699329.73		553.48520289		550.936976689		556.746560266		
1489732972.97		553.654155457		551.124525675		556.886713673		
1489766616.22		553.939007461		551.379846222		557.063972125		
1489800259.46		554.192494199		551.67925536		557.292890117		
1489833902.7		554.393114269		551.897603411		557.49281972		
1489867545.95		554.553530406		552.061804689		557.620295871		
1489901189.19		554.734099191		552.163297501		557.761298719		
1489934832.43		554.850077449		552.240366789		557.911743929		
1489968475.68		555.03529554		552.412529491		558.123347211		
1490002118.92		555.177204547		552.525391413		558.321011605		
1490035762.16		555.321081632		552.637072113		558.57384113		
1490069405.41		555.438111375		552.725992052		558.758145074		
1490103048.65		555.609580066		552.895019493		558.973259494		
1490136691.89		555.700664632		552.999116158		559.279962149		
1490170335.14		555.821147458		553.101925322		559.453796832		
1490203978.38		555.880941275		553.210268788		559.631998774		
1490237621.62		556.01437929		553.316002996		559.887286788		
1490271264.86		556.135768208		553.454603499		560.168596256		
1490304908.11		556.343186288		553.637330638		560.543138653		
1490338551.35		556.435893789		553.743481382		560.666451718		
1490372194.59		556.512751834		553.824843338		560.767695297		
1490405837.84		556.680278263		553.980880257		560.959254691		
1490439481.08		556.806751586		554.080424561		561.130498184		
1490473124.32		556.883320972		554.148951087		561.255972658		
1490506767.57		556.99034734		554.191341882		561.375446339		
1490540410.81		557.075427057		554.287479999		561.587500288		
1490574054.05		557.183945621		554.354838874		561.796543438		
1490607697.3		557.281198282		554.437470083		561.920183503		
1490641340.54		557.449058737		554.567858175		562.107520694		
1490674983.78		557.565429364		554.722902037		562.280546168		
1490708627.03		557.741531017		554.854208965		562.499697183		
1490742270.27		557.87119718		554.909574095		562.671587417		
1490775913.51		558.031438761		555.045467877		562.842074428		
1490809556.76		558.284039527		555.274353824		563.115691811		
1490843200.0		558.497546665		555.481715167		563.338066797		
1490876843.24		558.666574527		555.613343951		563.529567178		
1490910486.49		558.798965954		555.682116443		563.726780414		
1490944129.73		558.993705005		555.821326714		563.945617815		
1490977772.97		559.216613943		555.99404539		564.204324133		
1491011416.22		559.413241379		556.207571024		564.482112448		
1491045059.46		559.724555338		556.49023613		564.861842524		
1491078702.7		559.950974078		556.741016681		565.161763221		
1491112345.95		560.165254982		556.93924892		565.472544198		
1491145989.19		560.333175961		557.058687776		565.70796949		
1491179632.43		560.448819117		557.131569842		565.896924354		
1491213275.68		560.510980715		557.194549615		566.045940274		
1491246918.92		560.604583261		557.25915655		566.235675008		
1491280562.16		560.783636382		557.411121715		566.478424189		
1491314205.41		560.922150359		557.540681861		566.699300163		
1491347848.65		561.093045442		557.709903346		566.963371478		
1491381491.89		561.209085741		557.7637072		567.150005958		
1491415135.14		561.431521356		557.906684405		567.421079496		
1491448778.38		561.581341051		558.025531613		567.641106268		
1491482421.62		561.717055975		558.104225366		567.838385259		
1491516064.86		560.133236255		556.438485723		566.282846836		
1491549708.11		560.286060101		556.535908833		566.523440476		
1491583351.35		560.454214936		556.694154873		566.811520733		
1491616994.59		560.637127607		556.858876469		567.080701777		
1491650637.84		560.831405318		557.048182107		567.386828421		
1491684281.08		561.043490065		557.210575812		567.706284046		
1491717924.32		561.259059852		557.359894187		567.991194267		
1491751567.57		561.499372754		557.518278432		568.274898909		
1491785210.81		561.724608356		557.710064619		568.55574406		
1491818854.05		561.92355106		557.868984542		568.817395094		
1491852497.3		562.149993975		558.029845142		569.077559095		
1491886140.54		562.32360408		558.159789253		569.300475526		
1491919783.78		562.502661622		558.29168722		569.574499307		
1491953427.03		562.691182271		558.456466545		569.858870073		
1491987070.27		562.863853117		558.596651082		570.119564651		
1492020713.51		563.068443542		558.732066761		570.366344618		
1492054356.76		563.224256213		558.868997659		570.631730995		
1492088000.0		563.424253423		559.003252532		570.896249339		
1492121643.24		563.634619837		559.138865062		571.160615065		
1492155286.49		563.838489455		559.277628061		571.424862214		
1492188929.73		564.049739584		559.420230264		571.70145806		
1492222572.97		564.249276709		559.546116052		571.966715669		
1492256216.22		564.443786037		559.689871701		572.225900599		
1492289859.46		564.674412718		559.852822622		572.483907707		
1492323502.7		564.874841455		559.964310639		572.752470872		
1492357145.95		565.089341693		560.057660968		573.057967878		
1492390789.19		565.263320686		560.179079786		573.364768903		
1492424432.43		565.489827846		560.3001923		573.671155174		
1492458075.68		565.645610123		560.409365939		573.977162051		
1492491718.92		565.817237893		560.522194114		574.282820231		
1492525362.16		566.008534776		560.673171852		574.588157321		
1492559005.41		566.190359309		560.794538962		574.893203955		
1492592648.65		566.391964356		560.892621555		575.146636443		
1492626291.89		566.573915108		561.011358279		575.399520188		
1492659935.14		566.760862513		561.105945726		575.652054833		
1492693578.38		566.943679849		561.22943664		575.904265299		
1492727221.62		567.141432978		561.354740153		576.203509763		
1492760864.86		567.314632676		561.480950224		576.519016489		
1492794508.11		567.488421229		561.606766222		576.833161864		
1492828151.35		567.683076078		561.703305802		577.146230887		
1492861794.59		567.879151857		561.792008678		577.416309803		
1492895437.84		568.050796703		561.902858241		577.668014842		
1492929081.08		568.237289205		561.998816156		577.919549371		
1492962724.32		568.431664966		562.105451529		578.147824507		
1492996367.57		568.628391569		562.258553047		578.422176347		
1493030010.81		568.828280524		562.422894484		578.706745695		
1493063654.05		569.021319646		562.545418899		579.014034128		
1493097297.3		569.21754812		562.647199358		579.321359102		
1493130940.54		569.38982413		562.767479555		579.628734123		
1493164583.78		569.616028234		562.881524128		579.936171886		
1493198227.03		569.796996743		562.987482476		580.243683444		
1493231870.27		569.945016167		563.093236627		580.551280828		
1493265513.51		570.126811762		563.198797752		580.858975049		
1493299156.76		570.25407026		563.304175566		581.166775712		
1493332800.0		570.387869352		563.402459099		581.474693532		
1493366443.24		570.548807504		563.501658557		581.782738046		
1493400086.49		570.692484984		563.600697018		582.090917684		
1493433729.73		570.877418587		563.699584065		582.399241918		
1493467372.97		571.037241955		563.798328007		582.707718995		
1493501016.22		571.217905812		563.919604175		583.016356463		
1493534659.46		571.385249563		564.011513555		583.32516256		
1493568302.7		571.596396329		564.105031601		583.634144476		
1493601945.95		571.756208411		564.217868444		583.94330897		
1493635589.19		571.906041291		564.34822982		584.25266322		
1493669232.43		572.07562337		564.436450351		584.562213499		
1493702875.68		572.241452009		564.565367362		584.871965868		
1493736518.92		572.404853744		564.663545247		585.181926587		
1493770162.16		572.584087217		564.776445965		585.492101142		
1493803805.41		572.761634894		564.911987552		585.802494968		
1493837448.65		572.945354287		565.035353017		586.113113538		
1493871091.89		573.135288535		565.134330315		586.423961656		
1493904735.14		573.304482148		565.250538876		586.735044203		
1493938378.38		573.46977065		565.341965881		587.046365971		
1493972021.62		573.639152977		565.443346651		587.357931179		
1494005664.86		573.809568735		565.540827654		587.669744213		
1494039308.11		573.978041076		565.652515819		587.98180928		
1494072951.35		574.147980233		565.766282702		588.294130091		
1494106594.59		574.321701429		565.88234839		588.606710596		
1494140237.84		574.495459271		565.980093986		588.919554498		
1494173881.08		574.672475554		566.097198485		589.232665069		
1494207524.32		574.86473061		566.218400862		589.542286876		
1494241167.57		575.023697627		566.33959734		589.817138127		
1494274810.81		575.190916836		566.456606017		590.092188707		
1494308454.05		575.364901978		566.562126825		590.371105248		
1494342097.3		575.526496609		566.665121721		590.692821641		
1494375740.54		575.701799724		566.74214452		591.014839313		
1494409383.78		575.863711825		566.830431866		591.337161163		
1494443027.03		576.043116644		566.914074681		591.659789775		
1494476670.27		576.227527754		567.001171165		591.982727575		
1494510313.51		576.410016858		567.147147037		592.305977143		
1494543956.76		576.584423467		567.245850927		592.629131006		
1494577600.0		576.757076932		567.331313669		592.945201308		
1494611243.24		576.917338389		567.497001796		593.231307453		
1494644886.49		577.097660107		567.607459761		593.506723792		
1494678529.73		577.230055005		567.725658838		593.782363239		
1494712172.97		577.408652348		567.857588957		594.058227721		
1494745816.22		577.587330267		567.964603047		594.334338603		
1494779459.46		577.7660902		568.071629242		594.659169297		
1494813102.7		577.944933581		568.178668891		594.984328037		
1494846745.95		578.123861663		568.285723166		595.309670894		
1494880389.19		578.302875734		568.392793269		595.634128112		
1494914032.43		578.48197704		568.504178413		595.958915454		
1494947675.68		578.661166676		568.622488503		596.284034457		
1494981318.92		578.833929014		568.750538226		596.609486718		
1495014962.16		579.017590787		568.887130959		596.935273773		
1495048605.41		579.199276692		569.003883416		597.261397031		
1495082248.65		579.384827242		569.098480319		597.587857976		
1495115891.89		579.569159519		569.183273181		597.914658016		
1495149535.14		579.751856237		569.268073784		598.24179845		
1495183178.38		579.932116215		569.366403306		598.569280662		
1495216821.62		580.11247284		569.469917641		598.89710595		
1495250464.86		580.292926853		569.573666343		599.223241288		
1495284108.11		580.473479075		569.682450522		599.548398088		
1495317751.35		580.665958018		569.791262859		599.873894583		
1495351394.59		580.859672866		569.900103946		600.199731903		
1495385037.84		581.044445922		570.008974427		600.525911235		
1495418681.08		581.229324614		570.112977626		600.852433683		
1495452324.32		581.414309562		570.201949804		601.179300319		
1495485967.57		581.697514551		570.314267656		601.50651225		
1495519610.81		581.863717233		570.429456111		601.818599863		
1495553254.05		582.019343387		570.538869736		602.126777402		
1495586897.3		582.180474165		570.650986485		602.435261353		
1495620540.54		582.349431912		570.74596398		602.744052605		
1495654183.78		582.544264352		570.855153118		603.053152043		
1495687827.03		582.717340891		570.977520766		603.362560557		
1495721470.27		582.894150184		571.082313987		603.672278986		
1495755113.51		583.06808222		571.187138598		603.982308171		
1495788756.76		583.248988513		571.283816697		604.292648952		
1495822400.0		583.430654823		571.38098122		604.60330212		
1495856043.24		583.61242799		571.478172395		604.910624209		
1495889686.49		583.794308414		571.575390537		605.217915335		
1495923329.73		583.976296456		571.670248591		605.525512646		
1495956972.97		584.158392493		571.742652903		605.833416896		
1495990616.22		584.291140462		571.803927499		605.048787764		
1496024259.46		584.476153124		571.877377177		605.377067447		
1496057902.7		584.661278364		572.024317064		605.705698862		
1496091545.95		584.84651651		572.131254739		606.034682806		
1496125189.19		585.031867862		572.2382281		606.364020048		
1496158832.43		585.217332741		572.345237378		606.693711384		
1496192475.68		585.402911444		572.446587526		607.023757583		
1496226118.92		585.588604247		572.545112174		607.354159396		
1496259762.16		585.77481418		572.645062171		607.684917595		
1496293405.41		585.958265182		572.731334219		608.016032928		
1496327048.65		586.134723662		572.8164076		608.347506131		
1496360691.89		586.311286453		572.901503181		608.679337955		
1496394335.14		586.483760586		572.986621117		609.011529129		
1496427978.38		586.643889005		573.071761553		609.344080377		
1496461621.62		586.817238068		573.156924642		609.676992432		
1496495264.86		587.006682899		573.24211052		610.010266008		
1496528908.11		587.195125921		573.327319316		610.343901819		
1496562551.35		587.396999834		573.417182653		610.677900582		
1496596194.59		587.598965794		573.509569968		611.012263		
1496629837.84		587.787632356		573.601985201		611.346989777		
1496663481.08		587.972853352		573.682750973		611.682081618		
1496697124.32		588.159410353		573.767806569		612.017539216		
1496730767.57		588.346084126		573.871963497		612.353363267		
1496764410.81		588.53630211		573.958046497		612.689554466		
1496798054.05		588.722173134		574.044153659		613.026113499		
1496831697.3		588.909422233		574.130285075		613.363041054		
1496865340.54		589.108203868		574.216440835		613.70033782		
1496898983.78		589.294579741		574.302621019		614.038004475		
1496932627.03		589.475010546		574.382436762		614.376041703		
1496966270.27		589.655550837		574.460359407		614.714450185		
1496999913.51		589.836200771		574.538301915		615.053230595		
1497033556.76		590.016264972		574.616264358		615.392383613		
1497067200.0		590.185646686		574.695913258		615.731909916		
