1463461200.0		6.15260309061		3.6168366949		16.3914881922		
1463497437.84		2.95239988581		2.90106421156		2.99336538333		
1463533675.68		3.01885939845		2.97808765063		3.05261824996		
1463569913.51		3.17166385607		3.12906468998		3.20864446787		
1463606151.35		3.303322688		3.25903996389		3.34182000046		
1463642389.19		3.4738359828		3.42734007657		3.51414598638		
1463678627.03		3.61752385285		3.56918344363		3.65946681976		
1463714864.86		3.80456804739		3.75376394427		3.84870940292		
1463751102.7		3.98635270421		3.93304986237		4.03260337434		
1463787340.54		4.16587545847		4.11018629196		4.21417248894		
1463823578.38		4.37863703606		4.32007462176		4.429470368		
1463859816.22		4.56876557011		4.50766028703		4.62194977788		
1463896054.05		4.80145802256		4.7379649546		4.85748911755		
1463932291.89		5.04571494069		4.9792259098		5.10511986059		
1463968529.73		5.26349630462		5.19450651978		5.32561955601		
1464004767.57		5.53030693317		5.45857253583		5.59536525662		
1464041005.41		5.73385177701		5.66072022066		5.8016096203		
1464077243.24		5.90958019244		5.83416103017		5.97946976398		
1464113481.08		6.09004446619		6.01141890607		6.16174789725		
1464149718.92		6.38663240951		6.30412612844		6.46177363251		
1464185956.76		6.7312101693		6.6442949323		6.81018795941		
1464222194.59		6.98991268579		6.8995014509		7.07184635909		
1464258432.43		7.27870042106		7.18483340713		7.36454242584		
1464294670.27		7.54955309283		7.4530791773		7.63918384649		
1464330908.11		7.88711450831		7.78588785071		7.98067839682		
1464367145.95		8.19233932131		8.08685656724		8.28950902332		
1464403383.78		8.55639225765		8.44692785654		8.65760183906		
1464439621.62		8.93633067193		8.82245455851		9.04201505697		
1464475859.46		9.27712695075		9.16028222045		9.38656531349		
1464512097.3		9.68599060434		9.56498668183		9.79950941357		
1464548335.14		10.054519166		9.92965478835		10.1712331645		
1464584572.97		10.4953746614		10.364013802		10.616764742		
1464620810.81		10.8699241015		10.733060626		10.9960144812		
1464657048.65		11.3450305062		11.2032586504		11.4773711729		
1464693286.49		11.8402041592		11.6916877766		11.9784186335		
1464729524.32		12.2832336061		12.1291872512		12.4268669845		
1464765762.16		12.8127421271		12.653299744		12.9637456986		
1464802000.0		13.2608926694		13.0986047147		13.4193475072		
1464838237.84		13.8283268224		13.6599210155		13.993736391		
1464874475.68		14.4172144471		14.2425068141		14.589558555		
1464910713.51		14.9447645242		14.7626046409		15.1219437296		
1464946951.35		15.5776473517		15.3870639495		15.7620986176		
1464983189.19		16.0797669061		15.8856094071		16.2700126492		
1465019427.03		16.7521939694		16.5523710796		16.9512377454		
1465055664.86		17.326425794		17.121015248		17.5307915324		
1465091902.7		18.2845122617		18.0691200877		18.5008872115		
1465128140.54		19.3923120001		19.1676735805		19.6208913836		
1465164378.38		20.5625981677		20.3232904868		20.8044889269		
1465200616.22		21.7861490859		21.5288402038		22.0424119933		
1465236854.05		23.0724784195		22.7946494089		23.3458657065		
1465273091.89		24.325704385		24.0310733216		24.612514861		
1465309329.73		25.7742970248		25.4594512214		26.0759036917		
1465345567.57		27.2977958178		26.9620075203		27.6167651576		
1465381805.41		28.8910725449		28.5410098244		29.2254126251		
1465418043.24		30.5505222577		30.1834447766		30.9031074732		
1465454281.08		32.2813846118		31.8926671572		32.6595300241		
1465490518.92		34.0871020775		33.6795846104		34.4929784148		
1465526756.76		35.9755235351		35.5419787425		36.4015812536		
1465562994.59		37.9394967933		37.4818082221		38.3846558965		
1465599232.43		39.9754616273		39.495446912		40.4399767201		
1465635470.27		42.0948983387		41.5917926592		42.5862820983		
1465671708.11		44.3021756399		43.7778992694		44.8250612943		
1465707945.95		46.5920277063		46.0439256786		47.1567691463		
1465744183.78		48.9680056555		48.3999106794		49.5652721392		
1465780421.62		51.4413740619		50.8345718377		52.0728158517		
1465816659.46		53.9929883448		53.3530488903		54.6647033442		
1465852897.3		56.6696510452		56.0053561856		57.3692875963		
1465889135.14		59.3138061319		58.6094963551		60.0650297479		
1465925372.97		62.0477497548		61.3064095896		62.8386563165		
1465937519.0		62.9845700987		62.2171039848		63.7867343706		
1465937520.0		62.9846483854		62.2171800489		63.7868136771		
1465937521.0		62.9847266723		62.2172561131		63.7868929838		
1465961610.81		36.2994661142		35.3214884005		37.2455713708		
1465997848.65		35.3700138317		34.4684946116		36.3186298764		
1466034086.49		36.0455099942		35.1449155372		36.9907864955		
1466070324.32		36.7500433623		35.8438077652		37.7113874599		
1466106562.16		37.4557632764		36.5462118373		38.4348969767		
1466142800.0		38.1733835529		37.2505104416		39.1506939331		
1466179037.84		38.893906643		37.9619743449		39.8773307035		
1466215275.68		39.612482302		38.6743048521		40.599246606		
1466251513.51		40.3441826476		39.4014337173		41.3291577913		
1466287751.35		41.0750809274		40.1202526666		42.0658281723		
1466323989.19		41.8121963689		40.8457363406		42.8101957648		
1466360227.03		42.5570300128		41.5744775073		43.5600189406		
1466396464.86		43.2940083667		42.3028764708		44.3074734214		
1466432702.7		44.0441740762		43.0542334253		45.0588169103		
1466468940.54		44.7954764637		43.8062038689		45.8094847424		
1466505178.38		45.5474259891		44.547662107		46.5738725653		
1466541416.22		46.6305306982		45.6073423881		47.6651420239		
1466577654.05		48.9302052734		47.8580093789		49.9913434677		
1466613891.89		51.3289071008		50.2196029037		52.4187890571		
1466650129.73		53.8165312699		52.6793295201		54.9308349663		
1466686367.57		56.3818678227		55.1845065945		57.5227788009		
1466722605.41		59.0249129936		57.7995079655		60.2017261503		
1466758843.24		61.7270964552		60.4884483822		62.9602284164		
1466795081.08		64.5468695086		63.2529691934		65.794362266		
1466831318.92		67.4478393138		66.0824662244		68.7299311214		
1466867556.76		70.409649065		69.02420572		71.7497642672		
1466903794.59		73.4495076551		72.0231752645		74.8582724905		
1466940032.43		76.5659265445		75.124683724		78.0023839015		
1466976270.27		79.7875600969		78.2937784462		81.236469589		
1467012508.11		83.0510702949		81.5352200874		84.5196777133		
1467048745.95		86.3553105941		84.8068607886		87.8533970236		
1467084983.78		89.7510172124		88.1564062401		91.269877286		
1467121221.62		93.1976311476		91.5192870759		94.7536603392		
1467157459.46		96.671308724		94.9629402597		98.2600318786		
1467193697.3		100.218517312		98.4804961579		101.833962375		
1467229935.14		103.843854071		102.105077462		105.482781769		
1467266172.97		107.49308442		105.698944801		109.183454087		
1467302410.81		104.021015873		102.259532331		105.573651542		
1467338648.65		114.833918812		112.885049586		116.497640964		
1467374886.49		118.541631155		116.602049815		120.268849731		
1467411124.32		122.257792599		120.324862311		124.054665928		
1467447362.16		125.994185289		124.024476174		127.840766349		
1467483600.0		129.705393437		127.706186636		131.622205653		
1467519837.84		133.430649117		131.37457459		135.39528062		
1467556075.68		137.184002141		135.07792289		139.174276113		
1467592313.51		140.888443103		138.709887171		142.910498905		
1467628551.35		144.600266357		142.330749105		146.672896083		
1467664789.19		148.317172485		145.940275733		150.354853172		
1467701027.03		151.945308086		149.509467496		153.986265544		
1467737264.86		155.583383668		153.071374708		157.671617245		
1467773502.7		159.072453092		156.54155711		161.279724494		
1467809740.54		162.529020865		159.975439761		164.80892422		
1467845978.38		165.957145944		163.29141773		168.327326998		
1467882216.22		169.337311468		166.632230277		171.684927269		
1467918454.05		172.706640574		169.904340327		175.055628667		
1467954691.89		176.145003625		173.2249801		178.502014493		
1467990929.73		179.23656389		176.297013422		181.67722421		
1468027167.57		182.430130787		179.396666239		184.873472526		
1468063405.41		185.504857519		182.402169766		187.99322196		
1468099643.24		188.461979697		185.311822443		191.050644366		
1468135881.08		191.401441427		188.189936913		194.001260766		
1468172118.92		194.253823898		190.987596022		196.881396687		
1468208356.76		197.000495728		193.672289518		199.697441248		
1468244594.59		199.703951917		196.310655396		202.433355917		
1468280832.43		202.341174153		198.879785241		205.121982861		
1468317070.27		204.999375458		201.475827023		207.842262743		
1468353308.11		207.538428745		203.908786692		210.397704889		
1468389545.95		209.98253437		206.274597802		212.916005528		
1468425783.78		212.337951275		208.577051787		215.326631314		
1468462021.62		229.734719137		225.652014474		233.008130014		
1468498259.46		232.110469557		227.962407998		235.379659202		
1468534497.3		234.339102442		230.152917188		237.612047233		
1468570735.14		236.509585059		232.307361601		239.840765345		
1468597799.0		238.04805833		233.86205814		241.384060559		
1468597800.0		238.048114256		233.862113499		241.384114977		
1468597801.0		238.048170182		233.862168857		241.384169395		
1468606972.97		168.706929547		164.936036826		172.426658105		
1468643210.81		148.212371031		144.384877474		152.898507098		
1468679448.65		151.398409205		147.700422415		156.007310756		
1468715686.49		155.524687199		151.812518116		160.017716689		
1468751924.32		159.628871756		155.942881337		164.077618803		
1468788162.16		163.778253273		160.074305887		168.053365839		
1468824400.0		167.85462546		164.155554392		172.06599788		
1468860637.84		171.829718551		168.177513229		175.969348733		
1468896875.68		175.756209413		172.156541339		179.846827265		
1468933113.51		179.676796417		176.115340216		183.718278296		
1468969351.35		181.588396722		178.055820149		185.425233828		
1469005589.19		185.562521722		182.125521124		189.269114295		
1469041827.03		189.32326989		185.962337872		192.89326591		
1469078064.86		193.193676235		189.906496022		196.641227277		
1469114302.7		196.912548066		193.672951915		200.184289261		
1469150540.54		200.564533285		197.444360893		203.642859813		
1469186778.38		204.096946567		201.144013685		207.098460581		
1469223016.22		186.702469312		184.115590131		189.324802058		
1469259254.05		189.485539745		187.063782583		192.004013693		
1469295491.89		192.196602618		189.84994247		194.617452716		
1469331729.73		194.833647804		192.649034727		197.137101788		
1469367967.57		197.425636492		195.289741182		199.583662408		
1469404205.41		199.910473945		197.832101975		202.00207168		
1469440443.24		202.404768888		200.376588283		204.423855958		
1469476681.08		204.823835428		202.78420486		206.823085625		
1469512918.92		207.105996922		205.09475252		209.025868683		
1469549156.76		200.333700642		198.42068601		202.092128495		
1469585394.59		202.491752597		200.648053067		204.184499416		
1469621632.43		204.487848871		202.768562172		206.15294068		
1469657870.27		206.465017587		204.776136895		208.09777443		
1469694108.11		208.370351538		206.70298335		209.984812942		
1469730345.95		210.247420701		208.607168623		211.875881742		
1469766583.78		216.922888316		215.327508432		218.593050958		
1469802821.62		218.690808785		217.137037548		220.336029993		
1469839059.46		234.034678909		232.414427962		235.762910861		
1469875297.3		235.815962557		234.194185814		237.49012372		
1469911535.14		237.523389113		235.906703048		239.172974207		
1469947772.97		239.182413545		237.597574184		240.845647213		
1469984010.81		240.771562757		239.194308569		242.427825553		
1470020248.65		242.310493587		240.736446977		243.935121503		
1470056486.49		243.811394459		242.237670196		245.429570236		
1470092724.32		245.307695707		243.726395662		246.91782574		
1470128962.16		246.686710119		245.099772727		248.304107944		
1470165200.0		248.098389922		246.512736686		249.712363442		
1470201437.84		232.198657028		230.737021606		233.65629418		
1470237675.68		233.810358281		232.329241671		235.278043229		
1470273913.51		235.385201998		233.906127218		236.867425567		
1470310151.35		236.916098383		235.393535045		238.365043983		
1470346389.19		237.60326909		236.015352107		239.010129051		
1470382627.03		239.331840889		237.710351215		240.770982086		
1470418864.86		240.825704963		239.1905855		242.264082225		
1470455102.7		242.174925619		240.515734012		243.605301861		
1470491340.54		243.498490585		241.816822442		244.929715164		
1470527578.38		242.027986287		240.347466583		243.438642583		
1470563816.22		243.271982938		241.608148734		244.697411303		
1470600054.05		244.567601341		242.875027425		246.011375117		
1470636291.89		245.817702589		244.129953679		247.24494563		
1470672529.73		247.084256474		245.430243955		248.540500446		
1470708767.57		267.116943525		265.322215488		268.66932489		
1470745005.41		268.349941327		266.537840387		269.88644396		
1470781243.24		269.801972978		268.010674779		271.33594947		
1470817481.08		270.200398512		268.411081807		271.764870622		
1470853718.92		270.447625159		268.696334061		271.997723422		
1470889956.76		270.666842753		268.910486664		272.213707749		
1470926194.59		270.973131832		269.20747714		272.520599913		
1470962432.43		271.995689799		270.243289202		273.570674513		
1470998670.27		273.085257532		271.324034217		274.667140546		
1471034908.11		274.126467721		272.368271632		275.700519076		
1471071145.95		275.182071997		273.443374263		276.763903806		
1471107383.78		276.161675194		274.407795034		277.743051742		
1471143621.62		277.200015611		275.463700689		278.81595687		
1471179859.46		278.158192462		276.396943087		279.779228766		
1471216097.3		279.097412638		277.318174168		280.733974788		
1471252335.14		279.915723087		278.159584464		281.571704914		
1471288572.97		280.777249475		279.036398968		282.434119938		
1471324810.81		281.761930598		279.952142454		283.392653867		
1471361048.65		282.479438136		280.688428785		284.110718365		
1471397286.49		283.364809101		281.544333523		284.9906939		
1471433524.32		284.172765225		282.355902241		285.817725634		
1471469762.16		285.002529699		283.198917251		286.651392698		
1471506000.0		285.861313487		284.036712756		287.56458692		
1471542237.84		286.624909866		284.766366383		288.324610829		
1471578475.68		287.476472599		285.571134239		289.152132406		
1471614713.51		288.236091054		286.292608055		289.94994702		
1471650951.35		288.954534293		286.993423872		290.681163819		
1471687189.19		289.648678675		287.688982858		291.397518737		
1471723427.03		290.347239926		288.37924711		292.087061979		
1471759664.86		291.006897784		289.074028964		292.781693011		
1471795902.7		291.687825115		289.770060618		293.478950373		
1471832140.54		292.371141075		290.43364908		294.159006008		
1471868378.38		292.910006224		290.989478638		294.709133141		
1471879999.0		293.234010965		291.292654516		295.034672079		
1471880000.0		293.23402634		291.292667352		295.034686584		
1471880001.0		293.234041715		291.292680187		295.03470109		
1471904616.22		288.417266013		286.761922122		289.865905228		
1471940854.05		276.91766208		275.496484661		278.324263191		
1471977091.89		266.364904689		264.961711089		267.622120912		
1472013329.73		256.490191828		255.122236093		257.857663384		
1472049567.57		244.286168962		242.854065302		245.627367897		
1472085805.41		239.552494632		238.012377023		240.987375054		
1472122043.24		234.12151431		232.620265756		235.471490127		
1472158281.08		228.915814187		227.479814602		230.267690439		
1472194518.92		223.975022715		222.530915226		225.309591964		
1472230756.76		219.230815523		217.885056089		220.582299162		
1472266994.59		214.733807912		213.378514219		216.095367087		
1472303232.43		210.43136781		209.118969706		211.800466551		
1472339470.27		206.364238762		205.056152293		207.688788189		
1472375708.11		202.425791908		201.159540296		203.750112789		
1472411945.95		198.714451538		197.455950221		200.013791021		
1472448183.78		195.169254763		193.915736372		196.444205198		
1472484421.62		191.751338944		190.539259125		193.036108425		
1472520659.46		188.491756066		187.259156046		189.776858014		
1472556897.3		185.378823254		184.093901569		186.629435917		
1472593135.14		182.377885518		181.099809842		183.656611297		
1472629372.97		179.476790171		178.214625641		180.804084664		
1472665610.81		176.685459673		175.442889875		178.040933604		
1472701848.65		173.990466771		172.734545915		175.375951036		
1472738086.49		171.421588229		170.160034792		172.80246989		
1472774324.32		168.92717494		167.674557816		170.313633842		
1472799999.0		167.219848166		165.947936469		168.586833447		
1472800000.0		167.219781916		165.947871671		168.586768489		
1472800001.0		167.219715666		165.947806872		168.58670353		
1472810562.16		166.585001252		165.321749324		167.950503362		
1472846800.0		166.119378075		164.886104129		167.505797942		
1472883037.84		170.304079731		169.09685473		171.730731434		
1472919275.68		174.453301837		173.256299857		175.885472605		
1472955513.51		178.573196426		177.364754346		179.973490525		
1472991751.35		182.726052766		181.5327412		184.117440139		
1473027989.19		186.843063889		185.652145478		188.236286992		
1473064227.03		190.893297477		189.707746999		192.333589349		
1473100464.86		195.082128273		193.866296829		196.510819685		
1473136702.7		198.787630673		197.518844915		200.195178467		
1473172940.54		202.796877643		201.506588376		204.19610939		
1473209178.38		206.733058043		205.465417096		208.190990323		
1473245416.22		210.651021857		209.365378657		212.107930044		
1473281654.05		214.520332824		213.235671783		215.971811925		
1473317891.89		218.298777135		217.038931902		219.774440329		
1473354129.73		222.060070959		220.753266829		223.569466209		
1473390367.57		225.538308888		224.201837597		227.034073366		
1473426605.41		229.336262672		227.957400263		230.802850394		
1473462843.24		232.856385108		231.486811922		234.324502332		
1473499081.08		236.299281328		234.922980821		237.82910473		
1473535318.92		239.75398592		238.296384692		241.31392544		
1473571556.76		243.154256513		241.65090815		244.730523212		
1473607794.59		246.385680066		244.858325687		248.008958355		
1473644032.43		249.623490243		248.056826093		251.274751853		
1473680270.27		252.793722286		251.194413665		254.470701446		
1473716508.11		255.885822472		254.263505214		257.622543792		
1473752745.95		258.947449384		257.27372924		260.73792195		
1473788983.78		261.945140672		260.237728448		263.80915279		
1473825221.62		264.580353455		262.895265717		266.444089649		
1473861459.46		266.453582613		264.83643268		268.346116702		
1473897697.3		268.098542879		266.482779915		269.979866703		
1473933935.14		270.65163715		269.042726407		272.623774261		
1473970172.97		273.441047947		271.768030726		275.431539633		
1474006410.81		276.121691921		274.428564438		278.188078561		
1474042648.65		278.73880369		277.05546094		280.889924927		
1474078886.49		272.512947725		270.857903091		274.686044162		
1474115124.32		274.924800458		273.24735142		277.122472853		
1474151362.16		277.355946294		275.606330903		279.52347859		
1474187600.0		279.66487004		277.910487754		281.882052609		
1474223837.84		281.913444263		280.146526189		284.188865905		
1474260075.68		284.097526954		282.309888213		286.456185736		
1474296313.51		286.223885239		284.439406088		288.660086464		
1474332551.35		288.334899241		286.522265235		290.808035759		
1474368789.19		290.401841206		288.554471563		292.899535509		
1474405027.03		290.292505943		288.445852484		292.800983273		
1474441264.86		292.266659701		290.414511531		294.815434825		
1474477502.7		294.203200148		292.31279542		296.799737692		
1474513740.54		294.807596772		292.902978569		297.406883102		
1474549978.38		296.974017077		295.062561954		299.619104465		
1474586216.22		299.226611798		297.282261623		301.903661373		
1474622454.05		301.24850579		299.282108584		303.982603182		
1474658691.89		298.611585098		296.622712758		301.354039857		
1474694929.73		300.50965746		298.499588088		303.304484872		
1474731167.57		302.284893253		300.255871074		305.116052336		
1474767405.41		303.99994934		301.922444708		306.843422384		
1474803643.24		305.656917491		303.544378491		308.531980859		
1474839881.08		307.256681996		305.127571961		310.167400327		
1474876118.92		308.808384894		306.666006353		311.749891406		
1474912356.76		315.14902116		312.957512203		318.169084615		
1474948594.59		311.740327463		309.569975708		314.734996011		
1474984832.43		313.176127623		310.997749268		316.188045117		
1475021070.27		314.582651882		312.369489037		317.604384942		
1475057308.11		315.896679912		313.678844992		318.939713627		
1475093545.95		317.402914219		315.153775063		320.453536306		
1475129783.78		319.022364911		316.751688004		322.090941914		
1475166021.62		320.585218753		318.323204143		323.667155947		
1475179999.0		320.872508143		318.63127633		323.937602089		
1475180000.0		320.87219571		318.630979289		323.937241981		
1475180001.0		320.871883277		318.630682248		323.936881874		
1475202259.46		313.220256311		311.364686527		315.212356486		
1475238497.3		299.624927304		298.57022848		300.640295879		
1475274735.14		286.741339715		285.550484135		288.002994852		
1475310972.97		275.084118337		272.977767921		276.687352436		
1475347210.81		264.91540929		261.643472554		266.693939164		
1475383448.65		259.578964309		255.162029603		261.462396699		
1475419686.49		256.594194645		251.289108458		258.728241044		
1475455924.32		253.796496001		247.71628916		256.258096124		
1475492162.16		251.142495309		244.337357485		253.897412986		
1475528400.0		246.756970039		239.238707904		249.733545029		
1475564637.84		243.064422148		234.905844898		246.282828851		
1475600875.68		241.055916248		232.300140002		244.53791927		
1475637113.51		238.788512577		229.486633987		242.497393163		
1475673351.35		237.813113918		227.929650987		241.724398605		
1475679999.0		237.469384673		227.4934062		241.424091275		
1475680000.0		237.469551577		227.493575642		241.424257109		
1475680001.0		237.469718481		227.493745083		241.424422943		
1475709589.19		242.728145894		232.816762524		246.650400707		
1475745827.03		249.128759162		239.318563714		253.031735857		
1475782064.86		255.685711654		246.000754781		259.591168516		
1475818302.7		262.143952487		252.61777135		266.04374314		
1475854540.54		268.540851084		259.148232291		272.401171995		
1475890778.38		274.447493027		265.22141134		278.234127237		
1475927016.22		279.960847224		270.958076206		283.702964826		
1475963254.05		285.467901156		276.676723999		289.137164776		
1475999491.89		290.779025475		282.203790658		294.350718698		
1476035729.73		296.01910573		287.675683642		299.488510422		
1476071967.57		301.181514982		293.081535933		304.548751541		
1476108205.41		306.24294916		298.387066977		309.503513856		
1476144443.24		311.188392068		303.582638405		314.360421361		
1476180681.08		316.075194998		308.729339085		319.128876637		
1476216918.92		320.793386748		313.720466238		323.698177595		
1476253156.76		325.406946003		318.608549418		328.146514567		
1476289394.59		329.988275471		323.471175938		332.622639406		
1476325632.43		333.772298995		327.598625375		336.384725141		
1476361870.27		337.214202778		331.371234881		339.794625379		
1476398108.11		340.954530795		335.438401887		343.488456641		
1476434345.95		344.791905024		339.60711966		347.28672125		
1476470583.78		348.391170149		343.5552691		350.856880305		
1476506821.62		352.207782546		347.659287878		354.59352458		
1476543059.46		355.953972393		351.692755569		358.249711958		
1476579297.3		359.574654041		355.597014267		361.777693604		
1476615535.14		363.106817051		359.400854717		365.242353151		
1476651772.97		366.567889655		363.088749669		368.631193355		
1476688010.81		369.960663537		366.655363369		371.913720297		
1476724248.65		373.118820732		370.11138668		375.067841284		
1476760486.49		376.139017949		373.445475891		378.121495031		
1476796724.32		379.177697043		376.675114317		381.066095778		
1476832962.16		382.076600037		379.778841591		383.94042607		
1476869200.0		384.892984028		382.828226973		386.71938413		
1476905437.84		387.590544152		385.714024678		389.34910419		
1476941675.68		390.186066617		388.459857862		391.876827132		
1476977913.51		392.74031074		391.07040025		394.317667012		
1477014151.35		394.866899688		393.343166535		396.378273341		
1477050389.19		396.872392888		395.439456464		398.32415771		
1477086627.03		398.799052847		397.479030015		400.218327675		
1477122864.86		400.69774603		399.474497156		402.08056142		
1477159102.7		402.559204611		401.356593675		403.881250312		
1477195340.54		404.354309693		403.205485278		405.673576923		
1477231578.38		406.126097747		404.952377021		407.380836675		
1477267816.22		407.786528894		406.64122875		409.032224432		
1477304054.05		409.433211923		408.28399584		410.6873334		
1477340291.89		410.997711327		409.855640754		412.227352571		
1477376529.73		412.500994869		411.379658031		413.775029168		
1477412767.57		413.988871196		412.863055152		415.257019382		
1477449005.41		415.405159466		414.271203781		416.680834372		
1477485243.24		416.795451154		415.626056099		418.048126478		
1477521481.08		418.167120629		416.948156258		419.37156563		
1477557718.92		419.446088557		418.217401133		420.650819657		
1477593956.76		420.435655369		419.192796058		421.662788285		
1477630194.59		421.821074567		420.555755869		423.093578235		
1477666432.43		423.086324843		421.819236589		424.394816061		
1477702670.27		424.326473062		423.037149718		425.702898796		
1477738908.11		425.657667382		424.342701642		427.028531737		
1477775145.95		426.931325425		425.591959207		428.36163255		
1477811383.78		428.250345217		426.890969385		429.704626013		
1477847621.62		429.409947299		428.013898591		430.842385225		
1477883859.46		430.586914562		429.164306132		432.041326512		
1477920097.3		431.749641575		430.28428556		433.238413008		
1477956335.14		432.839503921		431.328769292		434.360591574		
1477992572.97		433.962697597		432.439763955		435.523452194		
1478028810.81		435.031889639		433.50242092		436.639854636		
1478065048.65		436.110546838		434.521058845		437.73596291		
1478101286.49		437.096958289		435.474029668		438.744395347		
1478137524.32		438.111706452		436.469814731		439.786240825		
1478173762.16		439.08918142		437.455480286		440.812229542		
1478210000.0		440.013546919		438.367111879		441.764252632		
1478246237.84		440.924110268		439.248968082		442.699377205		
1478282475.68		441.873513543		440.161334156		443.652581537		
1478318713.51		442.808122348		441.061834501		444.604254345		
1478354951.35		443.690380335		441.933499563		445.505154216		
1478391189.19		444.587121084		442.829860688		446.407130769		
1478427427.03		445.442803603		443.682414129		447.266638896		
1478463664.86		446.274404036		444.502953485		448.104061923		
1478499902.7		447.081193067		445.315784416		448.928258216		
1478536140.54		447.90536938		446.134818448		449.765182514		
1478572378.38		448.715100478		446.92406158		450.568691368		
1478608616.22		449.532237639		447.719944705		451.379433191		
1478644854.05		450.355057388		448.541393052		452.217904982		
1478681091.89		451.141175331		449.33347429		453.00484767		
1478717329.73		451.917401587		450.122735577		453.803759466		
1478753567.57		452.688013426		450.891159619		454.581046601		
1478789805.41		453.458724377		451.657094788		455.360234785		
1478826043.24		454.206241652		452.405359978		456.115198936		
1478862281.08		454.93146265		453.136804765		456.851427122		
1478898518.92		455.662885239		453.87986188		457.589181772		
1478934756.76		456.407556435		454.627689878		458.32654694		
1478970994.59		457.146084018		455.38188787		459.056909529		
1479007232.43		457.856123681		456.107007262		459.773998565		
1479043470.27		458.570767475		456.839978316		460.487001389		
1479079708.11		459.279516706		457.552502512		461.190453068		
1479115945.95		459.977696905		458.253876474		461.895628381		
1479152183.78		460.687354951		458.963937176		462.613726728		
1479188421.62		461.353438287		459.628803901		463.280586607		
1479224659.46		462.040872247		460.311455444		463.967609163		
1479260897.3		462.71238617		460.989206822		464.638722017		
1479297135.14		463.351778294		461.6350461		465.266867164		
1479333372.97		464.032896037		462.326514735		465.939903799		
1479369610.81		464.689347534		462.979384932		466.577482025		
1479405848.65		465.343062606		463.651030681		467.222311761		
1479442086.49		466.021058122		464.330933083		467.88281329		
1479478324.32		466.667819124		464.987318083		468.518172623		
1479514562.16		467.301757049		465.639516139		469.160677219		
1479550800.0		467.96679863		466.319127701		469.820316316		
1479587037.84		468.600159318		466.96883666		470.448689914		
1479623275.68		469.249333543		467.630482883		471.09376997		
1479659513.51		469.875185825		468.254817131		471.710599881		
1479695751.35		470.500776913		468.866099623		472.31933357		
1479731989.19		471.108717592		469.488754925		472.927465817		
1479768227.03		458.523264114		456.963788404		460.289613529		
1479772378.0		458.631249616		457.069279416		460.396486989		
1479772379.0		458.631277253		457.069307071		460.396515092		
1479772380.0		458.631304891		457.069334726		460.396543194		
1479804464.86		353.127333041		347.540447721		358.607262496		
1479840702.7		355.537239979		349.969250534		360.915230472		
1479876940.54		370.748399629		365.185998167		376.12041814		
1479913178.38		375.476724552		370.142081546		380.733108849		
1479949416.22		380.104743727		374.962991814		385.254872429		
1479985654.05		384.650424174		379.645822176		389.614602337		
1480021891.89		389.075790246		384.233914878		393.875269717		
1480058129.73		393.367800337		388.691557234		397.997973746		
1480094367.57		397.535738744		392.981427844		401.99647759		
1480130605.41		401.587122395		397.117612108		405.883716454		
1480166843.24		405.540432026		401.237641843		409.672367813		
1480203081.08		409.395170366		405.21271346		413.347168928		
1480239318.92		413.11293599		409.03349151		416.91843553		
1480275556.76		416.665834119		412.738973072		420.347212878		
1480311794.59		420.134581641		416.338131098		423.70262415		
1480344348.0		422.718147485		419.10766585		426.200915598		
1480344349.0		422.718077946		419.107616152		426.200841289		
1480344350.0		422.718008407		419.107566454		426.200766979		
1480348032.43		422.479912649		418.896186153		425.901251285		
1480384270.27		419.60040805		416.470743141		422.720747285		
1480420508.11		416.682399113		413.883249811		419.542341591		
1480456745.95		414.06232836		411.433655797		416.641275825		
1480492983.78		411.523543058		409.069767919		414.068254142		
1480529221.62		409.209262416		406.909249863		411.71145807		
1480565459.46		406.92629478		404.730008105		409.675173146		
1480601697.3		404.892496347		402.555150335		407.706437056		
1480637935.14		403.043227835		400.57496688		405.768365954		
1480674172.97		401.226738289		398.636414442		403.986910286		
1480710410.81		399.487745542		396.71834083		402.507459936		
1480746648.65		397.897591353		394.776778403		401.15612846		
1480782886.49		396.474394506		393.086805809		400.026167895		
1480819124.32		395.016616917		391.443872926		398.884242056		
1480855362.16		393.573669144		389.916361246		397.8248818		
1480891600.0		392.381811381		388.529990397		396.916457985		
1480926699.0		391.580896992		387.505905889		396.25247153		
1480926700.0		391.581011052		387.506022309		396.252582022		
1480926701.0		391.581125111		387.50613873		396.252692514		
1480927837.84		391.710835341		387.638635367		396.37834434		
1480964075.68		396.267925407		392.352130496		400.800750873		
1481000313.51		400.875788112		397.026570617		405.220309085		
1481036551.35		405.333545589		401.596584022		409.478820658		
1481072789.19		409.673609077		406.031724373		413.593398874		
1481109027.03		413.839893291		410.309540053		417.551679166		
1481145264.86		417.928914479		414.497086503		421.485706432		
1481181502.7		421.868605711		418.629731469		425.262899447		
1481217740.54		425.728401491		422.546150742		428.989729386		
1481253978.38		429.394424736		426.331345376		432.52610287		
1481290216.22		432.919310438		429.955308005		435.915127266		
1481326454.05		436.31470737		433.46986587		439.177311907		
1481362691.89		439.64284374		436.887276905		442.378345961		
1481398929.73		442.790348857		440.166442881		445.430559797		
1481435167.57		445.863010817		443.365170802		448.365685571		
1481471405.41		448.848202125		446.45929867		451.218150004		
1481507643.24		451.719118775		449.404678484		453.965415209		
1481543881.08		454.448374621		452.233573735		456.5541857		
1481580118.92		456.952697222		454.816065022		458.974517653		
1481616356.76		459.011763409		456.933170213		460.981481115		
1481652594.59		461.032936498		459.032505827		462.921615319		
1481688832.43		462.919412685		460.992613961		464.765289492		
1481725070.27		464.774069081		462.937571323		466.519096955		
1481761308.11		466.62279051		464.885625741		468.352663208		
1481797545.95		468.429087007		466.777050438		470.135680745		
1481833783.78		470.093295581		468.494272253		471.759922285		
1481870021.62		471.714620118		470.188106424		473.376247871		
1481906259.46		473.308351932		471.850071217		474.933707837		
1481942497.3		474.864425343		473.449691424		476.473754873		
1481978735.14		476.353834813		474.969163425		477.883794757		
1482014972.97		477.750265308		476.391525046		479.282238305		
1482051210.81		479.116400372		477.78827615		480.637531813		
1482087448.65		480.52086632		479.188147036		481.986246346		
1482123686.49		481.855804151		480.578943858		483.290940842		
1482159924.32		483.126903915		481.848860612		484.520521321		
1482168544.0		482.623852708		481.375729133		484.012222616		
1482168545.0		482.62343352		481.375332584		484.011761992		
1482168546.0		482.623014334		481.374936035		484.011301368		
1482196162.16		469.856470293		468.41592691		471.299476377		
1482232400.0		453.464807874		451.099732173		455.892185369		
1482268637.84		438.529235614		435.282771823		442.01411472		
1482304875.68		424.534165984		420.502250709		429.021872301		
1482341113.51		412.100251317		407.047145871		417.400990205		
1482359159.0		406.831967566		401.362614506		412.597763363		
1482359160.0		406.83204168		401.362692523		412.597841088		
1482359161.0		406.832115794		401.36277054		412.597918812		
1482377351.35		408.760594076		403.39370571		414.360445105		
1482413589.19		413.409270468		408.233925635		418.84665793		
1482449827.03		417.930240927		412.967933516		423.25610504		
1482486064.86		422.374119562		417.537014628		427.518270153		
1482522302.7		426.696539113		422.055790983		431.606632281		
1482558540.54		430.813290194		426.370355469		435.628602646		
1482594778.38		434.837602182		430.54575979		439.533186548		
1482631016.22		438.804112495		434.608845775		443.283439315		
1482667254.05		442.538180101		438.493485675		446.831116442		
1482703491.89		446.12805321		442.209439595		450.24066635		
1482739729.73		449.637854885		445.814865136		453.525941403		
1482775967.57		452.996169555		449.294796298		456.761237833		
1482812205.41		456.225731805		452.595907362		459.788661912		
1482848443.24		459.312921659		455.82778393		462.827241196		
1482884681.08		462.227355965		458.912944741		465.618929321		
1482920918.92		465.113803233		461.913701329		468.354617033		
1482957156.76		465.173769086		462.131610373		468.233635718		
1482993394.59		467.960458627		465.031299308		470.876261435		
1483029632.43		470.695227141		467.884780738		473.514684081		
1483065870.27		473.315132367		470.608231303		476.039232938		
1483102108.11		475.839172063		473.237164355		478.453460212		
1483138345.95		478.246937825		475.751555295		480.703409159		
1483174583.78		480.531579212		478.109390027		482.930109047		
1483210821.62		482.750045611		480.391413562		485.070643017		
1483247059.46		484.862886585		482.631338523		487.111367724		
1483283297.3		486.972218149		484.790050652		489.114977547		
1483319535.14		489.018191117		486.894293418		491.078488346		
1483355772.97		490.982748426		488.899647258		492.953878924		
1483392010.81		492.864053978		490.857047467		494.737992174		
1483428248.65		494.638192881		492.702120549		496.460665622		
1483464486.49		496.339127601		494.465123271		498.118074571		
1483500724.32		497.956056175		496.14339822		499.684696905		
1483536962.16		499.52262985		497.811270023		501.20407797		
1483573200.0		501.105666784		499.432514316		502.706311346		
1483609437.84		502.59798058		500.994371617		504.144520067		
1483645675.68		504.02084335		502.45420109		505.563883976		
1483681913.51		505.376709639		503.847502003		506.917905335		
1483718151.35		506.720507444		505.235049139		508.235626744		
1483754389.19		508.053510456		506.657772447		509.520007748		
1483790627.03		509.321236474		507.957161521		510.749261217		
1483826864.86		510.558612484		509.198616472		511.978986558		
1483863102.7		511.804448		510.426741243		513.214956655		
1483899340.54		512.944268061		511.588383967		514.329598485		
1483935578.38		514.05514418		512.706957622		515.419799971		
1483971816.22		515.187991258		513.853431688		516.563477926		
1484008054.05		516.306990316		514.975173521		517.6701936		
1484044291.89		517.418767886		516.091133236		518.79373064		
1484080529.73		518.424018242		517.114778443		519.777717941		
1484116767.57		519.371675605		518.058553047		520.702007081		
1484153005.41		520.283921035		518.972185107		521.62410651		
1484189243.24		521.126622044		519.816533019		522.45855786		
1484225481.08		522.103007856		520.784926708		523.436723223		
1484261718.92		522.890039631		521.594230726		524.235773482		
1484297956.76		523.631090369		522.350821977		524.992234121		
1484334194.59		524.36059881		523.093150772		525.731736693		
1484370432.43		525.129813319		523.85578772		526.498925973		
1484406670.27		525.921138575		524.624807595		527.284255773		
1484442908.11		526.634753705		525.321611136		527.986645351		
1484479145.95		527.42221959		526.092098885		528.754790207		
1484515383.78		528.103569134		526.75860926		529.427443986		
1484551621.62		528.756344619		527.426362892		530.056687385		
1484587859.46		529.405861525		528.090027929		530.704171569		
1484624097.3		529.973026155		528.673176411		531.268874869		
1484660335.14		530.586689224		529.316133801		531.919223323		
1484696572.97		531.20783379		529.932672071		532.527312439		
1484732810.81		531.852063782		530.581019789		533.184297578		
1484769048.65		421.627914091		420.623549006		422.699831163		
1484805286.49		422.081721518		421.06531996		423.150823374		
1484841524.32		422.516346441		421.49965507		423.594222545		
1484877762.16		423.039042353		422.01144418		424.109753955		
1484914000.0		423.498212336		422.460280234		424.567557495		
1484950237.84		506.437688128		505.209358715		507.713236073		
1484986475.68		507.049929567		505.815339448		508.327106139		
1485022713.51		507.603167133		506.370725511		508.880676063		
1485058951.35		508.129361583		506.889944348		509.415615118		
1485095189.19		508.675930636		507.434697304		509.949266217		
1485131427.03		509.198283494		507.948501395		510.468562103		
1485167664.86		509.702413736		508.454349555		510.976347552		
1485203902.7		510.189553275		508.928450154		511.458261471		
1485240140.54		500.084048942		498.828519613		501.356937318		
1485276378.38		488.345153627		487.075502023		489.614056427		
1485312616.22		478.353562835		477.085486922		479.60549029		
1485348854.05		479.718731454		478.476444689		480.967211219		
1485385091.89		481.197440881		479.961021827		482.436018829		
1485421329.73		482.825226513		481.591292739		484.085328253		
1485457567.57		405.413336559		404.388528498		406.476740586		
1485493805.41		406.662069068		405.642800798		407.726118458		
1485530043.24		407.849954877		406.830657912		408.905218322		
1485566281.08		408.958630393		407.923699429		410.017436897		
1485602518.92		409.906644549		408.895043969		410.969519686		
1485638756.76		410.794929181		409.786286716		411.857032744		
1485674994.59		411.828558714		410.805772327		412.895977396		
1485711232.43		412.840490958		411.809731417		413.913911388		
1485747470.27		413.792643925		412.768806655		414.869585251		
1485783708.11		414.741250286		413.713205496		415.828558487		
1485819945.95		477.352834787		476.169019936		478.629076029		
1485856183.78		478.224952953		477.019598506		479.50824258		
1485892421.62		479.122219103		477.904346931		480.390324131		
1485928659.46		480.057968825		478.828925695		481.332735905		
1485951099.0		480.663780212		479.428025276		481.946583585		
1485951100.0		480.663814276		479.428060348		481.946619226		
1485951101.0		480.663848339		479.42809542		481.946654868		
1485964897.3		465.769778685		460.687645278		470.510988058		
1486001135.14		461.561086258		455.249182397		468.169324182		
1486037372.97		463.442242857		457.268374257		469.75491883		
1486073610.81		474.952696741		468.914932387		481.078887177		
1486109848.65		476.552367687		470.82671006		482.402422918		
1486146086.49		477.829024294		472.382463816		483.470881485		
1486182324.32		479.184917264		473.92759874		484.494383564		
1486218562.16		480.471255505		475.442394842		485.463868527		
1486254800.0		481.765975826		476.936194014		486.437647899		
1486291037.84		482.956413758		478.345964678		487.362891508		
1486327275.68		484.092093235		479.719879475		488.222223518		
1486363513.51		485.115882482		480.949093946		489.104348176		
1486399751.35		486.162435432		482.125386212		489.889219551		
1486435989.19		487.173943309		483.351961797		490.71716308		
1486472227.03		488.193510715		484.596775235		491.561124734		
1486508464.86		489.175340865		485.776090968		492.39009531		
1486544702.7		490.109544528		486.87738024		493.185949765		
1486580940.54		490.9702611		487.976533525		493.971663134		
1486617178.38		491.827417147		488.987422303		494.729975286		
1486653416.22		492.643942733		489.932446197		495.399922109		
1486689654.05		493.434185655		490.821415839		496.044723143		
1486725891.89		494.171888181		491.687401244		496.683844028		
1486762129.73		494.8946206		492.518861968		497.309178258		
1486798367.57		495.638456425		493.291517714		497.951569515		
1486834605.41		496.354234012		494.09103289		498.537747849		
1486870843.24		497.031310134		494.81665648		499.096134026		
1486907081.08		497.75478501		495.611819151		499.726318346		
1486943318.92		498.46911927		496.415626403		500.356507943		
1486979556.76		499.08304732		497.089218592		500.923280602		
1487015794.59		499.671309323		497.812312541		501.491088724		
1487052032.43		500.280697648		498.470583496		502.061606492		
1487088270.27		500.852867138		499.113708561		502.587323197		
1487124508.11		501.476837201		499.783473088		503.133358264		
1487160745.95		502.078221668		500.42350774		503.671212462		
1487196983.78		502.711934899		501.073962416		504.287553462		
1487233221.62		503.331872795		501.741065751		504.879244566		
1487269459.46		504.067698407		502.489147544		505.544314389		
1487305697.3		503.449686342		501.914941959		504.888052726		
1487341935.14		504.01338834		502.499526321		505.42763197		
1487378172.97		504.563968129		503.061952936		505.962072668		
1487414410.81		505.131081172		503.637197589		506.500207107		
1487450648.65		505.657720465		504.154183314		506.990210622		
1487486886.49		506.207612372		504.756840283		507.544785637		
1487523124.32		506.783369268		505.344747749		508.149026255		
1487559362.16		507.293466702		505.883626843		508.654071078		
1487595600.0		507.867338251		506.455288557		509.20976334		
1487631837.84		508.329718063		506.943690325		509.648453963		
1487668075.68		508.91459657		507.544578881		510.224634094		
1487704313.51		509.443654095		508.061308038		510.73462709		
1487740551.35		510.034096194		508.649394467		511.280398557		
1487776789.19		510.538505318		509.159522798		511.779401482		
1487813027.03		511.146622491		509.762804229		512.400904453		
1487849264.86		511.642916226		510.263634433		512.91772698		
1487885502.7		512.174633931		510.80166627		513.478992566		
1487921740.54		512.71509073		511.343380847		514.032292213		
1487957978.38		513.164859099		511.790998453		514.48194292		
1487994216.22		513.614566249		512.229658393		514.930078959		
1488030454.05		514.122801778		512.739549082		515.442630513		
1488066691.89		514.569190959		513.185634405		515.90254623		
1488102929.73		515.032844499		513.638444527		516.371218908		
1488139167.57		515.539906316		514.13607713		516.908239116		
1488175405.41		515.968220524		514.559570789		517.343232088		
1488211643.24		516.493734531		515.096027962		517.883606431		
1488247881.08		517.008552327		515.61129902		518.416624612		
1488284118.92		517.490219914		516.082263483		518.912584845		
1488320356.76		517.953538866		516.522264245		519.351908292		
1488356594.59		518.406759321		516.952992337		519.807149033		
1488392832.43		518.902111857		517.437501148		520.305957212		
1488429070.27		519.44559235		517.989627849		520.865472397		
1488465308.11		519.963281032		518.502744371		521.392746385		
1488501545.95		520.436665942		518.984363969		521.90055719		
1488537783.78		520.899951393		519.448143271		522.386716951		
1488574021.62		521.421301314		519.940584779		522.907921969		
1488610259.46		521.92876064		520.418165344		523.413330293		
1488646497.3		522.438125922		520.906495059		523.924918069		
1488682735.14		522.868905826		521.3364438		524.363828713		
1488718972.97		523.278273986		521.754814842		524.781495725		
1488755210.81		523.514913723		521.97897408		525.018488293		
1488791448.65		522.450386869		520.909379039		523.952931528		
1488827686.49		523.126828119		521.581584351		524.648009386		
1488863924.32		523.820653192		522.281655034		525.351546086		
1488900162.16		524.512316195		522.952186347		526.038579936		
1488936400.0		525.162136457		523.583541518		526.692100754		
1488972637.84		525.810725011		524.224985186		527.36512643		
1489008875.68		526.501591183		524.914689294		528.060815371		
1489045113.51		527.187685439		525.579799169		528.734382736		
1489081351.35		528.066295533		526.485645496		529.669594251		
1489117589.19		527.517795058		525.894863304		529.0792603		
1489153827.03		528.155280551		526.549653353		529.727797483		
1489190064.86		528.858158157		527.24853957		530.452664429		
1489226302.7		529.497098565		527.888295122		531.111569773		
1489262540.54		530.24345751		528.617689704		531.870578635		
1489298778.38		530.957509077		529.314637135		532.596595229		
1489335016.22		531.603417967		529.955734243		533.258399693		
1489371254.05		532.201725822		530.580068479		533.862784356		
1489407491.89		532.773809806		531.149699373		534.465383749		
1489443729.73		533.391443113		531.746123142		535.081380601		
1489479967.57		533.965051107		532.273947396		535.665786729		
1489516205.41		534.529545977		532.828972568		536.246574932		
1489552443.24		535.070207488		533.37633698		536.815579208		
1489588681.08		535.64109034		533.952734491		537.406688902		
1489624918.92		536.206049038		534.50834872		538.002995492		
1489661156.76		536.795912143		535.090018715		538.609861865		
1489697394.59		537.29274804		535.592836448		539.132956873		
1489733632.43		537.871052331		536.138353812		539.695370402		
1489769870.27		538.437247443		536.687156141		540.256527648		
1489806108.11		539.007835381		537.267847141		540.829650725		
1489842345.95		539.505853569		537.747381582		541.351802697		
1489878583.78		539.966900805		538.221481387		541.821891801		
1489914821.62		540.496305611		538.720851834		542.352394242		
1489951059.46		540.954503997		539.176826912		542.815359166		
1489987297.3		541.436329766		539.653579602		543.302953296		
1490023535.14		541.947914756		540.156873094		543.821843849		
1490059772.97		542.453989428		540.624811655		544.321344848		
1490096010.81		542.94065002		541.082136517		544.797030805		
1490132248.65		543.430525722		541.553678412		545.308264427		
1490168486.49		543.904046805		542.006309622		545.769105642		
1490204724.32		544.292822927		542.377256148		546.159067457		
1490240962.16		544.757880587		542.836182653		546.606263124		
1490277200.0		545.2863923		543.34691338		547.145858494		
1490313437.84		545.748012607		543.804075847		547.633931429		
1490349675.68		546.189213402		544.236480149		548.084406981		
1490385913.51		546.651404059		544.693364977		548.569294055		
1490422151.35		547.108490541		545.148303289		549.050197151		
1490458389.19		547.567314093		545.58795646		549.525594972		
1490494627.03		547.999624604		546.025647675		550.003307326		
1490530864.86		548.411400836		546.442763529		550.44567912		
1490567102.7		548.876231813		546.885203877		550.912118537		
1490603340.54		549.316055678		547.333355476		551.367085155		
1490639578.38		549.811647458		547.809163159		551.872645617		
1490675816.22		550.332922706		548.30774431		552.402390955		
1490712054.05		550.867881876		548.818543845		552.928940518		
1490748291.89		551.350832555		549.287036287		553.415189748		
1490784529.73		551.849050101		549.769536464		553.916804138		
1490820767.57		552.442622123		550.344705414		554.512861367		
1490857005.41		553.011781093		550.88610727		555.086444495		
1490893243.24		553.481808426		551.321710034		555.559812336		
1490929481.08		553.961006014		551.782335064		556.056924515		
1490965718.92		554.486452238		552.296016273		556.590888769		
1491001956.76		555.069077268		552.852968507		557.163910511		
1491038194.59		555.706302495		553.476587688		557.802778251		
1491074432.43		556.329397567		554.094000181		558.449563459		
1491110670.27		556.89199488		554.654139867		559.03592713		
1491146908.11		557.375445988		555.128969799		559.536741553		
1491183145.95		557.860899658		555.602119141		560.019786964		
1491219383.78		558.301027578		556.012717359		560.448465179		
1491255621.62		558.77858476		556.469379482		560.946924443		
1491291859.46		559.320993217		556.978630544		561.485053052		
1491328097.3		559.860765907		557.505597748		562.032558288		
1491364335.14		560.423839384		558.063069947		562.62181119		
1491400572.97		560.894668094		558.528082077		563.115273983		
1491436810.81		561.406723452		559.020112834		563.632826712		
1491473048.65		561.885307813		559.488785104		564.124275561		
1491509286.49		560.411192336		558.030744726		562.650299172		
1491545524.32		560.889879297		558.498310073		563.142183529		
1491581762.16		561.43568837		559.041528204		563.687208446		
1491618000.0		562.008287378		559.591159802		564.265718912		
1491654237.84		562.558946186		560.123004647		564.837596939		
1491690475.68		563.130080963		560.670898076		565.413960374		
1491726713.51		563.657047548		561.193868042		565.970032252		
1491762951.35		564.184625751		561.705328933		566.511000476		
1491799189.19		564.747819332		562.252982316		567.068765529		
1491835427.03		565.341624071		562.823357063		567.667809282		
1491871664.86		565.893564514		563.363445428		568.243217971		
1491907902.7		566.372870937		563.821118397		568.741940407		
1491944140.54		566.862254011		564.28013317		569.244025421		
1491980378.38		567.353107991		564.74649186		569.746731263		
1492016616.22		567.844741558		565.218851549		570.256298616		
1492052854.05		568.35172933		565.710218738		570.78453912		
1492089091.89		568.806223469		566.157058298		571.265939525		
1492125329.73		568.016633022		565.621028268		570.321768094		
1492161567.57		568.263127465		565.842922917		570.57118935		
1492197805.41		568.807429593		566.371661569		571.152628827		
1492234043.24		569.335200275		566.877518015		571.718807471		
1492270281.08		569.872547744		567.390577401		572.289552028		
1492306518.92		570.516291786		567.996142494		572.930404541		
1492342756.76		571.084426865		568.523611078		573.498932577		
1492378994.59		571.633914088		569.034687039		574.066184144		
1492415232.43		572.128941182		569.497567497		574.546572634		
1492451470.27		572.700287055		570.048530683		575.153301648		
1492487708.11		573.26436386		570.607554377		575.732957995		
1492523945.95		573.7153901		571.030629883		576.186155642		
1492560183.78		574.238847996		571.524784222		576.72877908		
1492596421.62		574.82588429		572.094759048		577.354253408		
1492632659.46		575.425332943		572.683539737		577.993412851		
1492668897.3		575.998915492		573.244330019		578.614914398		
1492705135.14		576.597948467		573.822404238		579.251554984		
1492741372.97		577.255906356		574.444141858		579.938335806		
1492777610.81		577.839638622		575.035011815		580.578349446		
1492813848.65		578.391520864		575.581702479		581.179082962		
1492850086.49		578.916099109		576.062246691		581.726287712		
1492886324.32		579.417726652		576.511223119		582.240275698		
1492922562.16		580.001870592		577.071757711		582.876960897		
1492958800.0		580.601682647		577.659865423		583.534937875		
1492995037.84		581.038284693		578.083495753		584.019534655		
1493031275.68		581.440904552		578.473736569		584.472126905		
1493067513.51		581.901437698		578.935331571		585.000366483		
1493103751.35		582.383465298		579.392810484		585.522910342		
1493139989.19		582.881871423		579.871908852		586.06196709		
1493176227.03		583.385307478		580.352192802		586.600061567		
1493212464.86		583.908602354		580.857155134		587.165326107		
1493248702.7		584.395546566		581.327652528		587.695585443		
1493284940.54		584.800283091		581.715694463		588.147883564		
1493321178.38		585.150453417		582.050405765		588.52555645		
1493357416.22		585.559368058		582.444241844		588.968362635		
1493393654.05		585.872987168		582.744066806		589.326554667		
1493429891.89		586.354863053		583.207232866		589.855603278		
1493466129.73		586.861754117		583.69487573		590.425405365		
1493502367.57		587.327720451		584.147565115		590.933342002		
1493538605.41		587.798605042		584.591937209		591.455368568		
1493574843.24		588.29198289		585.059462144		592.000621927		
1493611081.08		588.782940853		585.527843077		592.549616312		
1493647318.92		589.32749486		586.034887522		593.124657508		
1493683556.76		589.918943789		586.599417836		593.761608192		
1493719794.59		590.523410513		587.169642648		594.405036016		
1493756032.43		591.126491397		587.731189466		595.045128857		
1493792270.27		591.676749652		588.241322512		595.63913191		
1493828508.11		592.227940031		588.749220726		596.22306791		
1493864745.95		592.764470686		589.258582925		596.806861072		
1493900983.78		593.284667074		589.763901501		597.390680122		
1493937221.62		593.817683719		590.289563766		597.974540145		
1493973459.46		594.356493757		590.809863111		598.558453233		
1494009697.3		594.895494429		591.335073787		599.140866083		
1494045935.14		595.435192279		591.860354397		599.714438523		
1494082172.97		595.982438885		592.385705907		600.249834478		
1494118410.81		596.519713611		592.907926919		600.810680193		
1494154648.65		597.053360963		593.418164892		601.389988662		
1494190886.49		597.593283619		593.925909292		601.967720037		
1494227124.32		598.133384852		594.434206176		602.520210189		
1494263362.16		598.673448935		594.945055847		603.082844692		
1494299600.0		599.21411757		595.453250639		603.658707691		
1494335837.84		599.757079469		595.97367188		604.234725264		
1494372075.68		600.295547277		596.483211528		604.805566349		
1494408313.51		600.82979769		596.995894932		605.381237886		
1494444551.35		601.363577526		597.509533191		605.957444287		
1494480789.19		601.90380916		598.025230321		606.533821233		
1494517027.03		602.442153225		598.541286952		607.110373718		
1494553264.86		602.981356212		599.043441536		607.674579275		
1494589502.7		603.511859926		599.53741436		608.252535048		
1494625740.54		604.042852115		600.031452972		608.830695228		
1494661978.38		604.573306894		600.539470793		609.412264753		
1494698216.22		605.103952377		601.06347317		609.99592865		
1494734454.05		605.654124344		601.558374072		610.566431578		
1494770691.89		606.207588656		602.05388767		611.145437674		
1494806929.73		606.737913168		602.55060101		611.714396912		
1494843167.57		607.268147474		603.064673615		612.294229341		
1494879405.41		607.806331798		603.576963115		612.87428887		
1494915643.24		608.353808667		604.084818796		613.456794095		
1494951881.08		608.878393233		604.592676553		614.043788134		
1494988118.92		609.399026321		605.10053532		614.623427485		
1495024356.76		609.930372108		605.60839408		615.202851561		
1495060594.59		610.475904186		606.116251867		615.782504014		
1495096832.43		611.015704573		606.624309783		616.362387249		
1495133070.27		611.5520518		607.131175829		616.943050521		
1495169308.11		612.088524154		607.639952705		617.523126675		
1495205545.95		612.636043055		608.147655399		618.103444154		
1495241783.78		613.181249864		608.656225469		618.684272548		
1495278021.62		613.709069184		609.17281718		619.265342227		
1495314259.46		614.236945648		609.680191218		619.8472234		
1495350497.3		614.767046978		610.182628652		620.429370436		
1495386735.14		615.308297531		610.689605154		621.015342527		
1495422972.97		615.856740469		611.207605661		621.603188355		
1495459210.81		616.417392623		611.703646206		622.188055126		
1495495448.65		616.951807922		612.211170043		622.772314696		
1495531686.49		617.472409756		612.722770705		623.356836596		
1495567924.32		617.99301324		613.238450086		623.941622106		
1495604162.16		618.51361801		613.751795111		624.526672456		
1495640400.0		619.051203838		614.266342599		625.111988828		
1495676637.84		619.586174241		614.781154722		625.697572357		
1495712875.68		620.116274283		615.294013818		626.287298931		
1495749113.51		620.648650866		615.796181345		626.877966265		
1495785351.35		621.185021784		616.308202571		627.468933356		
1495821589.19		621.716674811		616.820264765		628.06020114		
1495857827.03		622.238757055		617.332331795		628.651770013		
1495894064.86		622.760304194		617.844403926		629.243641328		
1495930302.7		623.281800819		618.359973663		629.835815952		
1495966540.54		623.808956641		618.871531928		630.427529837		
1496002778.38		624.335075471		619.396092401		631.014281434		
1496039016.22		624.856556045		619.923098934		631.607169737		
1496075254.05		625.376926225		620.437571385		632.200917526		
1496111491.89		625.916047571		620.953298656		632.794961654		
1496147729.73		626.45526697		621.469568186		633.389072458		
1496183967.57		626.99458415		621.989938781		633.983215808		
1496220205.41		627.533998855		622.512094876		634.576502358		
1496256443.24		628.073510838		623.025019006		635.168693132		
1496292681.08		628.613119865		623.528052747		635.761152452		
1496328918.92		629.148114577		624.040210235		636.353880879		
1496365156.76		629.682954642		624.555717488		636.946878962		
1496401394.59		630.21786978		625.071243017		637.540146786		
1496437632.43		630.757815245		625.586786954		638.133685212		
1496473870.27		631.295866112		626.102349194		638.72749484		
1496510108.11		631.828113787		626.608359113		639.324482889		
1496546345.95		632.378728232		627.105657494		639.922991602		
1496582583.78		632.920749246		627.604603216		640.521775982		
1496618821.62		633.460270296		628.102677049		641.120164255		
1496655059.46		633.99958711		628.600718252		641.718855902		
1496691297.3		634.538988797		629.098726482		642.317851354		
1496727535.14		635.0784752		629.598226124		642.91715103		
1496763772.97		635.618046167		630.115287986		643.514937187		
1496800010.81		636.158013593		630.632387542		644.110779214		
1496836248.65		636.699975175		631.150027176		644.706907587		
1496872486.49		637.242022092		631.670248855		645.303322661		
1496908724.32		637.783111762		632.190518996		645.901344653		
1496944962.16		638.320259798		632.710837082		646.502393921		
1496981200.0		638.853239025		633.231203156		647.103761161		
1497017437.84		639.387185714		633.751617242		647.705446931		
1497053675.68		639.922592063		634.2720792		648.307451618		
1497089913.51		640.452490019		634.77153116		648.9097756		
1497126151.35		640.985678027		635.270066805		649.512419251		
1497162389.19		641.518918162		635.768557907		650.115382939		
1497198627.03		642.052210395		636.270846519		650.718667029		
1497234864.86		642.5855547		636.78635108		651.322271878		
1497271102.7		643.118951053		637.298127428		651.92619784		
1497307340.54		643.652399427		637.803968916		652.530445265		
1497343578.38		644.191677449		638.322077876		653.135014498		
1497379816.22		644.735726077		638.840225209		653.739905881		
1497416054.05		645.275584582		639.358410872		654.34511975		
1497452291.89		645.809277588		639.876634826		654.950656441		
1497488529.73		646.338372771		640.394896746		655.556516		
1497524767.57		646.867929065		640.913196643		656.162615846		
1497561005.41		647.397530203		641.425536184		656.768952242		
1497597243.24		647.927176118		641.938066199		657.37561204		
1497633481.08		648.456866746		642.446662187		657.98259556		
1497669718.92		648.989736102		642.954541762		658.589903118		
1497705956.76		649.523754624		643.464232643		659.197535027		
1497742194.59		650.057824894		643.973934589		659.805491598		
1497778432.43		650.591946894		644.485631911		660.413773142		
1497814670.27		651.1261206		645.007629641		661.022379964		
1497850908.11		651.660345995		645.522107813		661.631312369		
1497887145.95		652.194623057		646.04303297		662.240570661		
1497923383.78		652.717356793		646.563998255		662.85015514		
1497959621.62		653.249576717		647.085003596		663.460066107		
1497995859.46		653.775743184		647.60604892		664.070303858		
1498032097.3		654.300392193		648.127133946		664.68086848		
1498068335.14		654.825051855		648.648258514		665.291760172		
1498104572.97		655.349722432		649.167362482		665.902979534		
1498140810.81		655.874403867		649.675505619		666.514526859		
1498177048.65		656.399096102		650.183636185		667.126402438		
1498213286.49		656.923799084		650.691754127		667.738606561		
1498249524.32		657.448512759		651.200122106		668.351139517		
1498285762.16		657.977206351		651.710109871		668.962145005		
1498322000.0		658.50861796		652.220094796		669.572844968		
1498358237.84		659.043925753		652.73007683		670.179771693		
1498394475.68		659.583429571		653.240055922		670.779546496		
1498430713.51		660.123017479		653.750032021		671.379574381		
1498466951.35		660.670112665		654.26000508		671.979855531		
1498503189.19		661.221406893		654.76926872		672.58039013		
1498539427.03		661.77283966		655.276635457		673.18117836		
1498575664.86		662.324410897		655.783695154		673.782220256		
1498611902.7		662.876120444		656.290741699		674.384606667		
1498648140.54		663.427968741		656.797775422		674.998414211		
1498684378.38		663.978641972		657.304796277		675.612537716		
1498720616.22		664.532081864		657.811804219		676.226977448		
1498756854.05		665.084346831		658.318799204		676.841733674		
1498793091.89		665.636750827		658.82698345		677.456806657		
1498829329.73		666.189293922		659.337514653		678.072196663		
1498865567.57		666.741976185		659.848010315		678.687903957		
1498901805.41		667.290384086		660.35574172		679.303928802		
1498938043.24		667.812913787		660.863460828		679.920121736		
1498974281.08		668.35864444		661.373352647		680.536036451		
1499010518.92		668.911411578		661.893820908		681.152266243		
1499046756.76		669.464317426		662.415571499		681.768811371		
1499082994.59		670.016167263		662.936540754		682.385672098		
1499119232.43		670.557100472		663.455807084		683.002848613		
1499155470.27		671.094855916		663.964247526		683.620340798		
1499191708.11		671.632664551		664.465408828		684.238149362		
1499227945.95		672.170337426		664.965660743		684.856274568		
1499264183.78		672.707910984		665.465875955		685.474716675		
1499300421.62		673.245536591		665.966054444		686.093475943		
1499336659.46		673.783214223		666.466196186		686.712552634		
1499372897.3		674.32094386		666.966301157		687.331947006		
1499409135.14		674.856070332		667.468188487		687.951659321		
1499445372.97		675.394204397		667.971068471		688.571689838		
1499481610.81		675.939477884		668.477738642		689.192038818		
1499517848.65		676.484256381		668.985254965		689.812706521		
1499554086.49		677.027521139		669.492758318		690.433693208		
1499590324.32		677.566581543		670.000248661		691.054999138		
1499626562.16		678.10570505		670.507725959		691.676624572		
1499662800.0		678.644891644		671.015190175		692.29856977		
