1463461200.0		6.57538948908		3.27145639676		27.5387927613		
1463515949.55		2.9474616331		2.9038818446		3.0063236668		
1463570699.1		3.15021060587		3.11411722071		3.18757792305		
1463625448.65		3.36563616225		3.32763538074		3.40476306271		
1463680198.2		3.59712130534		3.55676767022		3.63887332425		
1463734947.75		3.88292669744		3.83955371762		3.92808594663		
1463789697.3		4.14942186189		4.10323480139		4.19749758002		
1463844446.85		4.45953121828		4.41025014858		4.51164941538		
1463899196.4		4.79122214746		4.73821258386		4.8471031878		
1463953945.95		5.12840185685		5.071948277		5.18849623532		
1464008695.5		5.52810460943		5.46677188637		5.59230400831		
1464063445.05		5.81273922984		5.74882067404		5.87982410152		
1464118194.59		6.0855312949		6.01864858662		6.15507538859		
1464172944.14		6.58637282098		6.51385014666		6.66116382166		
1464227693.69		7.00891045652		6.93126657932		7.08789224279		
1464282443.24		7.42222688964		7.33986054541		7.50564439121		
1464337192.79		7.92942967811		7.84086418165		8.01789030645		
1464391942.34		8.42678469445		8.33252427423		8.52028749959		
1464446691.89		8.97310536315		8.8731202505		9.07313311799		
1464501441.44		9.56263891145		9.45533436477		9.66841143733		
1464556190.99		10.1548099959		10.0401701788		10.2662475938		
1464610940.54		10.813479512		10.6922305486		10.9327979366		
1464665690.09		11.4859660355		11.3589013126		11.6130136164		
1464720439.64		12.1903313303		12.0558181415		12.3235434488		
1464775189.19		13.0057512399		12.8624539316		13.1482346847		
1464829938.74		13.7654885055		13.6139041213		13.9154464107		
1464884688.29		14.6356603317		14.4756539617		14.7944040431		
1464939437.84		15.5521141691		15.3832524406		15.7199108072		
1464994187.39		16.4131620718		16.2372485415		16.5904102989		
1465048936.94		17.4146602303		17.2298033538		17.6036057423		
1465103686.49		18.833475356		18.6358767658		19.0379935125		
1465158436.04		20.6049656981		20.3894286655		20.8279787108		
1465213185.59		22.5138816408		22.2807778488		22.7559609307		
1465267935.14		24.4694723675		24.2175780228		24.7309526266		
1465322684.68		26.7382601081		26.4682715731		27.0233998502		
1465377434.23		29.186642965		28.8945655419		29.4956683724		
1465432183.78		31.8095115616		31.492335668		32.1411604169		
1465486933.33		34.6113793107		34.2737009217		34.9720344746		
1465541682.88		37.6062909484		37.2496139987		38.0010817328		
1465596432.43		40.8005119184		40.4238630682		41.2292185587		
1465651181.98		44.2045407669		43.808083112		44.6690358613		
1465705931.53		47.828289629		47.4109928511		48.3278033897		
1465760681.08		51.6875976189		51.2372868991		52.2176389224		
1465815430.63		55.7621526623		55.2874859026		56.3321268656		
1465870180.18		60.044174341		59.549794234		60.6551602517		
1465924929.73		64.4629057514		63.9352467985		65.11082176		
1465937519.0		65.5106045022		64.9764170648		66.1688674311		
1465937520.0		65.5106886585		64.9765010025		66.1689527418		
1465937521.0		65.510772815		64.9765849404		66.1690380527		
1465979679.28		34.5708853596		33.6663536254		35.7469035496		
1466034428.83		35.206978827		34.4129057108		36.2237649587		
1466089178.38		36.3106008075		35.4933142024		37.346988429		
1466143927.93		37.4512197349		36.612143159		38.498721493		
1466198677.48		38.6058862528		37.752083436		39.6731747144		
1466253427.03		39.780997683		38.9108772221		40.8618898359		
1466308176.58		40.9727709059		40.0810412476		42.0644422474		
1466362926.13		42.1674444557		41.2697529496		43.2855825618		
1466417675.68		43.3786654003		42.4663341688		44.5139051478		
1466472425.23		44.6101701839		43.6848281249		45.7633993525		
1466527174.77		45.8649566175		44.92524555		47.0365865812		
1466581924.32		49.1686996892		48.1779478875		50.405336338		
1466636673.87		52.9567358877		51.9105640383		54.2653616428		
1466691423.42		56.958207825		55.8632218893		58.3550102875		
1466746172.97		61.1796581166		60.0267730139		62.6645457327		
1466800922.52		65.6160015339		64.4035222947		67.1517179949		
1466855672.07		70.264426707		68.9979098554		71.867225493		
1466910421.62		75.1147637562		73.8016782678		76.8074522394		
1466965171.17		80.1713908809		78.8298178312		81.930082278		
1467019920.72		85.4507869424		84.0540280998		87.2881142834		
1467074670.27		90.85851164		89.4518518439		92.8105863197		
1467129419.82		89.0088577799		87.6593148557		90.8790070193		
1467184169.37		102.249808357		100.704170889		104.33394366		
1467238918.92		108.209174527		106.60946545		110.362483143		
1467293668.47		106.910673867		105.34392815		108.957564419		
1467348418.02		120.369656562		118.653213637		122.559048619		
1467403167.57		126.617809141		124.849786604		128.849587672		
1467457917.12		132.908693475		131.080479104		135.179375286		
1467512666.67		139.236277143		137.267267634		141.525093447		
1467567416.22		145.492622727		143.405944546		147.860248939		
1467622165.77		151.765841744		149.56857793		154.188915178		
1467676915.32		158.008581142		155.729305642		160.465299343		
1467731664.86		164.180713805		161.855758117		166.637328902		
1467786414.41		170.24710475		167.893965115		172.725222172		
1467841163.96		176.20288367		173.793935519		178.657482971		
1467895913.51		182.013745714		179.600979967		184.517820483		
1467950663.06		187.836106405		185.306484783		190.315026098		
1468005412.61		193.222312654		190.607383051		195.716355114		
1468060162.16		198.546133094		195.818589889		201.038471543		
1468114911.71		203.705035589		200.937420748		206.229184907		
1468169661.26		208.672747835		205.803715371		211.154308124		
1468224410.81		213.449511322		210.451938973		215.874831416		
1468279160.36		218.023361401		214.939842145		220.523544461		
1468333909.91		222.494222863		219.347361396		225.01927812		
1468388659.46		226.691124389		223.532560988		229.218597488		
1468443409.01		230.638104602		227.342998804		233.21930825		
1468498158.56		250.938493163		247.239835734		253.754097111		
1468552908.11		254.649343314		250.772784336		257.524693159		
1468597799.0		257.579454826		253.547153461		260.487667891		
1468597800.0		257.579517542		253.54721471		260.487730605		
1468597801.0		257.579580257		253.547275959		260.487793318		
1468607657.66		165.151455046		158.213383595		178.551786003		
1468662407.21		138.127371356		133.985145545		142.982491306		
1468717156.76		144.276022038		140.373948592		148.385862278		
1468771906.31		151.085716194		147.235543444		155.057630961		
1468826655.86		157.930388776		154.131967696		161.848800571		
1468881405.41		164.712755866		161.052511388		168.592987633		
1468936154.95		171.494474409		167.917007777		175.166358191		
1468990904.5		176.341493278		172.88881008		179.766297187		
1469045654.05		182.980751564		179.612340019		186.144299941		
1469100403.6		189.674003592		186.441572608		192.66324699		
1469155153.15		196.120469985		193.040031625		198.945077583		
1469209902.7		182.081023129		179.452379756		184.473663403		
1469264652.25		187.336286968		184.740795653		189.466373222		
1469319401.8		192.276740694		189.84752501		194.317679547		
1469374151.35		197.152100559		194.80075999		199.00521767		
1469428900.9		201.736755578		199.564870051		203.606414272		
1469483650.45		206.154168559		204.040836567		208.033073344		
1469538400.0		210.472849128		208.311914332		212.323805202		
1469593149.55		205.293230179		203.216526318		207.032145602		
1469647899.1		209.090026207		206.939907897		210.701783154		
1469702648.65		212.721731098		210.426991592		214.332835976		
1469757398.2		221.210166944		218.753244267		222.849391284		
1469812147.75		224.596607391		222.11918846		226.210978462		
1469866897.3		241.816922335		239.10598899		243.561182039		
1469921646.85		245.014545136		242.154922242		246.801468047		
1469976396.4		248.054177885		245.045783065		249.839842556		
1470031145.95		250.876331184		247.594456202		252.70442804		
1470085895.5		238.160759329		234.900337879		239.966495219		
1470140645.05		256.100683979		252.53322343		258.076677754		
1470195394.59		240.326526474		237.053204039		242.136175545		
1470250144.14		242.702158164		239.517463509		244.526642419		
1470304893.69		244.993416037		241.906400348		246.751016263		
1470359643.24		246.619646394		243.518280684		248.403136916		
1470414392.79		248.87757337		245.850902228		250.629328536		
1470469142.34		250.786962497		247.856084671		252.523317072		
1470523891.89		249.833994934		246.983796547		251.58544278		
1470578641.44		251.629904072		248.79702748		253.386978852		
1470633390.99		253.43447585		250.670898161		255.172342869		
1470688140.54		255.125025378		252.460294141		256.869272469		
1470742890.09		276.198935495		273.399865301		278.08004364		
1470797639.64		277.577516867		274.820002224		279.459610158		
1470852389.19		277.826040216		275.11217042		279.691718196		
1470907138.74		277.965814267		275.237178345		279.8148996		
1470961888.29		278.258720545		275.707265094		280.034974641		
1471016637.84		278.810656318		276.555881125		280.488827621		
1471071387.39		279.402165862		277.397647436		281.008438198		
1471126136.94		279.941395779		278.315879735		281.487569062		
1471180886.49		280.49306433		279.007398597		282.029192195		
1471235636.04		281.098388861		279.693432377		282.539093383		
1471290385.59		281.651460857		280.250277098		283.0127844		
1471345135.14		282.235379302		280.901356329		283.591252438		
1471399884.68		282.781394676		281.373038385		284.205187176		
1471454634.23		283.312119578		281.775176471		284.879928712		
1471509383.78		283.900166692		282.277164397		285.569712124		
1471564133.33		284.424923799		282.685995732		286.243927404		
1471618882.88		284.906536997		283.153209345		286.871709253		
1471673632.43		285.375961629		283.584622474		287.458038372		
1471728381.98		285.806126408		284.006994752		288.042451616		
1471783131.53		286.231373249		284.40300878		288.663635098		
1471837881.08		286.750826446		284.844055044		289.25015378		
1471879999.0		287.203002932		285.283145605		289.811751969		
1471880000.0		287.203025307		285.283170303		289.811779021		
1471880001.0		287.203047682		285.283195001		289.811806073		
1471892630.63		287.810800012		285.990939445		290.109026921		
1471947380.18		274.055478497		272.631142388		275.534259134		
1472002129.73		261.250359776		259.893981377		262.566768282		
1472056879.28		246.606505981		244.648591735		248.106751661		
1472111628.83		240.048888751		237.964143113		241.629861529		
1472166378.38		231.402059786		229.423833947		232.97413832		
1472221127.93		206.951151191		205.281133555		208.449144667		
1472275877.48		216.03245213		214.294483592		217.673122258		
1472330627.03		209.264291664		207.53323994		210.876050048		
1472385376.58		202.935363766		201.321183107		204.541123845		
1472440126.13		197.051302191		195.507362885		198.653896146		
1472494875.68		191.57510534		190.076146528		193.163507997		
1472549625.23		186.467077823		185.031864591		187.973597966		
1472604374.77		181.690992573		180.270188385		183.137271917		
1472659124.32		177.147251503		175.71754216		178.606500497		
1472713873.87		172.872509614		171.51310035		174.290295715		
1472768623.42		168.845846078		167.459829132		170.237934604		
1472799999.0		166.636160262		165.221907762		167.999018354		
1472800000.0		166.636087293		165.221834817		167.998944859		
1472800001.0		166.636014323		165.221761871		167.998871365		
1472823372.97		164.780689748		163.441383218		166.125540448		
1472878122.52		168.209637154		166.90994439		169.470764563		
1472932872.07		174.509039725		173.2294037		175.777579343		
1472987621.62		180.797324149		179.534521453		182.058230919		
1473042371.17		187.007264033		185.750872635		188.241497375		
1473097120.72		193.354566062		192.164038212		194.629062564		
1473151870.27		199.351416572		198.185265752		200.666325988		
1473206619.82		205.362200197		204.200146162		206.699531019		
1473261369.37		211.286186715		210.144038555		212.62719227		
1473316118.92		217.058630941		215.899566208		218.445692944		
1473370868.47		222.69651678		221.509655381		224.096028726		
1473425618.02		228.107258883		226.891614281		229.562998071		
1473480367.57		233.407289857		232.167538355		234.903100512		
1473535117.12		238.585397491		237.364398552		240.173960561		
1473589866.67		243.569646547		242.36760453		245.26354458		
1473644616.22		248.425935504		247.198632453		250.173143734		
1473699365.77		253.160904167		251.92632315		254.984719979		
1473754115.32		257.716044712		256.458300238		259.555986222		
1473808864.86		262.478570954		261.208328304		264.376177534		
1473863614.41		266.984911326		265.736413101		268.602244165		
1473918363.96		270.77149429		269.542634449		272.085005161		
1473973113.51		274.738522019		273.482057623		276.216195191		
1474027863.06		278.567834694		277.294001266		280.104223897		
1474082612.61		273.435338732		272.196111866		274.953369355		
1474137362.16		276.87524831		275.594119452		278.456990243		
1474192111.71		280.226794092		278.912373385		281.794247401		
1474246861.26		283.416168246		282.060092324		284.971290356		
1474301610.81		286.440657447		285.083224357		288.018814295		
1474356360.36		289.381033716		288.016278343		290.936241591		
1474411109.91		290.175730127		288.806611352		291.750379102		
1474465859.46		292.978183808		291.602739577		294.580819048		
1474520609.01		294.465865419		293.064600736		296.084529196		
1474575358.56		297.55584615		296.114276475		299.212837558		
1474630108.11		300.556688936		299.093285944		302.213575568		
1474684857.66		298.644888959		297.199980508		300.27989482		
1474739607.21		301.081533134		299.638700485		302.76784596		
1474794356.76		303.394497744		301.910193007		305.050229273		
1474849106.31		305.561567067		304.080048539		307.231921389		
1474903855.86		312.425407227		310.91565439		314.14611685		
1474958605.41		309.559879273		308.090636571		311.272538227		
1475013354.95		311.470657864		310.011836261		313.188797836		
1475068104.5		313.276148416		311.828925388		315.004396538		
1475122854.05		315.299775036		313.841945666		317.04749627		
1475177603.6		332.561114716		331.034127367		334.443924764		
1475179999.0		317.069967408		315.616554166		318.863774412		
1475180000.0		317.069682111		315.616272842		318.863484122		
1475180001.0		317.069396814		315.615991519		318.863193832		
1475232353.15		301.662101311		300.599790347		303.054133383		
1475287102.7		276.888871414		275.949076929		278.084522231		
1475341852.25		272.571545554		271.633300871		273.53520306		
1475396601.8		266.434106695		265.133930659		267.610143176		
1475451351.35		262.938063253		261.378580946		264.273599247		
1475506100.9		259.634563194		257.775058498		261.181871137		
1475560850.45		253.612539425		251.421799553		255.328110147		
1475615600.0		250.119140861		247.712266768		252.010486413		
1475670349.55		249.618644305		246.9389053		251.698531028		
1475679999.0		249.144611529		246.420939361		251.239483921		
1475680000.0		249.144785638		246.421115812		251.239658644		
1475680001.0		249.144959749		246.421292264		251.239833367		
1475725099.1		257.078202827		254.419677943		259.132843599		
1475779848.65		266.344303755		263.798946511		268.400100793		
1475834598.2		275.561816821		273.167886171		277.567258042		
1475889347.75		284.096695794		281.916272816		286.046943712		
1475944097.3		291.763728785		289.687140455		293.66833885		
1475998846.85		299.280819836		297.301951018		301.06838407		
1476053596.4		306.460364055		304.588960403		308.110236091		
1476108345.95		313.399996702		311.689895305		314.96983975		
1476163095.5		320.089099328		318.452038387		321.550759995		
1476217845.05		326.53469663		325.079343643		327.964622709		
1476272594.59		332.691878819		331.286323024		334.090187393		
1476327344.14		338.195551463		336.848199562		339.534428499		
1476382093.69		342.826598065		341.524932462		344.143285462		
1476436843.24		347.853266354		346.550667466		349.11667142		
1476491592.79		352.591931886		351.329508487		353.935428146		
1476546342.34		357.569477299		356.321236587		358.957069332		
1476601091.89		362.29238358		361.040664475		363.75426025		
1476655841.44		366.767187353		365.578827564		368.290624495		
1476710590.99		371.019548106		369.834620366		372.597821789		
1476765340.54		375.059617089		373.911670628		376.657580646		
1476820090.09		378.846705373		377.707458364		380.461588146		
1476874839.64		382.488319214		381.368751783		384.11842734		
1476929589.19		385.90254255		384.754146581		387.534667486		
1476984338.74		388.968044461		387.790705662		390.620174927		
1477039088.29		391.457034464		390.290329296		393.119720184		
1477093837.84		393.846257774		392.628589027		395.519283889		
1477148587.39		396.120181083		394.875236924		397.832872067		
1477203336.94		398.279886677		397.035412453		399.993050584		
1477258086.49		400.372427304		399.081978072		402.11873563		
1477312836.04		402.345585229		401.013120126		404.137339884		
1477367585.59		404.218345228		402.847439151		406.041367244		
1477422335.14		406.011840489		404.611749519		407.870976072		
1477477084.68		407.716158307		406.29506993		409.599340756		
1477531834.23		409.377044239		407.928097224		411.269582995		
1477586583.78		410.800958171		409.309653525		412.689397849		
1477641333.33		412.443238798		410.951133912		414.371150209		
1477696082.88		413.863208872		412.331593702		415.823351728		
1477750832.43		415.257644508		413.710258338		417.243972598		
1477805581.98		416.629185811		415.085642134		418.621411733		
1477860331.53		417.926246178		416.399989989		419.933402045		
1477915081.08		419.181998549		417.651253598		421.18735227		
1477969830.63		420.406252482		418.866481895		422.424920531		
1478024580.18		421.59765096		420.053046444		423.630533681		
1478079329.73		422.75634163		421.21079576		424.799170854		
1478134079.28		423.89288729		422.3391112		425.941565934		
1478188828.83		425.017487495		423.454427192		427.06215868		
1478243578.38		426.107975573		424.533650495		428.148202945		
1478298327.93		427.196923201		425.60507125		429.227795356		
1478353077.48		428.253096059		426.651844781		430.278526017		
1478407827.03		429.306948991		427.695945401		431.326193933		
1478462576.58		430.306989142		428.688525172		432.336454852		
1478517326.13		431.303807754		429.686736014		433.416712281		
1478572075.68		432.308040687		430.677754406		434.423466862		
1478626825.23		433.293831623		431.655992049		435.412833207		
1478681574.77		434.24729236		432.632956867		436.396821408		
1478736324.32		435.198043527		433.588274997		437.38427261		
1478791073.87		436.14065375		434.532064355		438.330017808		
1478845823.42		437.080782253		435.473606684		439.267773175		
1478900572.97		438.028927076		436.405205643		440.219726437		
1478955322.52		438.959849268		437.345949435		441.165654418		
1479010072.07		439.885839204		438.270911674		442.091173174		
1479064821.62		440.815209773		439.199405286		443.02159751		
1479119571.17		441.742623362		440.118826117		443.946084807		
1479174320.72		442.664076182		441.034431477		444.866134919		
1479229070.27		443.576806903		441.940243696		445.775360241		
1479283819.82		444.463111373		442.830350257		446.664643178		
1479338569.37		445.349916477		443.728193564		447.566495514		
1479393318.92		446.254204029		444.61452999		448.449984124		
1479448068.47		447.149710262		445.500548874		449.347842567		
1479502818.02		448.058306886		446.419679074		450.233794205		
1479557567.57		448.942292585		447.299436764		451.076443599		
1479612317.12		449.84210557		448.195723908		451.916866023		
1479667066.67		450.728343744		449.07021335		452.761571282		
1479721816.22		451.608547696		449.936746472		453.648533713		
1479772378.0		439.723757147		438.10187229		441.653152095		
1479772379.0		439.723776082		438.101891553		441.653171641		
1479772380.0		439.723795017		438.101910817		441.653191187		
1479776565.77		410.617495982		406.430147207		415.34244022		
1479831315.32		360.361728697		355.801294658		365.128616708		
1479886064.86		376.450438748		371.81044432		381.263214191		
1479940814.41		382.32770095		377.968460314		386.853930012		
1479995563.96		387.968412386		383.839048457		392.241073105		
1480050313.51		393.414714599		389.498439003		397.417690969		
1480105063.06		398.569761059		394.850100556		402.305964199		
1480159812.61		403.46513678		399.994956876		406.945253033		
1480214562.16		408.117412862		404.868956937		411.447873419		
1480269311.71		412.559475584		409.462611243		415.666593524		
1480324061.26		416.793080665		413.905291043		419.701606003		
1480344348.0		417.930318522		415.128571296		420.83170581		
1480344349.0		417.930267644		415.128514057		420.831673613		
1480344350.0		417.930216765		415.128456818		420.831641417		
1480378810.81		415.980768511		413.373463777		418.651013855		
1480433560.36		412.954675269		410.753751105		415.257980952		
1480488309.91		410.239061215		408.234518354		412.427613033		
1480543059.46		407.942370729		405.696104865		409.998820883		
1480597809.01		405.731955871		403.326308205		408.052584018		
1480652558.56		403.755158194		401.1554694		406.301563129		
1480707308.11		401.971974469		399.20923831		404.787194892		
1480762057.66		400.412421864		397.451943426		403.444840308		
1480816807.21		398.957438446		395.790938146		402.280455373		
1480871556.76		397.636526388		394.322217107		401.230689276		
1480926306.31		396.693744663		393.121046842		400.521084871		
1480926699.0		396.733644857		393.162999221		400.559378677		
1480926700.0		396.733746474		393.163106064		400.559476202		
1480926701.0		396.733848091		393.163212908		400.559573727		
1480981055.86		402.409919063		399.064032198		406.013229288		
1481035805.41		407.945226432		404.781441926		411.381393636		
1481090554.95		413.17920529		410.181981917		416.372256259		
1481145304.5		418.218208315		415.215190856		421.091181734		
1481200054.05		422.979996132		420.178959196		425.754962749		
1481254803.6		427.542042446		424.897822128		430.093666017		
1481309553.15		431.800135918		429.283185745		434.113453236		
1481364302.7		435.786413854		433.424593377		438.009344712		
1481419052.25		439.551958011		437.353952421		441.680736753		
1481473801.8		443.209961326		441.16041669		445.216792823		
1481528551.35		446.635645657		444.73061797		448.53652546		
1481583300.9		449.716357093		447.899564057		451.575621519		
1481638050.45		452.35795664		450.592023765		454.130204345		
1481692800.0		454.778130131		453.091728756		456.554563436		
1481747549.55		457.205291613		455.471960814		458.984829721		
1481802299.1		459.63177204		457.859482832		461.388717369		
1481857048.65		461.836205654		460.0506597		463.578149198		
1481911798.2		464.025322456		462.190088669		465.725018854		
1481966547.75		466.095327902		464.137614816		467.745431567		
1482021297.3		468.073469788		466.003521799		469.654951188		
1482076046.85		470.019120956		467.882730397		471.602890733		
1482130796.4		471.863762069		469.771129606		473.48880469		
1482168544.0		472.416745085		470.317466256		474.002339378		
1482168545.0		472.416399473		470.317119669		474.001901574		
1482168546.0		472.416053861		470.316773083		474.001463771		
1482185545.95		466.313184504		464.715404664		467.788670247		
1482240295.5		448.217399152		445.816935642		450.409620327		
1482295045.05		432.135588928		428.432376933		436.626925007		
1482349794.59		417.754302809		412.401892672		424.287249405		
1482359159.0		415.95272353		410.473124703		422.776874404		
1482359160.0		415.952818723		410.473223598		422.776962925		
1482359161.0		415.952913916		410.473322492		422.777051445		
1482404544.14		420.684799696		415.440552322		427.040554019		
1482459293.69		426.316543846		421.488749618		432.197289419		
1482514043.24		431.652354119		427.174132443		437.116324665		
1482568792.79		436.74611492		432.554010661		441.719049858		
1482623542.34		441.630595056		437.710636822		446.176209834		
1482678291.89		446.213415676		442.462165687		450.078666555		
1482733041.44		450.476201322		446.913372299		453.861186168		
1482787790.99		454.460687679		451.144308417		457.605097116		
1482842540.54		458.231056366		455.241636231		461.120746647		
1482897290.09		461.835652846		458.977658277		464.528633513		
1482952039.64		462.751998974		460.15789668		465.226846917		
1483006789.19		466.141595422		463.712287075		468.469566575		
1483061538.74		469.534986406		467.143456069		471.678710905		
1483116288.29		472.674959982		470.273514347		474.757970184		
1483171037.84		475.625516562		473.022028173		477.584762938		
1483225787.39		478.430853854		475.858786606		480.333463171		
1483280536.94		481.111429411		478.532744199		483.013568498		
1483335286.49		483.662123621		481.042247527		485.605677293		
1483390036.04		486.15446416		483.499768743		488.090772791		
1483444785.59		488.506505592		485.875850794		490.423795584		
1483499535.14		490.689333711		488.16049981		492.579262718		
1483554284.68		492.825520282		490.334427186		494.719991054		
1483609034.23		494.86332188		492.384251781		496.764487198		
1483663783.78		496.78220433		494.288248003		498.689510374		
1483718533.33		498.670230893		496.083998852		500.611006745		
1483773282.88		500.598787121		497.944595947		502.520225294		
1483828032.43		502.404809841		499.723354864		504.366708489		
1483882781.98		504.144271113		501.422695716		506.103127902		
1483937531.53		505.81267663		503.051883834		507.81869521		
1483992281.08		507.528504769		504.756187592		509.538090827		
1484047030.63		509.217803647		506.432121994		511.274008003		
1484101780.18		510.751009461		507.867750024		512.854708689		
1484156529.73		512.211256958		509.274961751		514.381938367		
1484211279.28		513.628464881		510.679748692		515.83596761		
1484266028.83		515.064990412		512.001756887		517.266284234		
1484320778.38		516.321222958		513.179602715		518.572603274		
1484375527.93		517.558720972		514.373043234		519.874559207		
1484430277.48		518.842480676		515.556423811		521.21758404		
1484485027.03		520.150627045		516.776996759		522.550151224		
1484539776.58		521.390486108		517.945016552		523.809646332		
1484594526.13		522.581291382		519.068270797		525.020554092		
1484649275.68		523.73037883		520.137979633		526.21644403		
1484704025.23		524.946212021		521.321651037		527.493458218		
1484758774.77		526.090050829		522.432362068		528.699416335		
1484813524.32		417.504566439		414.573812723		419.606279399		
1484868273.87		418.409923539		415.442155605		420.546357309		
1484923023.42		419.316123883		416.312978775		421.489713684		
1484977772.97		502.029381043		498.42441653		504.665304171		
1485032522.52		503.181012769		499.543791669		505.852819745		
1485087272.07		504.235040138		500.549692743		506.969369454		
1485142021.62		505.322304424		501.582208362		508.073594643		
1485196771.17		506.360718093		502.5616662		509.141382585		
1485251520.72		492.271675461		488.571357288		495.050749813		
1485306270.27		474.991116684		471.397277166		477.753624181		
1485361019.82		476.642381513		472.963811141		479.440193262		
1485415769.37		479.383382907		475.614160456		482.197863815		
1485470518.92		403.520908258		400.311587978		405.910507669		
1485525268.47		405.793595226		402.523677754		408.216815222		
1485580018.02		407.951657441		404.637378639		410.402328757		
1485634767.57		409.99896691		406.631860592		412.490244021		
1485689517.12		411.991992591		408.58875184		414.537880339		
1485744266.67		413.900300234		410.461578424		416.505668075		
1485799016.22		415.753667819		412.269197954		418.403511858		
1485853765.77		479.60768549		475.534926264		482.720635673		
1485908515.32		481.544345256		477.41001266		484.694753933		
1485951099.0		483.013851673		478.837325114		486.19864402		
1485951100.0		483.013885909		478.837358396		486.198679088		
1485951101.0		483.013920145		478.837391678		486.198714156		
1485963264.86		459.964167481		455.0738334		464.008072864		
1486018014.41		449.542187237		442.742912818		459.064509865		
1486072763.96		463.182511626		456.612582936		471.87185824		
1486127513.51		466.961336172		460.918801291		473.906606586		
1486182263.06		470.509829137		464.869260029		475.860145876		
1486237012.61		473.835116841		468.542250905		477.951951863		
1486291762.16		476.844111288		472.173839444		480.640802327		
1486346511.71		479.213546063		475.499648182		483.528894646		
1486401261.26		481.728228735		478.262111059		486.187252023		
1486456010.81		484.7691454		480.486282485		488.88186379		
1486510760.36		487.709257744		482.36655139		491.548565434		
1486565509.91		490.456204366		484.907247393		493.939201701		
1486620259.46		492.9127423		487.839099667		496.390145617		
1486675009.01		495.376933651		490.618414369		498.675580286		
1486729758.56		497.634555747		493.282004762		500.876974513		
1486784508.11		499.756834761		495.639284953		502.934042157		
1486839257.66		501.963460921		497.940786854		505.023035373		
1486894007.21		504.028842669		500.236175241		507.133915285		
1486948756.76		506.175501657		502.409474696		509.151481215		
1487003506.31		508.194719747		504.450728003		511.097764044		
1487058255.86		510.10512959		506.331918196		513.031803317		
1487113005.41		511.874715822		508.187507478		514.881742714		
1487167754.95		513.741986706		510.004754394		516.792671454		
1487222504.5		515.603563838		511.799762502		518.645963323		
1487277254.05		518.270707967		514.400718905		521.420920481		
1487332003.6		519.846523575		515.872301293		523.003017255		
1487386753.15		521.427309398		517.353823688		524.607453306		
1487441502.7		522.852910966		518.798960992		525.950244967		
1487496252.25		524.35942349		520.161008368		527.312998271		
1487551001.8		525.824924722		521.547892893		528.700896734		
1487605751.35		527.147549753		522.911930144		529.959287785		
1487660500.9		528.462425747		524.322027089		531.229348432		
1487715250.45		529.73237499		525.575313868		532.460503632		
1487770000.0		530.860004024		526.729697172		533.641049634		
1487824749.55		532.134322232		527.924345302		534.859397792		
1487879499.1		533.307340891		529.072748344		535.975092151		
1487934248.65		534.353685382		530.075417904		537.036920798		
1487988998.2		535.275439141		530.952987232		537.978058075		
1488043747.75		536.158945276		531.762462671		538.823483501		
1488098497.3		536.999603048		532.497142564		539.643912703		
1488153246.85		537.801546976		533.184698792		540.47289065		
1488207996.4		538.540713701		533.867553611		541.294709265		
1488262745.95		539.365077575		534.531408031		542.17147069		
1488317495.5		540.077573738		535.099995239		542.91875079		
1488372245.05		540.691140437		535.591663322		543.595653791		
1488426994.59		541.405494414		536.222012441		544.295168501		
1488481744.14		542.089044056		536.875314554		544.953878557		
1488536493.69		542.626846761		537.495094309		545.5755481		
1488591243.24		543.2099102		538.098049418		546.170178661		
1488645992.79		543.748019834		538.58297631		546.793192144		
1488700742.34		544.165340644		538.945998501		547.204445152		
1488755491.89		544.224263703		539.002364624		547.29025706		
1488810241.44		543.548310717		538.333447063		546.635251646		
1488864990.99		544.318569988		539.088975308		547.373290904		
1488919740.54		545.004275616		539.780140785		548.112943187		
1488974490.09		545.691271771		540.451351499		548.764185879		
1489029239.64		546.4011771		541.141767815		549.490803301		
1489083989.19		547.801229376		542.54326307		550.87780124		
1489138738.74		548.610858979		543.438315627		551.70287444		
1489193488.29		549.114841985		543.963873144		552.222233133		
1489248237.84		549.683839246		544.547775215		552.772552438		
1489302987.39		550.229814361		545.118750779		553.327356656		
1489357736.94		550.72129449		545.650362963		553.795530381		
1489412486.49		551.129441627		546.083003303		554.129074828		
1489467236.04		551.51588987		546.597277942		554.482660976		
1489521985.59		551.873906655		546.995048749		554.777031173		
1489576735.14		552.251245558		547.468721037		555.133768395		
1489631484.68		552.655127224		547.964651255		555.460422948		
1489686234.23		553.011502711		548.396947463		555.754698004		
1489740983.78		553.252869546		548.712075768		555.993817913		
1489795733.33		553.59863425		549.058707952		556.308371347		
1489850482.88		553.874523429		549.360406417		556.527200299		
1489905232.43		554.044421112		549.589063614		556.657835151		
1489959981.98		554.293366379		549.871237084		556.830379894		
1490014731.53		554.532270743		550.186478559		557.036499352		
1490069481.08		554.729873505		550.491148149		557.20255072		
1490124230.63		554.970793719		550.849131077		557.404005117		
1490178980.18		555.108282551		551.051716433		557.557796469		
1490233729.73		555.282361643		551.274122539		557.717469487		
1490288479.28		555.576865812		551.747194617		557.986875331		
1490343228.83		555.807377985		552.030819653		558.177987315		
1490397978.38		556.03728078		552.356441503		558.404710923		
1490452727.93		556.234867928		552.665503374		558.615586063		
1490507477.48		556.430129136		552.87106687		558.797115641		
1490562227.03		556.654491738		553.1792181		558.975467751		
1490616976.58		556.877758056		553.45569489		559.142852124		
1490671726.13		557.165771081		554.071861154		559.455440497		
1490726475.68		557.459086399		554.675115832		559.744511186		
1490781225.23		557.668909096		555.19597455		559.951631113		
1490835974.77		558.147169792		555.964399986		560.39181002		
1490890724.32		558.516042119		556.542733781		560.656109101		
1490945473.87		558.959253926		557.029872367		560.923214779		
1491000223.42		559.506328865		557.554281134		561.391544302		
1491054972.97		560.15790068		558.070868883		561.947831368		
1491109722.52		560.623305015		558.538969713		562.618020342		
1491164472.07		560.928373687		558.791833629		563.148842847		
1491219221.62		561.087483641		558.933551129		563.561826571		
1491273971.17		561.401061689		559.221846106		564.01542554		
1491328720.72		561.741563037		559.534601365		564.439747277		
1491383470.27		562.028256671		559.801063524		564.817403684		
1491438219.82		562.317219514		560.075762257		565.192986075		
1491492969.37		560.86247226		558.559072698		563.751203791		
1491547718.92		561.080058037		558.805100733		563.965924841		
1491602468.47		561.488742098		559.170103622		564.374872828		
1491657218.02		561.808856289		559.540681614		564.758351333		
1491711967.57		562.143811872		559.834672812		565.176720911		
1491766717.12		562.41347991		560.118763891		565.532474692		
1491821466.67		562.828737068		560.553255449		566.010617331		
1491876216.22		563.149047734		560.866461597		566.407407358		
1491930965.77		563.368995647		561.124217771		566.702615063		
1491985715.32		563.610077642		561.333709411		566.985246439		
1492040464.86		563.89276049		561.587828072		567.309953497		
1492095214.41		564.501366649		562.150541644		568.009834922		
1492149963.96		565.659963871		563.193412951		569.23420312		
1492204713.51		565.825797573		563.320575283		569.557557299		
1492259463.06		565.941290736		563.362505543		569.598752546		
1492314212.61		566.201231703		563.542789658		569.918253022		
1492368962.16		566.386720223		563.658752877		570.167623124		
1492423711.71		566.522815241		563.727996436		570.402465563		
1492478461.26		566.79200544		563.943492135		570.731129263		
1492533210.81		566.892014513		563.971178157		570.880460198		
1492587960.36		567.15200641		564.168220393		571.26674625		
1492642709.91		567.41815712		564.399571594		571.621738758		
1492697459.46		567.746329066		564.652913339		571.974402144		
1492752209.01		568.088011005		564.958290874		572.448826383		
1492806958.56		568.386892147		565.191477554		572.855993429		
1492861708.11		568.634506575		565.353320814		573.202027226		
1492916457.66		568.847347519		565.471400877		573.540992439		
1492971207.21		569.100506772		565.709274033		573.945747651		
1493025956.76		569.187194058		565.657531364		574.123472974		
1493080706.31		569.396989796		565.793109636		574.436089624		
1493135455.86		569.684628817		565.938235718		574.812913926		
1493190205.41		569.878392837		566.107426464		575.131694895		
1493244954.95		570.090645413		566.261398911		575.471948929		
1493299704.5		570.131080054		566.247028737		575.625908755		
1493354454.05		570.205338361		566.213023183		575.746074614		
1493409203.6		570.278357023		566.201776379		575.902422539		
1493463953.15		570.418867847		566.320432397		576.196171847		
1493518702.7		570.568638379		566.394515794		576.46479623		
1493573452.25		570.781055894		566.515691641		576.793253978		
1493628201.8		570.966265665		566.64158215		577.108549302		
1493682951.35		571.308986592		566.943331277		577.567365037		
1493737700.9		571.684330042		567.247801238		577.972326386		
1493792450.45		572.016942379		567.514606169		578.340490933		
1493847200.0		572.297158816		567.748341187		578.722035874		
1493901949.55		572.626651578		567.967152071		579.147202523		
1493956699.1		572.93665443		568.17159428		579.589456207		
1494011448.65		573.216785319		568.344202712		579.998982586		
1494066198.2		573.548028965		568.575569014		580.476464307		
1494120947.75		573.788769369		568.755598034		580.90333488		
1494175697.3		574.15787418		569.021248279		581.403405792		
1494230446.85		574.480006672		569.262971414		581.827539617		
1494285196.4		574.764342464		569.461241171		582.265692018		
1494339945.95		574.953641781		569.568477135		582.639559654		
1494394695.5		575.184246377		569.715996114		582.948116428		
1494449445.05		575.404908175		569.858218808		583.246171805		
1494504194.59		575.632227064		569.992012576		583.629678041		
1494558944.14		575.847383826		570.109071713		584.013330299		
1494613693.69		576.113377575		570.25137663		584.381584842		
1494668443.24		576.366256183		570.428999743		584.745212556		
1494723192.79		576.639518391		570.599089228		585.114064107		
1494777942.34		576.896935489		570.760282355		585.522481885		
1494832691.89		570.629626242		564.454162214		579.303779431		
1494887441.44		530.94863167		525.158350054		539.187163147		
1494942190.99		496.418250889		490.879148147		504.239428611		
1494996940.54		466.150549206		460.800760874		473.62413615		
1495051690.09		439.385907011		434.278385844		446.524839147		
1495106439.64		415.516237257		410.611224536		422.423262558		
1495161189.19		394.087934942		389.385521149		400.804172952		
1495215938.74		374.804211294		370.31058154		381.304309636		
1495270688.29		357.306433143		353.00722674		363.626638424		
1495325437.84		341.406615576		337.23594013		347.527166803		
1495380187.39		326.861895585		322.830663517		332.803587066		
1495434936.94		313.504117027		309.58192429		319.286757605		
1495489686.49		301.206222395		297.377372106		306.83417068		
1495544436.04		289.83124644		286.111705657		295.324907832		
1495599185.59		279.323584643		275.66877975		284.65564752		
1495653935.14		269.525593828		265.985957435		274.732963865		
1495708684.68		260.391507977		256.973949071		265.480211013		
1495763434.23		251.871186321		248.522319872		256.836698507		
1495818183.78		243.879720187		240.637924899		248.744179735		
1495872933.33		236.386841172		233.240424669		241.151605023		
1495927682.88		229.357033167		226.287832679		234.014036183		
1495982432.43		222.728670444		219.741288091		227.29176748		
1496037181.98		217.869472953		214.939085109		222.368989271		
1496091931.53		236.47097751		233.197275804		241.215576078		
1496146681.08		255.938873445		252.402282556		261.006353339		
1496201430.63		276.305385943		272.528801048		281.71850139		
1496256180.18		297.583083683		293.390304705		303.364687236		
1496310929.73		319.534500718		314.964391926		325.734502278		
1496365679.28		342.096411636		337.30385754		348.756571959		
1496420428.83		365.234670197		360.067937116		372.507913627		
1496475178.38		388.751055401		383.149519438		396.786758489		
1496529927.93		412.600936544		406.5346699		421.218693545		
1496584677.48		436.483931988		429.965950738		445.853236861		
1496639427.03		460.310951391		453.370081609		470.339070969		
1496694176.58		484.024186898		476.590875335		494.61450577		
1496748926.13		507.414877548		499.538564413		518.625743486		
1496803675.68		530.382225364		522.063418305		542.304257974		
1496858425.23		552.797300809		544.045141343		565.427727436		
1496913174.77		574.517979162		565.29481841		587.864923786		
1496967924.32		595.49560591		585.755946399		609.510992998		
1497022673.87		615.646386769		605.379726964		630.370153285		
1497077423.42		634.91068439		624.09829871		650.368027158		
1497132172.97		653.244855728		641.879945218		669.393532342		
1497186922.52		670.59123964		658.785300232		687.413506578		
1497241672.07		686.949012938		674.729451226		704.396109172		
1497296421.62		702.345185346		689.693539538		720.412641563		
1497351171.17		716.741853765		703.696417796		735.398889572		
1497405920.72		730.157875971		716.752527898		749.393609337		
1497460670.27		742.572404813		728.810561899		762.42485322		
1497515419.82		754.140129293		740.073289611		774.537713824		
1497570169.37		764.853953764		750.476400671		785.835301106		
1497624918.92		774.698666453		760.024995643		796.246971606		
1497679668.47		783.800015887		768.650849828		805.860584088		
1497734418.02		792.21735983		776.488094988		814.625159291		
1497789167.57		799.816658928		783.917246489		822.553226538		
1497843917.12		806.832625312		790.777256139		830.015174837		
1497898666.67		813.296207683		797.040578988		836.935525555		
1497953416.22		819.184620348		802.581342734		843.300547289		
1498008165.77		824.606163773		807.634186947		849.151616543		
1498062915.32		829.56849512		812.678426779		854.547648197		
1498117664.86		834.110168254		816.917060179		859.47744435		
1498172414.41		838.267384707		820.9664746		864.033000738		
1498227163.96		842.376551955		824.51198766		868.229265398		
1498281913.51		845.889120054		827.760667506		872.094098351		
1498336663.06		849.111184656		830.708151839		875.657353126		
1498391412.61		852.125302926		833.463404216		878.94662518		
1498446162.16		854.829060802		835.958738613		881.987291018		
1498500911.71		857.316357327		838.177970943		884.802607208		
1498555661.26		859.602414379		840.219405024		887.768271409		
1498610410.81		861.695886013		842.132583785		890.223897917		
1498665160.36		863.641175298		843.837339948		892.514472581		
1498719909.91		865.449253142		845.402120794		894.656134948		
1498774659.46		867.12694482		846.840814991		896.663596126		
1498829409.01		868.687272281		848.166082481		898.550289781		
1498884158.56		870.134221398		849.389309359		900.326384536		
1498938908.11		871.486579202		850.520787429		901.995423249		
1498993657.66		872.754636849		851.572199067		903.570144869		
1499048407.21		873.956162396		852.553739833		905.066839399		
1499103156.76		875.091646829		853.471155114		906.493556485		
1499157906.31		876.166413348		854.320097398		907.911450686		
1499212655.86		877.186727575		855.115920217		909.220744883		
1499267405.41		878.158195377		855.864812926		910.484253531		
1499322154.95		879.085922564		856.589814154		911.701674085		
1499376904.5		879.974477983		857.289601341		912.877841767		
1499431654.05		880.820496316		857.969236333		914.017100021		
1499486403.6		881.624646831		858.61323614		915.12335667		
1499541153.15		882.401170833		859.228935343		916.200101069		
1499595902.7		883.147579802		859.820235537		917.250524908		
1499650652.25		883.853350078		860.389706543		918.277468685		
1499705401.8		884.53963948		860.939653376		919.283485343		
1499760151.35		885.20854041		861.47214017		920.267185315		
1499814900.9		885.861924173		861.989013406		921.216020789		
1499869650.45		886.501486949		862.496397247		922.149943119		
1499924400.0		887.128736929		862.991215293		923.07062412		
1499979149.55		887.746851614		863.470652154		923.97956542		
1500033899.1		888.381547297		863.93659134		924.878111743		
1500088648.65		889.010240888		864.39322616		925.76747364		
1500143398.2		889.631053761		864.841559327		926.648744958		
1500198147.75		890.244877656		865.283840311		927.52290202		
1500252897.3		890.852511852		865.721752077		928.396227464		
1500307646.85		891.454669696		866.154060716		929.286056381		
1500362396.4		892.03775986		866.581388627		930.171271899		
1500417145.95		892.622103233		867.004293829		931.062790166		
1500471895.5		893.20262698		867.423274217		931.980065845		
1500526645.05		893.779798254		867.838775775		932.89493084		
1500581394.59		894.371458664		868.251195755		933.807811562		
1500636144.14		894.966985566		868.660894128		934.719095045		
1500690893.69		895.562122215		869.068191934		935.629127034		
1500745643.24		896.155298213		869.473376141		936.53821715		
1500800392.79		896.746792913		869.855425993		937.419539466		
1500855142.34		897.336855151		870.232882082		938.294152076		
1500909891.89		897.925711865		870.602806328		939.168312256		
1500964641.44		898.51356473		870.979864384		940.042232487		
1501019390.99		899.100594681		871.34911988		940.916103744		
1501074140.54		899.686963862		871.719008644		941.790097508		
1501128890.09		900.272817397		872.100197162		942.664367601		
1501183639.64		900.845754043		872.49504377		943.539054018		
1501238389.19		901.411041305		872.889820694		944.414281773		
1501293138.74		901.976151016		873.28778454		945.290163431		
1501347888.29		902.567946221		873.685363816		946.166800121		
1501402637.84		903.158877509		874.08135108		947.044283172		
1501457387.39		903.740958952		874.468132802		947.922695462		
1501512136.94		904.300036902		874.85469444		948.802111347		
1501566886.49		904.845792067		875.241093933		949.682597971		
1501621636.04		905.415249829		875.627383035		950.564215782		
1501676385.59		905.988393761		876.013608473		951.447019804		
1501731135.14		906.561898892		876.39981222		952.33105991		
1501785884.68		907.135803713		876.786031776		953.216381135		
1501840634.23		907.71014285		877.171041972		954.103024341		
1501895383.78		908.284947303		877.548494715		954.991026471		
1501950133.33		908.860245292		877.938643519		955.880421477		
1502004882.88		909.431116845		878.32600584		956.771240184		
1502059632.43		909.99346655		878.709854454		957.663510673		
1502114381.98		910.556339843		879.093869516		958.557258616		
1502169131.53		911.119755391		879.478068634		959.452507394		
1502223881.08		911.683730305		879.867301675		960.349278746		
1502278630.63		912.248279927		880.256861098		961.247592522		
1502333380.18		912.819229152		880.644459746		962.147467017		
1502388129.73		913.407334771		881.02723823		963.048919126		
1502442879.28		913.996109127		881.409909521		963.951964467		
1502497628.83		914.586814242		881.792834291		964.856617674		
1502552378.38		915.186728865		882.17602107		965.762892301		
1502607127.93		915.787367522		882.559904848		966.670801017		
1502661877.48		916.388738248		882.949610281		967.580355672		
1502716627.03		916.990848421		883.340454605		968.491567418		
1502771376.58		917.593704851		883.731599315		969.404446813		
1502826126.13		918.189602242		884.12304955		970.319003808		
1502880875.68		918.778383749		884.514809966		971.235247847		
1502935625.23		919.367887381		884.906884767		972.153187905		
1502990374.77		919.958117993		885.299277792		973.072832577		
1503045124.32		920.549080091		885.691992535		973.994190103		
1503099873.87		921.140777859		886.085032164		974.917268386		
1503154623.42		921.733215202		886.48529586		975.842075046		
1503209372.97		922.326395762		886.890479967		976.768617432		
1503264122.52		922.920322982		887.296543271		977.688182845		
1503318872.07		923.515000096		887.705302068		978.605999792		
1503373621.62		924.110430158		888.11442456		979.525525896		
1503428371.17		924.706616059		888.523912608		980.446767596		
1503483120.72		925.300668827		888.933767926		981.369731176		
1503537870.27		925.89209761		889.343992123		982.294422816		
1503592619.82		926.484274466		889.754586685		983.220848572		
1503647369.37		927.077201716		890.165553		984.1490144		
1503702118.92		927.670881588		890.576892365		985.078926172		
1503756868.47		928.265316235		890.984912688		986.010589679		
1503811618.02		928.860507748		891.383860287		986.944010656		
1503866367.57		929.456458151		891.795083472		987.879194776		
1503921117.12		930.053169414		892.20689794		988.816147664		
1503975866.67		930.650643459		892.619089237		989.754874901		
1504030616.22		931.248882164		893.031658276		990.695382032		
1504085365.77		931.847887371		893.444605936		991.637674578		
1504140115.32		932.447660889		893.857933056		992.581758032		
1504194864.86		933.048204495		894.271640446		993.527637865		
1504249614.41		933.64951994		894.685728886		994.475319534		
1504304363.96		934.251608953		895.100199131		995.424808484		
1504359113.51		934.854473242		895.514816591		996.376110153		
1504413863.06		935.458114499		895.921507404		997.329229971		
1504468612.61		936.062534398		896.328566534		998.284173365		
1504523362.16		936.6677346		896.735994615		999.240945763		
1504578111.71		937.273716757		897.143792267		1000.19955259		
1504632861.26		937.880482509		897.551960102		1001.15999929		
1504687610.81		938.488033488		897.960498719		1002.12229129		
1504742360.36		939.096371317		898.36940871		1003.08643404		
1504797109.91		939.705497616		898.778690657		1004.052433		
1504851859.46		940.315413997		899.188345137		1005.02029362		
1504906609.01		940.926122072		899.59837272		1005.99002139		
1504961358.56		941.537623446		900.008773971		1006.96162178		
1505016108.11		942.149919723		900.419549451		1007.93510031		
1505070857.66		942.763012505		900.830699715		1008.91046248		
1505125607.21		943.376903394		901.243069425		1009.88771384		
1505180356.76		943.99159399		901.656502119		1010.86685991		
1505235106.31		944.607085894		902.070314041		1011.84790626		
1505289855.86		945.223380707		902.484505739		1012.83085848		
1505344605.41		945.840480031		902.899077761		1013.81572216		
1505399354.95		946.458385468		903.314030655		1014.80250291		
1505454104.5		947.077098623		903.729364964		1015.79120637		
1505508854.05		947.696621102		904.143894925		1016.78183819		
1505563603.6		948.322344521		904.551304274		1017.77440403		
1505618353.15		948.952898597		904.959080849		1018.7689096		
1505673102.7		949.584291673		905.367225163		1019.7653606		
1505727852.25		950.216525439		905.775737725		1020.76376277		
1505782601.8		950.849601586		906.184619048		1021.76412185		
1505837351.35		951.483521812		906.593869642		1022.76644362		
1505892100.9		952.118287814		907.003490016		1023.77073387		
1505946850.45		952.753901296		907.413480681		1024.77699843		
1506001600.0		953.390363964		907.823842146		1025.78524312		
1506056349.55		954.027677528		908.234574923		1026.79547381		
1506111099.1		954.665843701		908.645679522		1027.80769639		
1506165848.65		955.304864202		909.057156453		1028.82191675		
1506220598.2		955.944740753		909.469006227		1029.83814082		
1506275347.75		956.585475079		909.881229356		1030.85637455		
1506330097.3		957.227068911		910.293826353		1031.87662392		
1506384846.85		957.869523983		910.706797729		1032.89889493		
1506439596.4		958.506738868		911.120143998		1033.92319358		
1506494345.95		959.143480045		911.533865672		1034.94952593		
1506549095.5		959.781067761		911.947963268		1035.97789804		
1506603845.05		960.419503706		912.362437299		1037.008316		
1506658594.59		961.058789577		912.777288281		1038.04078592		
1506713344.14		961.698927074		913.199389717		1039.07531395		
1506768093.69		962.339917902		913.623841921		1040.11190625		
1506822843.24		962.98176377		914.048688911		1041.150569		
1506877592.79		963.624466391		914.47393124		1042.19130842		
1506932342.34		964.268027482		914.899569462		1043.23413074		
1506987091.89		964.912448767		915.32560413		1044.28231221		
1507041841.44		965.557731973		915.755189158		1045.33640906		
1507096590.99		966.203878829		916.185917746		1046.39263637		
1507151340.54		966.850891073		916.617051752		1047.45100061		
1507206090.09		967.498770445		917.04859175		1048.51150828		
1507260839.64		968.147518689		917.480538314		1049.57416588		
1507315589.19		968.797137556		917.912892018		1050.63897996		
1507370338.74		969.447628799		918.341384825		1051.70595711		
1507425088.29		970.098994178		918.769177758		1052.77510391		
1507479837.84		970.751235457		919.197369575		1053.846427		
1507534587.39		971.404354403		919.625960836		1054.91993302		
1507589336.94		972.058352789		920.054952098		1055.99562866		
1507644086.49		972.713232394		920.484343924		1057.07352063		
1507698836.04		973.368995001		920.914136875		1058.15361565		
1507753585.59		974.025642395		921.345524113		1059.23592049		
1507808335.14		974.683176371		921.781076349		1060.32044194		
1507863084.68		975.341598723		922.217040606		1061.40718681		
1507917834.23		975.998567471		922.653417469		1062.49616196		
1507972583.78		976.655949767		923.090207524		1063.58737426		
1508027333.33		977.314218216		923.527411359		1064.68083061		
1508082082.88		977.973374612		923.965029561		1065.77653794		
1508136832.43		978.633420752		924.403062721		1066.8745032		
1508191581.98		979.29435844		924.84151143		1067.97473339		
1508246331.53		979.956189482		925.280376278		1069.07723553		
1508301081.08		980.618915692		925.719657858		1070.18201665		
1508355830.63		981.282538887		926.159356765		1071.27715777		
1508410580.18		981.947060889		926.599473594		1072.36027692		
1508465329.73		982.612483526		927.040008941		1073.44558882		
1508520079.28		983.27880863		927.480963403		1074.53310014		
1508574828.83		983.946038038		927.922337578		1075.62281757		
1508629578.38		984.614173592		928.364132067		1076.71474783		
1508684327.93		985.28321714		928.80634747		1077.84936381		
1508739077.48		985.953170534		929.25230907		1078.99038743		
1508793827.03		986.624035631		929.702182163		1080.13382946		
1508848576.58		987.295814293		930.152491083		1081.2796976		
1508903326.13		987.968508388		930.603236463		1082.42799957		
1508958075.68		988.639541274		931.031979187		1083.57874314		
1509012825.23		989.311458245		931.46006843		1084.7319361		
1509067574.77		989.984289169		931.900879263		1085.88758629		
1509122324.32		990.658035912		932.342107613		1087.04570157		
1509177073.87		991.332700346		932.783754074		1088.20628983		
1509231823.42		992.008284347		933.22581924		1089.369359		
1509286572.97		992.684789796		933.668303709		1090.53491704		
1509341322.52		993.362218579		934.111208076		1091.70297196		
1509396072.07		994.040572588		934.55453294		1092.87353178		
1509450821.62		994.719853721		934.998278899		1094.04593628		
1509505571.17		995.404415429		935.442446556		1095.21131245		
1509560320.72		996.094776344		935.88703651		1096.37917403		
1509615070.27		996.786095612		936.332049365		1097.54952899		
1509669819.82		997.478375232		936.777485724		1098.72238531		
1509724569.37		998.170057305		937.223346193		1099.89775103		
1509779318.92		998.857656499		937.669631377		1101.0756342		
1509834068.47		999.546203665		938.116341884		1102.25604293		
1509888818.02		1000.23570076		938.563478322		1103.43898534		
1509943567.57		1000.92614976		939.011041302		1104.62446961		
1509998317.12		1001.61755264		939.459031433		1105.81250393		
1510053066.67		1002.30991136		939.907449327		1107.00309654		
1510107816.22		1003.00322792		940.356295598		1108.19625571		
1510162565.77		1003.69750431		940.805570861		1109.39198976		
1510217315.32		1004.39274251		941.249890481		1110.59030702		
1510272064.86		1005.08894453		941.693548059		1111.79121588		
1510326814.41		1005.78611238		942.137624105		1112.99472475		
1510381563.96		1006.48424806		942.582119212		1114.20084209		
1510436313.51		1007.1833536		943.027033973		1115.40957638		
1510491063.06		1007.88343101		943.472368983		1116.62093615		
1510545812.61		1008.59588415		943.918124838		1117.83492997		
1510600562.16		1009.31047914		944.364302135		1119.05156644		
1510655311.71		1010.02608775		944.804173102		1120.27085419		
1510710061.26		1010.74271212		945.241301507		1121.4928019		
1510764810.81		1011.46035443		945.678834587		1122.71741829		
1510819560.36		1012.17901683		946.116772906		1123.9447121		
1510874309.91		1012.89870152		946.555117026		1125.17469213		
1510929059.46		1013.61941067		946.993867512		1126.40736721		
1510983809.01		1014.34114648		947.428563442		1127.64274621		
1511038558.56		1015.06122011		947.861960105		1128.88083802		
1511093308.11		1015.7662436		948.295753475		1130.1216516		
1511148057.66		1016.47224722		948.729944098		1131.36519594		
1511202807.21		1017.179233		949.16453252		1132.60502072		
1511257556.76		1017.887203		949.599519286		1133.84657055		
1511312306.31		1018.59615928		950.034904946		1135.09084555		
1511367055.86		1019.30610389		950.470690048		1136.33785471		
1511421805.41		1020.01703891		950.906875142		1137.58760705		
1511476554.95		1020.72896642		951.34346078		1138.84011163		
1511531304.5		1021.44188848		951.780447512		1140.09537756		
1511586054.05		1022.15580719		952.217835893		1141.35341397		
1511640803.6		1022.87072464		952.655626476		1142.61423005		
1511695553.15		1023.58664292		953.093819816		1143.87783503		
1511750302.7		1024.30356414		953.532416469		1145.14423816		
1511805052.25		1025.02149041		953.971416993		1146.41344876		
1511859801.8		1025.74042384		954.410821946		1147.68547617		
1511914551.35		1026.46036656		954.850631886		1148.96032977		
1511969300.9		1027.18132069		955.290847374		1150.23801901		
1512024050.45		1027.90328836		955.731468971		1151.50124684		
1512078800.0		1028.62627171		956.172497239		1152.76124888		
1512133549.55		1029.35027289		956.613932742		1154.02401165		
1512188299.1		1030.07918123		957.055776044		1155.28954423		
1512243048.65		1030.81146106		957.498027711		1156.55785576		
1512297798.2		1031.54478277		957.940688308		1157.8289554		
1512352547.75		1032.2791486		958.383758403		1159.10285234		
1512407297.3		1033.01456079		958.827238565		1160.37955584		
1512462046.85		1033.75102155		959.271129363		1161.65907517		
1512516796.4		1034.48853315		959.715431368		1162.94141968		
1512571545.95		1035.22709783		960.160145152		1164.22659872		
1512626295.5		1035.96671784		960.605271287		1165.5146217		
1512681045.05		1036.70739546		961.050810347		1166.80549808		
1512735794.59		1037.44913295		961.496762907		1168.09923735		
1512790544.14		1038.20117262		961.943129543		1169.39584905		
1512845293.69		1038.96098523		962.38035716		1170.69534275		
1512900043.24		1039.72191127		962.813880434		1171.99772807		
1512954792.79		1040.48395321		963.24779462		1173.30301468		
1513009542.34		1041.24711348		963.682100245		1174.61121228		
1513064291.89		1042.01139456		964.11679784		1175.92233063		
1513119041.44		1042.77679893		964.551887937		1177.23637951		
1513173790.99		1043.54332905		964.987371067		1178.55336876		
1513228540.54		1044.31098742		965.423247763		1179.87330827		
1513283290.09		1045.07977652		965.859518559		1181.19620796		
1513338039.64		1045.84969887		966.29618399		1182.5220778		
1513392789.19		1046.62075697		966.747322812		1183.85092781		
1513447538.74		1047.39295333		967.201637853		1185.18276804		
1513502288.29		1048.16629048		967.656380257		1186.51760861		
1513557037.84		1048.94077095		968.111550629		1187.85545965		
1513611787.39		1049.71639728		968.56798033		1189.19633138		
1513666536.94		1050.49317201		969.02906993		1190.54023402		
1513721286.49		1051.2710977		969.490598763		1191.88717788		
1513776036.04		1052.05017691		969.952567458		1193.23717329		
1513830785.59		1052.83041221		970.414976645		1194.59023063		
1513885535.14		1053.61180617		970.877826953		1195.94636033		
1513940284.68		1054.39436138		971.341119014		1197.30557286		
1513995034.23		1055.17808043		971.804853461		1198.66787876		
1514049783.78		1055.96296592		972.269030928		1200.0332886		
1514104533.33		1056.74902045		972.733652049		1201.40181299		
1514159282.88		1057.53077973		973.198717462		1202.77530696		
1514214032.43		1058.30617055		973.664227804		1204.17183264		
1514268781.98		1059.08269927		974.130183714		1205.5716051		
1514323531.53		1059.86036841		974.596585832		1206.97463567		
1514378281.08		1060.63918047		975.067127509		1208.38093574		
1514433030.63		1061.41913799		975.529574983		1209.79051676		
1514487780.18		1062.20024347		975.993934952		1211.20339022		
1514542529.73		1062.98249947		976.459542348		1212.61956767		
1514597279.28		1063.76590853		976.925594219		1214.03906072		
1514652028.83		1064.5504732		977.392091202		1215.46188101		
1514706778.38		1065.33619603		977.86159145		1216.88804027		
1514761527.93		1066.1230796		978.332962288		1218.31755026		
1514816277.48		1066.91112648		978.8129927		1219.7504228		
1514871027.03		1067.70033924		979.297490225		1221.18666977		
1514925776.58		1068.49072048		979.782467708		1222.6263031		
1514980526.13		1069.2822728		980.267925863		1224.0693348		
1515035275.68		1070.0749988		980.753865405		1225.5157769		
1515090025.23		1070.86890109		981.240551445		1226.9656415		
1515144774.77		1071.6639823		981.728332824		1228.41894078		
1515199524.32		1072.46024505		982.215917302		1229.87568695		
1515254273.87		1073.25769197		982.696975888		1231.33589228		
1515309023.42		1074.05632571		983.178505922		1232.79956912		
1515363772.97		1074.85614893		983.660508098		1234.26672985		
1515418522.52		1075.65716427		984.14298311		1235.73738694		
1515473272.07		1076.45937442		984.625931654		1237.21155289		
1515528021.62		1077.26278204		985.109354429		1238.68924028		
1515582771.17		1078.06738981		985.593252132		1240.17046174		
1515637520.72		1078.87320044		986.077625464		1241.65522996		
1515692270.27		1079.68021661		986.562475126		1243.14355771		
1515747019.82		1080.48844104		987.047801823		1244.63545778		
1515801769.37		1081.29787644		987.533606257		1246.13094307		
1515856518.92		1082.10852553		988.019889135		1247.63002651		
1515911268.47		1082.92039105		988.506651163		1249.13272111		
1515966018.02		1083.73347574		988.993893051		1250.63903992		
1516020767.57		1084.54778234		989.481615509		1252.14899607		
1516075517.12		1085.36331362		989.969819247		1253.66260276		
1516130266.67		1086.18007233		990.458504978		1255.17987324		
1516185016.22		1086.99806125		990.947673417		1256.70082082		
1516239765.77		1087.81728316		991.437325279		1258.2254589		
1516294515.32		1088.6375195		991.927461281		1259.75380093		
1516349264.86		1089.44777093		992.418082141		1261.2858604		
1516404014.41		1090.25922947		992.90918858		1262.82165091		
1516458763.96		1091.07189782		993.400781318		1264.3611861		
1516513513.51		1091.88577868		993.874628656		1265.90447969		
1516568263.06		1092.70087479		994.34689405		1267.45154545		
1516623012.61		1093.51718885		994.819608591		1269.00239723		
1516677762.16		1094.3347236		995.292772918		1270.55704894		
1516732511.71		1095.15348178		995.766387675		1272.11551458		
1516787261.26		1095.97346614		996.240453505		1273.67780818		
1516842010.81		1096.79467944		996.714971054		1275.24394388		
1516896760.36		1097.61712444		997.189940966		1276.81393586		
1516951509.91		1098.44080391		997.66536389		1278.38779839		
1517006259.46		1099.26572064		998.149469113		1279.96554579		
1517061009.01		1100.09187742		998.640421225		1281.54719246		
1517115758.56		1100.91927704		999.131856653		1283.13275289		
1517170508.11		1101.74792231		999.62377611		1284.72224161		
1517225257.66		1102.57781605		1000.11618031		1286.31567325		
1517280007.21		1103.41337184		1000.60906998		1287.91306248		
1517334756.76		1104.25399041		1001.10244583		1289.51442408		
1517389506.31		1105.09589126		1001.59630858		1291.11977288		
1517444255.86		1105.93907731		1002.09065895		1292.72912379		
1517499005.41		1106.78355151		1002.58549767		1294.3424918		
1517553754.95		1107.62931682		1003.08082545		1295.95989196		
1517608504.5		1108.47637621		1003.57664303		1297.58133941		
1517663254.05		1109.32473264		1004.07295114		1299.20684936		
1517718003.6		1110.1743891		1004.57004054		1300.8364371		
1517772753.15		1111.02534858		1005.06970608		1302.47011799		
1517827502.7		1111.87761408		1005.56986894		1304.10790748		
1517882252.25		1112.73118861		1006.07052986		1305.74982108		
1517937001.8		1113.58607519		1006.57168958		1307.39587438		
1517991751.35		1114.44227685		1007.07334885		1309.04608307		
1518046500.9		1115.29979662		1007.57550842		1310.70046291		
1518101250.45		1116.15863757		1008.07816904		1312.35902971		
1518156000.0		1117.01880273		1008.58133145		1314.02179941		
