1463457600.0		5.2888016144		3.14725359358		15.8654275602		
1463491243.24		2.99730531142		2.8922423627		3.15641765976		
1463524886.49		2.98875622931		2.94606647273		3.03032620362		
1463558529.73		3.11679901961		3.07629221532		3.15451862183		
1463592172.97		3.23278416774		3.1917772233		3.27152773648		
1463625816.22		3.38765516736		3.34531016974		3.42851026171		
1463659459.46		3.54964214432		3.5053068828		3.59258220176		
1463693102.7		3.68481228791		3.63874189459		3.72938880166		
1463726745.95		3.86219184056		3.81400364275		3.90897203281		
1463760389.19		4.00847533616		3.95852759317		4.05697888154		
1463794032.43		4.19977565918		4.14756190801		4.25066655418		
1463827675.68		4.39928085926		4.34472692505		4.45314386592		
1463861318.92		4.57483086276		4.51829127017		4.63124719623		
1463894962.16		4.79178767166		4.73282694575		4.85127235418		
1463928605.41		5.01880918627		4.95702236776		5.08162893455		
1463962248.65		5.21821683729		5.15398372447		5.28480241427		
1463995891.89		5.46511694908		5.3978611285		5.53490585575		
1464029535.14		5.66649776182		5.59668619345		5.73876313373		
1464063178.38		5.8466184717		5.77439287344		5.92143164379		
1464096821.62		6.01387283649		5.93972976872		6.09084365777		
1464130464.86		6.21414514586		6.13761391235		6.29402606398		
1464164108.11		6.53813168688		6.457750696		6.62210108102		
1464197751.35		6.81671429156		6.73287098357		6.90404694049		
1464231394.59		7.08057071858		6.99331226757		7.17122636044		
1464265037.84		7.35431516593		7.26397506743		7.4486724292		
1464298681.08		7.61165971114		7.51875652408		7.70939686397		
1464332324.32		7.92968389862		7.83350189099		8.03173386784		
1464365967.57		8.21374212315		8.11470924652		8.31950327532		
1464399610.81		8.5557841095		8.45308762117		8.66590902924		
1464433254.05		8.91148352303		8.80496733677		9.02620670478		
1464466897.3		9.22694874773		9.11727925937		9.34597201725		
1464500540.54		9.60833568311		9.49467110509		9.73228926405		
1464534183.78		9.96553655868		9.84829438454		10.0938559832		
1464567827.03		10.3571670995		10.2359670104		10.4905743143		
1464601470.27		10.783052419		10.6571757857		10.9216998431		
1464635113.51		11.1395792883		11.0097808453		11.2826609025		
1464668756.76		11.5968781803		11.4627312225		11.745410672		
1464702400.0		12.0312653633		11.8925198441		12.1848939456		
1464736043.24		12.4921086806		12.3482958836		12.6509595915		
1464769686.49		12.9990436377		12.8493784761		13.1633101994		
1464803329.73		13.4222637589		13.2680154931		13.5911955445		
1464836972.97		13.9628297965		13.8026386542		14.1383197495		
1464870616.22		14.5234912741		14.3568058522		14.7052499329		
1464904259.46		15.02024658		14.8471946119		15.2070741756		
1464937902.7		15.6200971079		15.4396538499		15.8129269394		
1464971545.95		16.1020181265		15.9178190471		16.3007951877		
1465005189.19		16.7249996573		16.5348219344		16.9313232567		
1465038832.43		17.3852213751		17.1883745732		17.5995539367		
1465072475.68		17.9993226336		17.796933826		18.2207432804		
1465106118.92		19.0259953075		18.8141455461		19.2595189642		
1465139762.16		20.1081016672		19.8845761899		20.3538219531		
1465173405.41		21.2437716534		21.0082776794		21.502160195		
1465207048.65		22.4316074373		22.1859556136		22.7031753943		
1465240691.89		23.6744404678		23.4152129497		23.9598001806		
1465274335.14		24.8809568285		24.6103047163		25.1803437401		
1465307978.38		26.2747162731		25.9933338375		26.5912505947		
1465341621.62		27.7383139724		27.4403258565		28.0695191081		
1465375264.86		29.2696315248		28.9565706097		29.6176718494		
1465408908.11		30.8654788971		30.5409898389		31.2307669425		
1465442551.35		32.5282929742		32.1880524525		32.9111352956		
1465476194.59		34.2620615547		33.9054145546		34.6634042629		
1465509837.84		36.0715887251		35.6955612303		36.4903162224		
1465543481.08		37.9539937848		37.5619872731		38.3939781972		
1465577124.32		39.9159327038		39.5047056629		40.3753311439		
1465610767.57		41.9546604311		41.5252945773		42.432352627		
1465644410.81		44.0714305587		43.6241980319		44.5688721899		
1465678054.05		46.2778084234		45.8047217921		46.7950736989		
1465711697.3		48.5680260838		48.0800423271		49.1108650085		
1465745340.54		50.9405167847		50.430627278		51.511072514		
1465778983.78		53.4015290612		52.8677055041		53.9971170278		
1465812627.03		55.9446224574		55.3913902649		56.5678049068		
1465846270.27		58.5909004927		58.0229429238		59.2406990433		
1465879913.51		61.2515685506		60.6691406794		61.9288860956		
1465913556.76		63.986309525		63.3799634211		64.6946165714		
1465947200.0		46.1849281841		44.3047019079		47.9831810207		
1465980843.24		34.6357099203		33.6485970675		35.6742266732		
1466014486.49		34.8558251635		33.9018246884		35.8504805832		
1466048129.73		35.4882999745		34.5183416809		36.5199601257		
1466081772.97		36.1774491224		35.1901050274		37.2217075825		
1466115416.22		36.8757267845		35.8782076406		37.9311853096		
1466149059.46		37.5794753428		36.5701348361		38.643704557		
1466182702.7		38.2905258389		37.2707054167		39.3684435037		
1466216345.95		39.0093607987		37.9792714887		40.105509146		
1466249989.19		39.7375680022		38.6995542937		40.8514025758		
1466283632.43		40.4698098993		39.4239316078		41.5965933104		
1466317275.68		41.2059231251		40.1476138232		42.3454130256		
1466350918.92		41.947353033		40.8779333623		43.0938832976		
1466384562.16		42.68885622		41.6119674103		43.8465879074		
1466418205.41		43.4406889079		42.3543398105		44.6158164517		
1466451848.65		44.2038002829		43.10732331		45.3920332418		
1466485491.89		44.9672214159		43.8650180433		46.1711915817		
1466519135.14		45.7436850532		44.6348682235		46.9616068289		
1466552778.38		47.3151204836		46.1802008644		48.5701082413		
1466586421.62		49.54869014		48.3723353226		50.8544316071		
1466620064.86		51.8686820898		50.6446473851		53.236205919		
1466653708.11		54.2703718644		52.9984048394		55.6779363736		
1466687351.35		56.7630700307		55.4427384294		58.2054809139		
1466720994.59		59.335330062		57.972186643		60.825663766		
1466754637.84		61.9913875195		60.580653664		63.5338947569		
1466788281.08		64.7346951771		63.2790081828		66.3256082857		
1466821924.32		67.552918287		66.0583593928		69.2064937629		
1466855567.57		70.4456267478		68.91143028		72.1641219458		
1466889210.81		73.4279313647		71.8463021201		75.1923630237		
1466922854.05		76.4989639336		74.8525051835		78.2979680663		
1466956497.3		79.6558686761		77.9467973259		81.4852959206		
1466990140.54		82.8945546035		81.1306371121		84.7426452467		
1467023783.78		86.1844373604		84.3840723465		88.075726473		
1467057427.03		89.554687581		87.7187114961		91.473582351		
1467091070.27		92.9767565566		91.1122758166		94.9532479278		
1467124713.51		96.472276932		94.5748828736		98.4988744426		
1467158356.76		100.01340006		98.0843532802		102.072448388		
1467192000.0		103.613360564		101.681239611		105.712943205		
1467225643.24		107.306399359		105.331122227		109.42490016		
1467259286.49		111.05486771		109.036650514		113.188029925		
1467292929.73		107.41388372		105.504400914		109.441476549		
1467326572.97		110.980335401		109.033303808		113.021681836		
1467360216.22		122.403698482		120.288249584		124.599844594		
1467393859.46		126.269141529		124.127074634		128.504029211		
1467427502.7		130.187551895		128.029799804		132.441905624		
1467461145.95		134.060362228		131.893314974		136.298007267		
1467494789.19		137.956803754		135.789296324		140.199856132		
1467528432.43		141.861129819		139.706244294		144.118125728		
1467562075.68		145.753727613		143.617467632		148.007302872		
1467595718.92		149.626444209		147.515585919		151.933243613		
1467629362.16		153.511124042		151.391733981		155.840158096		
1467663005.41		157.365268768		155.276556813		159.715867872		
1467696648.65		161.220416589		159.132882684		163.565313405		
1467730291.89		165.054564492		162.974458126		167.394252904		
1467763935.14		168.834605859		166.784129604		171.176504876		
1467797578.38		172.569822442		170.531048141		174.900534557		
1467831221.62		176.270467323		174.201312441		178.576022299		
1467864864.86		179.881311885		177.830329806		182.230066551		
1467898508.11		183.459983658		181.399621872		185.820622715		
1467932151.35		187.406857154		185.312424003		189.754618775		
1467965794.59		190.518141759		188.467180741		192.921993539		
1467999437.84		193.881414196		191.81401065		196.323609272		
1468033081.08		197.211751581		195.162332633		199.652175522		
1468066724.32		200.478600987		198.444751282		202.950193148		
1468100367.57		203.678777622		201.643845554		206.178360415		
1468134010.81		206.765498953		204.775413838		209.27683039		
1468167654.05		209.839801819		207.817684374		212.325730461		
1468201297.3		212.820594617		210.806701436		215.314218296		
1468234940.54		215.708934534		213.657627404		218.227676139		
1468268583.78		218.511712303		216.436216494		221.099973012		
1468302227.03		221.323872811		219.24221185		223.907295444		
1468335870.27		224.030514537		221.936829023		226.587932432		
1468369513.51		226.654650048		224.538252422		229.158046752		
1468403156.76		229.189663559		227.008594651		231.70290258		
1468436800.0		231.607268318		229.459563909		234.153434469		
1468470443.24		250.476239874		248.163965742		253.186635099		
1468504086.49		252.923390587		250.611994582		255.62902459		
1468537729.73		255.216369782		252.915253522		257.968003328		
1468571372.97		257.481585771		255.179927667		260.232453483		
1468605016.22		180.089923217		173.484969068		187.208756472		
1468638659.46		137.001431418		132.528039886		141.756528485		
1468672302.7		137.553254237		133.653610334		141.57197243		
1468705945.95		141.377912086		137.479812706		145.268794847		
1468739589.19		145.535241599		141.62528595		149.403747373		
1468773232.43		149.776129304		145.834133276		153.596606175		
1468806875.68		154.022868959		150.061767382		157.843080875		
1468840518.92		158.237876649		154.304271435		162.016498217		
1468874162.16		162.446979671		158.529967771		166.143292162		
1468907805.41		166.669284198		162.772900707		170.309610137		
1468941448.65		170.874144879		167.014145956		174.447681422		
1468975091.89		173.129031529		169.313887081		176.616099618		
1469008735.14		177.37661122		173.607294255		180.811893982		
1469042378.38		181.508877497		177.770515877		184.870310477		
1469076021.62		185.700471131		181.955229452		188.965246537		
1469109664.86		189.800198559		186.108366842		192.982459066		
1469143308.11		193.810899905		190.237169796		196.999833934		
1469176951.35		197.788376932		194.274638929		200.901354422		
1469210594.59		181.422969871		178.342115382		184.178411692		
1469244237.84		184.744236596		181.748575125		187.40730521		
1469277881.08		187.959576413		185.03197893		190.538394445		
1469311524.32		191.07528937		188.273617263		193.570883551		
1469345167.57		194.148578134		191.430355296		196.546538704		
1469378810.81		197.13674809		194.5013715		199.425938131		
1469412454.05		200.059629981		197.544264492		202.290800487		
1469446097.3		202.934515025		200.506406075		205.069489267		
1469479740.54		205.733371618		203.387520655		207.801572254		
1469513383.78		208.431001574		206.173783236		210.455170818		
1469547027.03		201.968707666		199.870367264		203.82688888		
1469580670.27		204.448247591		202.438922177		206.225545716		
1469614313.51		206.866704768		204.868333176		208.569803449		
1469647956.76		209.228261594		207.26132324		210.84008775		
1469681600.0		211.522404179		209.584006208		213.063515582		
1469715243.24		213.711532129		211.86664259		215.236559483		
1469748886.49		220.909592893		219.002502411		222.457129277		
1469782529.73		222.973970689		221.184440081		224.52543359		
1469816172.97		225.014151236		223.27488419		226.554222031		
1469849816.22		241.024630803		239.185296613		242.642060657		
1469883459.46		243.076644146		241.234129527		244.703983444		
1469917102.7		245.058929396		243.269874319		246.6931623		
1469950745.95		246.98557705		245.205178972		248.554734094		
1469984389.19		248.822980723		247.087699101		250.405668844		
1470018032.43		250.574734395		248.854948712		252.17193394		
1470051675.68		252.303505482		250.561832037		253.924906625		
1470085318.92		238.529794986		236.927507275		240.088180718		
1470118962.16		255.585016473		253.86989599		257.224268266		
1470152605.41		257.066057718		255.347274924		258.740744556		
1470186248.65		240.340180298		238.755138558		241.889991375		
1470219891.89		241.83348421		240.266912422		243.367158634		
1470253535.14		243.295657554		241.737840818		244.807229865		
1470287178.38		244.691356505		243.167788802		246.17857321		
1470320821.62		245.969603253		244.511667557		247.478504326		
1470354464.86		246.752940358		245.327063299		248.262480827		
1470388108.11		248.221500537		246.799579994		249.719036706		
1470421751.35		249.519528604		248.095776955		250.975450357		
1470455394.59		250.6944263		249.297068361		252.14458747		
1470489037.84		251.853898759		250.470773235		253.306339018		
1470522681.08		250.214090858		248.85564901		251.631076657		
1470556324.32		251.309519506		249.945742956		252.731260296		
1470589967.57		252.431095055		251.048807819		253.830836707		
1470623610.81		253.519911351		252.137299824		254.90622611		
1470657254.05		254.600309433		253.211541941		255.959316967		
1470690897.3		255.640076063		254.251450963		256.990062425		
1470724540.54		276.10828084		274.609964256		277.580450227		
1470758183.78		258.628254244		257.226082042		259.999320833		
1470791827.03		278.006081412		276.518471925		279.47428801		
1470825470.27		278.199943612		276.741088918		279.669723341		
1470859113.51		278.289883444		276.819051508		279.777830027		
1470892756.76		278.324089998		276.892428541		279.848539648		
1470926400.0		278.349188807		276.929972698		279.876692074		
1470960043.24		278.544297182		277.137122391		280.074951632		
1470993686.49		278.841102194		277.465224101		280.313490854		
1471027329.73		279.061388924		277.727074522		280.565152476		
1471060972.97		279.34710223		278.044117918		280.902482638		
1471094616.22		279.592343971		278.326676518		281.116633098		
1471128259.46		279.907799695		278.609444455		281.428282144		
1471161902.7		280.20280909		278.922343233		281.698854839		
1471195545.95		280.491612635		279.16734126		281.925410211		
1471229189.19		280.738945141		279.455765414		282.179240215		
1471262832.43		280.94475108		279.668585191		282.394719865		
1471296475.68		281.21147727		279.934092605		282.679975945		
1471330118.92		281.535834184		280.2403955		283.074222846		
1471363762.16		281.74650373		280.41217537		283.279936922		
1471397405.41		281.990174877		280.632069122		283.549252167		
1471431048.65		282.201584754		280.808408094		283.778943783		
1471464691.89		282.494580734		281.10379872		284.102110275		
1471498335.14		282.800202336		281.395536307		284.379026578		
1471531978.38		283.046113103		281.638183958		284.648055949		
1471565621.62		283.329371743		281.909929259		284.987735515		
1471599264.86		283.612880749		282.17031266		285.279260938		
1471632908.11		283.875613649		282.414370964		285.551719127		
1471666551.35		284.119684177		282.667272978		285.829389383		
1471700194.59		284.356442127		282.899758196		286.085293314		
1471733837.84		284.59757359		283.099237541		286.326509108		
1471767481.08		284.82803813		283.285306059		286.57776822		
1471801124.32		285.076002206		283.523183415		286.838904185		
1471834767.57		285.387452024		283.816518488		287.181171025		
1471868410.81		285.533794232		283.943569221		287.31187858		
1471902054.05		284.879296674		283.452735136		286.516582671		
1471935697.3		276.425511923		275.014805013		277.935538215		
1471969340.54		268.738640798		267.156625779		270.135555946		
1472002983.78		261.522702104		259.733855082		263.023478472		
1472036627.03		254.721922869		252.596191818		256.397177953		
1472070270.27		239.893365205		237.467132969		241.613022999		
1472103913.51		242.511573635		239.954710293		244.361165812		
1472137556.76		218.284082254		216.002033326		219.956710853		
1472171200.0		231.77443974		229.333505767		233.575712986		
1472204843.24		226.822480693		224.323043515		228.552315123		
1472238486.49		222.070235103		219.559369466		223.751719242		
1472272129.73		217.52543634		215.033544539		219.178868577		
1472305772.97		213.206815459		210.787538527		214.788980912		
1472339416.22		209.058933885		206.647798435		210.581351665		
1472373059.46		205.101117882		202.667452848		206.534818752		
1472406702.7		201.305319211		198.968880633		202.645964592		
1472440345.95		197.644882546		195.387811254		198.938351268		
1472473989.19		194.102036396		191.883751496		195.36301427		
1472507632.43		190.709025258		188.54291339		191.906763102		
1472541275.68		187.437124134		185.324594577		188.569641937		
1472574918.92		184.280018126		182.22198279		185.378047163		
1472608562.16		181.216596962		179.326080499		182.339989103		
1472642205.41		178.28274058		176.501791161		179.424153241		
1472675848.65		175.431579867		173.805190555		176.573136924		
1472709491.89		172.67255768		171.111965464		173.868921234		
1472743135.14		170.012541797		168.582780614		171.226823771		
1472776778.38		167.438449667		166.033930449		168.691784781		
1472810421.62		164.852121428		163.503966653		166.13620496		
1472844064.86		162.945416896		161.617180262		164.21186737		
1472877708.11		166.951430846		165.609134269		168.266547377		
1472911351.35		170.824439359		169.481780735		172.169779212		
1472944994.59		174.667462591		173.328314072		176.038201531		
1472978637.84		178.532118957		177.206752044		179.923422823		
1473012281.08		182.359928959		181.034111047		183.77889281		
1473045924.32		186.152195556		184.819380863		187.567278496		
1473079567.57		189.918854351		188.592428419		191.373426125		
1473113210.81		193.940407971		192.620128252		195.383782143		
1473146854.05		197.613206791		196.25745387		199.059608452		
1473180497.3		201.379109658		200.023265395		202.807540585		
1473214140.54		205.049387762		203.694150401		206.475284218		
1473247783.78		208.690724917		207.323826705		210.114254251		
1473281427.03		212.293897495		210.913783235		213.710278953		
1473315070.27		215.815154429		214.456735351		217.233115566		
1473348713.51		219.320402885		217.940069856		220.739963169		
1473382356.76		222.590541009		221.21935538		223.992668413		
1473416000.0		226.045583926		224.665615189		227.514487765		
1473449643.24		229.366351436		227.981210443		230.789571397		
1473483286.49		232.625260667		231.24471717		234.071489605		
1473516929.73		235.841183627		234.497895668		237.358024341		
1473550572.97		239.018929924		237.674979286		240.579874919		
1473584216.22		242.110003545		240.779641346		243.679862671		
1473617859.46		245.125825021		243.806974817		246.693844299		
1473651502.7		248.085908146		246.772592393		249.67708944		
1473685145.95		251.003394203		249.701145068		252.705587584		
1473718789.19		253.868908763		252.565721821		255.642092987		
1473752432.43		256.691546071		255.385983838		258.502475359		
1473786075.68		259.448478284		258.184624755		261.298295435		
1473819718.92		262.599575805		261.430176988		264.521420679		
1473853362.16		265.497209637		264.367438296		267.418890845		
1473887005.41		268.202536305		267.174567505		270.244635594		
1473920648.65		270.403252259		269.38796876		272.487165091		
1473954291.89		272.83508232		271.822967165		275.037124932		
1473987935.14		275.275251445		274.247886581		277.54766965		
1474021578.38		277.622113839		276.601866229		280.048019791		
1474055221.62		279.913228365		278.886606849		282.507027565		
1474088864.86		273.352134752		272.3748703		275.977745333		
1474122508.11		275.483721732		274.500371617		278.201921651		
1474156151.35		277.558393595		276.589429779		280.41133461		
1474189794.59		279.624200589		278.653823842		282.594048575		
1474223437.84		281.591643997		280.627691112		284.702284657		
1474257081.08		283.518758842		282.566333287		286.756361429		
1474290724.32		285.396558732		284.446181752		288.753542166		
1474324367.57		287.22932085		286.274535753		290.700482331		
1474358010.81		289.011857048		288.05081409		292.595776436		
1474391654.05		288.76566054		287.828055052		292.442883317		
1474425297.3		290.48506146		289.566764843		294.27658014		
1474458940.54		292.171064334		291.259181937		296.072012418		
1474492583.78		293.827400836		292.940796009		297.830731175		
1474526227.03		294.313648686		293.451692424		298.391524681		
1474559870.27		296.236158095		295.384396744		300.41209443		
1474593513.51		298.149770127		297.308376915		302.438015506		
1474627156.76		299.941578177		299.094873018		304.323781763		
1474660800.0		297.018391888		296.194053135		301.434214442		
1474694443.24		298.631850912		297.797438148		303.129800832		
1474728086.49		300.113183761		299.279404574		304.706832926		
1474761729.73		301.548540682		300.71355258		306.215551332		
1474795372.97		302.938172438		302.11093434		307.689134407		
1474829016.22		304.29219099		303.454131166		309.113112147		
1474862659.46		305.592148525		304.76419302		310.477704563		
1474896302.7		306.853593094		306.027154018		311.812814737		
1474929945.95		308.065425532		307.24383631		313.086440586		
1474963589.19		309.245551458		308.419587774		314.327095262		
1474997232.43		310.411446462		309.596520616		315.548276978		
1475030875.68		311.551835364		310.73954726		316.733447229		
1475064518.92		312.663218769		311.847210948		317.885885116		
1475098162.16		313.870853519		313.063063704		319.168674428		
1475131805.41		315.090681188		314.278389046		320.466797318		
1475165448.65		316.280048667		315.471884773		321.711492254		
1475199091.89		311.198185676		310.473463645		315.962183466		
1475232735.14		301.701093067		301.022195843		305.19518641		
1475266378.38		292.640526242		291.869165705		294.919131177		
1475300021.62		274.564899276		273.737673461		275.963473561		
1475333664.86		275.85617196		274.947883584		276.973663421		
1475367308.11		270.440422507		269.375957304		271.467709695		
1475400951.35		267.901637106		266.720433262		269.056102613		
1475434594.59		265.783180866		264.449090013		267.084798164		
1475468237.84		263.759932235		262.171015814		265.24253394		
1475501881.08		261.792967335		259.934205929		263.468939684		
1475535524.32		256.991753305		254.865243013		258.777337224		
1475569167.57		255.336733979		252.894470191		257.266674439		
1475602810.81		253.939169924		251.150003505		256.009972374		
1475636454.05		252.341038268		249.233840805		254.540165305		
1475670097.3		251.978317953		248.558628952		254.342964173		
1475703740.54		255.672456477		252.280790519		258.049785534		
1475737383.78		261.375383992		258.108797636		263.704382652		
1475771027.03		267.173405712		264.027775142		269.448559938		
1475804670.27		272.838487088		269.851579748		275.098362737		
1475838313.51		278.443568261		275.588953479		280.641408952		
1475871956.76		283.824754659		281.134303811		285.95661526		
1475905600.0		288.542041094		286.053677919		290.594190853		
1475939243.24		293.176108309		290.828851331		295.163199001		
1475972886.49		297.750433115		295.590340391		299.698138245		
1476006529.73		302.241732357		300.188533345		304.114349411		
1476040172.97		306.609995289		304.645934988		308.420353511		
1476073816.22		310.871207875		309.018027958		312.626245392		
1476107459.46		315.051960205		313.333508079		316.741511206		
1476141102.7		319.112988921		317.473745271		320.792882054		
1476174745.95		323.138339542		321.58201218		324.792832677		
1476208389.19		326.976598449		325.530259254		328.584151082		
1476242032.43		330.79759496		329.345053546		332.286323923		
1476275675.68		334.474611363		333.042661783		335.887493564		
1476309318.92		338.062331132		336.695103903		339.430671073		
1476342962.16		340.843008298		339.47867424		342.127868764		
1476376605.41		343.623355253		342.288195103		344.890467305		
1476410248.65		346.651429372		345.35647078		347.910695008		
1476443891.89		349.58248092		348.336406463		350.844831622		
1476477535.14		352.285267283		351.079892183		353.553232949		
1476511178.38		355.37256515		354.193929199		356.699937082		
1476544821.62		358.359023054		357.234448376		359.745123655		
1476578464.86		361.233795557		360.149491321		362.734577641		
1476612108.11		364.017361931		362.978983931		365.607747995		
1476645751.35		366.712953618		365.691318589		368.399475042		
1476679394.59		369.337753382		368.296582702		371.158087215		
1476713037.84		371.860562913		370.823353426		373.806086756		
1476746681.08		374.309335439		373.280495584		376.385762486		
1476780324.32		376.669338311		375.658040786		378.876949469		
1476813967.57		378.913392834		377.945635428		381.256635258		
1476847610.81		381.102523169		380.182297884		383.625647458		
1476881254.05		383.241890999		382.343021133		385.855401392		
1476914897.3		385.283319046		384.414603408		388.017985968		
1476948540.54		387.204107993		386.366256669		390.063457986		
1476982183.78		389.016974058		388.188670894		391.973784188		
1477015827.03		390.522418947		389.717258207		393.571055588		
1477049470.27		391.964747229		391.17317349		395.118857982		
1477083113.51		393.363852935		392.58283073		396.621013947		
1477116756.76		394.720725744		393.955818295		398.062336104		
1477150400.0		396.045152969		395.288448531		399.483844252		
1477184043.24		397.323715067		396.586364327		400.863031388		
1477217686.49		398.571492043		397.845666029		402.218072677		
1477251329.73		399.788156612		399.067467338		403.502952736		
1477284972.97		400.973595449		400.255662584		404.761265219		
1477318616.22		402.114581224		401.410165166		405.994116751		
1477352259.46		403.229142194		402.520624705		407.198976042		
1477385902.7		404.312167478		403.617824183		408.357817752		
1477419545.95		405.34713762		404.672322429		409.438360961		
1477453189.19		406.361564291		405.696077614		410.47983775		
1477486832.43		407.362254902		406.701278258		411.554861324		
1477520475.68		408.343489663		407.681667726		412.608452253		
1477554118.92		409.283284872		408.61672777		413.587574702		
1477587762.16		410.102973047		409.436706415		414.416360658		
1477621405.41		411.099496532		410.442355526		415.483760457		
1477655048.65		411.994308665		411.333197277		416.431323579		
1477688691.89		412.806604538		412.122851873		417.27661632		
1477722335.14		413.615979504		412.932221161		418.164153937		
1477755978.38		414.425923855		413.736145801		419.009714418		
1477789621.62		415.226402198		414.535892407		419.891985056		
1477823264.86		416.004994759		415.31843301		420.718742638		
1477856908.11		416.754532537		416.075461826		421.494968011		
1477890551.35		417.509877308		416.831498178		422.277016637		
1477924194.59		418.224880744		417.54004747		423.016652576		
1477957837.84		418.94832967		418.267977899		423.761101163		
1477991481.08		419.66282637		418.97437195		424.490985405		
1478025124.32		420.354581374		419.665592392		425.20177875		
1478058767.57		421.038888818		420.355847698		425.910473569		
1478092410.81		421.697834997		421.017022752		426.584060343		
1478126054.05		422.363528643		421.682148509		427.268481988		
1478159697.3		422.992922587		422.310735621		427.899912572		
1478193340.54		423.673264493		422.989089709		428.604890418		
1478226983.78		424.312446777		423.627012033		429.247195754		
1478260627.03		424.949775304		424.255214636		429.889442412		
1478294270.27		425.591321682		424.894630466		430.531523436		
1478327913.51		426.221449783		425.526929194		431.172100909		
1478361556.76		426.825273759		426.128295085		431.772639711		
1478395200.0		427.444374336		426.75348513		432.38374538		
1478428843.24		428.036558445		427.348048645		432.963722547		
1478462486.49		428.621249249		427.930218592		433.535851288		
1478496129.73		429.206464841		428.511193497		434.108797718		
1478529772.97		429.798601339		429.09864721		434.689484234		
1478563416.22		430.393018795		429.689455119		435.272203457		
1478597059.46		430.967394811		430.261720927		435.838035199		
1478630702.7		431.54093867		430.844029772		436.402818644		
1478664345.95		432.115478058		431.423244694		436.971175211		
1478697989.19		432.673233763		431.9814013		437.513669118		
1478731632.43		433.237773359		432.544152277		438.053058683		
1478765275.68		433.806610293		433.11314725		438.590770635		
1478798918.92		434.35234862		433.659141552		439.106908906		
1478832562.16		434.916283363		434.223787922		439.637795951		
1478866205.41		435.463139027		434.772273736		440.153805484		
1478899848.65		436.013921129		435.323628801		440.671811252		
1478933491.89		436.56523364		435.876139956		441.201788491		
1478967135.14		437.120871931		436.433545269		441.737018336		
1479000778.38		437.650747576		436.96557992		442.246476429		
1479034421.62		438.210023253		437.529018042		442.786733167		
1479068064.86		438.74700854		438.068153804		443.301234867		
1479101708.11		439.280151748		438.603622838		443.808758795		
1479135351.35		439.828709268		439.156021682		444.33473395		
1479168994.59		440.365404564		439.695299314		444.840293176		
1479202637.84		440.89880441		440.229093974		445.340647787		
1479236281.08		441.432865523		440.76562769		445.844006216		
1479269924.32		441.956128581		441.287487175		446.329333196		
1479303567.57		442.484347593		441.815408511		446.818123484		
1479337210.81		443.01361973		442.345613117		447.308911562		
1479370854.05		443.544048599		442.876903286		447.799864402		
1479404497.3		444.07334615		443.407058109		448.288553748		
1479438140.54		444.614493722		443.949657005		448.790268539		
1479471783.78		445.138785676		444.474391672		449.271265333		
1479505427.03		445.68228791		445.017749672		449.774967405		
1479539070.27		446.211191588		445.546007468		450.261708201		
1479572713.51		446.741012675		446.078947722		450.750457313		
1479606356.76		447.27371492		446.614503886		451.243950727		
1479640000.0		447.804626219		447.143563566		451.727761983		
1479673643.24		448.322080827		447.660590258		452.198442689		
1479707286.49		448.844864373		448.185625862		452.678846646		
1479740929.73		449.372771212		448.7131207		453.161630466		
1479774572.97		425.598712699		423.996529201		427.468629614		
1479808216.22		366.936165732		365.024423679		368.662613821		
1479841859.46		367.620136014		366.022728767		368.937705029		
1479875502.7		381.569606698		380.023423114		382.860065641		
1479909145.95		384.962264382		383.439091357		386.196371181		
1479942789.19		388.258946104		386.777243248		389.434696452		
1479976432.43		391.455950031		390.024446309		392.594125755		
1480010075.68		394.583521318		393.178772884		395.678559965		
1480043718.92		397.61229622		396.223911268		398.652478911		
1480077362.16		400.517671571		399.207184116		401.536133068		
1480111005.41		403.359191973		402.077526248		404.346728786		
1480144648.65		406.002779383		404.781565131		406.969785257		
1480178291.89		405.129350338		404.026995189		406.015134078		
1480211935.14		404.27738151		403.275976362		405.086561752		
1480245578.38		403.478548282		402.552925035		404.244650085		
1480279221.62		402.736141277		401.872351167		403.484901043		
1480312864.86		402.060149396		401.266654228		402.759529913		
1480346508.11		401.41784843		400.69116582		402.095892978		
1480380151.35		400.831378081		400.142638362		401.48113674		
1480413794.59		400.283218276		399.647761522		400.918327615		
1480447437.84		399.777066427		399.180863307		400.410916439		
1480481081.08		399.34212383		398.753633092		399.959364378		
1480514724.32		398.948606381		398.354909718		399.571160529		
1480548367.57		398.576338166		397.992830344		399.207670482		
1480582010.81		398.280179135		397.687300752		398.916441209		
1480615654.05		398.003073947		397.386980679		398.659473663		
1480649297.3		397.761047869		397.093111666		398.402374075		
1480682940.54		397.525792374		396.820756763		398.209709025		
1480716583.78		397.325867398		396.545579536		398.040029941		
1480750227.03		397.173372911		396.366544328		397.900094702		
1480783870.27		397.038148486		396.189745464		397.760797841		
1480817513.51		396.931672003		396.023553601		397.682860763		
1480851156.76		396.825873679		395.894773524		397.62651012		
1480884800.0		396.757373262		395.800251635		397.588426023		
1480918443.24		396.719872091		395.742868012		397.57528222		
1480952086.49		399.488315848		398.531176487		400.321832755		
1480985729.73		402.864336131		401.931328535		403.663644449		
1481019372.97		406.152403928		405.228292136		406.913682706		
1481053016.22		409.320824062		408.445521151		410.090242763		
1481086659.46		412.374068842		411.526713085		413.124673635		
1481120302.7		415.348636795		414.545173847		416.080983387		
1481153945.95		418.255874917		417.497388702		418.954571831		
1481187589.19		421.079004595		420.343943672		421.76444829		
1481221232.43		423.866229048		423.15878445		424.533678257		
1481254875.68		426.493119672		425.809040793		427.132334029		
1481288518.92		429.018136324		428.35885104		429.638049287		
1481322162.16		431.455304505		430.82403421		432.048792657		
1481355805.41		433.828688887		433.236232615		434.403941895		
1481389448.65		436.112588828		435.542797075		436.661679126		
1481423091.89		438.333927581		437.782130655		438.86733354		
1481456735.14		440.506008094		439.976202539		441.029813046		
1481490378.38		442.62635322		442.111895542		443.120405929		
1481524021.62		444.642137348		444.154903264		445.133935386		
1481557664.86		446.549341337		446.077395381		447.020613159		
1481591308.11		448.225717318		447.768102792		448.680988238		
1481624951.35		449.763373489		449.31379864		450.210002727		
1481658594.59		451.26548531		450.831331982		451.688160701		
1481692237.84		452.726107971		452.312784873		453.134068173		
1481725881.08		454.155103236		453.75817239		454.554820147		
1481759524.32		455.608768649		455.217989705		455.998151766		
1481793167.57		457.043467683		456.65959009		457.413704705		
1481826810.81		458.333863721		457.965512817		458.70176033		
1481860454.05		459.625555931		459.270913938		459.989041022		
1481894097.3		460.897364888		460.551645024		461.254842014		
1481927740.54		462.12776989		461.777692308		462.485994688		
1481961383.78		463.316745697		462.966375284		463.680580798		
1481995027.03		464.480240817		464.124900471		464.840702069		
1482028670.27		465.597242868		465.237574013		465.958579657		
1482062313.51		466.703200663		466.345197889		467.081770641		
1482095956.76		467.803162923		467.434251691		468.186003259		
1482129600.0		468.881740504		468.498948693		469.268163906		
1482163243.24		469.881435271		469.487311464		470.278824855		
1482196886.49		461.143667779		460.855677989		461.43475231		
1482230529.73		451.717177093		451.514435193		451.943068625		
1482264172.97		443.040228095		442.797354418		443.267138206		
1482297816.22		434.96799176		434.692443636		435.265793496		
1482331459.46		427.320734961		426.982509141		427.726656582		
1482365102.7		422.410701219		422.021095997		422.876482228		
1482398745.95		425.578753116		425.199365835		426.001177867		
1482432389.19		428.755212182		428.39131098		429.148942674		
1482466032.43		431.794058719		431.456744269		432.158956035		
1482499675.68		434.760032165		434.427782244		435.087181429		
1482533318.92		437.605657039		437.308812696		437.922856501		
1482566962.16		440.353978725		440.073489186		440.668656921		
1482600605.41		443.054622299		442.770464242		443.358654361		
1482634248.65		445.660104442		445.365389269		445.952054315		
1482667891.89		448.139714857		447.840278335		448.427162818		
1482701535.14		450.520228403		450.216478743		450.806913706		
1482735178.38		452.828292816		452.500074347		453.112998653		
1482768821.62		455.063955358		454.705059529		455.342607311		
1482802464.86		457.19582526		456.780448313		457.465439238		
1482836108.11		459.273156451		458.823040452		459.540820166		
1482869751.35		461.270112313		460.760587976		461.531678534		
1482903394.59		463.208013062		462.652451984		463.485345813		
1482937037.84		465.11718327		464.497126726		465.401907726		
1482970681.08		464.531274917		463.795310887		464.822010264		
1483004324.32		466.45926019		465.635847842		466.752044717		
1483037967.57		468.324061383		467.439484208		468.622623089		
1483071610.81		470.123355163		469.167939264		470.432334661		
1483105254.05		471.872572373		470.857078663		472.1898998		
1483138897.3		473.531916243		472.447441778		473.86193612		
1483172540.54		475.125774079		473.964901575		475.464460808		
1483206183.78		476.664635724		475.43330677		477.013990216		
1483239827.03		478.168824161		476.869085129		478.530450601		
1483273470.27		479.637057492		478.258985476		480.002942248		
1483307113.51		481.084626221		479.630277826		481.458463591		
1483340756.76		482.499853756		480.975961826		482.883230809		
1483374400.0		483.867729882		482.270664995		484.258142379		
1483408043.24		485.180925552		483.511434306		485.571877125		
1483441686.49		486.44932335		484.707811579		486.848669275		
1483475329.73		487.659965139		485.846203064		488.070953737		
1483508972.97		488.818440312		486.930430375		489.235637619		
1483542616.22		489.986008844		488.020681395		490.411572835		
1483576259.46		491.142278325		489.102141947		491.573879889		
1483609902.7		492.250760077		490.135343725		492.693641697		
1483643545.95		493.311384245		491.120344514		493.759904911		
1483677189.19		494.360624357		492.09216483		494.817120885		
1483710832.43		495.40129213		493.053347872		495.866219		
1483744475.68		496.443403465		494.017445057		496.915142126		
1483778118.92		497.466679094		494.96309845		497.948190774		
1483811762.16		498.47442979		495.89216704		498.964094217		
1483845405.41		499.456818569		496.806647755		499.955251927		
1483879048.65		500.410216653		497.682607586		500.914237385		
1483912691.89		501.344204484		498.527068995		501.854537047		
1483946335.14		502.26435465		499.376134855		502.780043802		
1483979978.38		503.190085301		500.224353837		503.714768628		
1484013621.62		504.150137046		501.104189493		504.680216127		
1484047264.86		505.09589857		501.972577626		505.634994995		
1484080908.11		505.971880115		502.764393512		506.523690786		
1484114551.35		506.797515443		503.504802754		507.352285904		
1484148194.59		507.597016206		504.219500188		508.154035459		
1484181837.84		508.382463246		504.919277503		508.939803676		
1484215481.08		509.197940046		505.656186358		509.757556862		
1484249124.32		509.977024744		506.365758281		510.542454272		
1484282767.57		510.705814487		507.002958383		511.273137056		
1484316410.81		511.416884757		507.643269573		511.992509313		
1484350054.05		512.101086279		508.240858905		512.683472485		
1484383697.3		512.819302719		508.873379833		513.408941756		
1484417340.54		513.545835561		509.51012683		514.149930076		
1484450983.78		514.277807273		510.163982421		514.891261277		
1484484627.03		515.023015393		510.827302623		515.634146675		
1484518270.27		515.706610235		511.427724069		516.317075913		
1484551913.51		516.372758667		512.013818591		516.993704073		
1484585556.76		517.041214085		512.606518602		517.668153144		
1484619200.0		517.66858905		513.150408142		518.30034489		
1484652843.24		518.328493936		513.729533233		518.960254832		
1484686486.49		519.019595853		514.334310475		519.655627696		
1484720129.73		519.712714096		514.943366982		520.355169037		
1484753772.97		520.362431044		515.501059647		521.00667097		
1484787416.22		412.57178494		408.670710264		413.080995545		
1484821059.46		413.096233147		409.123121094		413.609173314		
1484854702.7		413.612137834		409.570120356		414.129265329		
1484888345.95		414.127535778		410.026998331		414.646678891		
1484921989.19		414.655830479		410.496296415		415.176081512		
1484955632.43		495.995156961		490.938984303		496.621476276		
1484989275.68		496.652908425		491.513484471		497.284701362		
1485022918.92		497.313383552		492.075938787		497.946369182		
1485056562.16		497.94174801		492.610832436		498.583124582		
1485090205.41		498.555187518		493.13779736		499.201027378		
1485123848.65		499.195127868		493.699808806		499.843087465		
1485157491.89		499.805032564		494.220856438		500.454791411		
1485191135.14		500.394284855		494.723412349		501.044491188		
1485224778.38		495.611499842		489.99775147		496.256516073		
1485258421.62		484.248080454		478.762655711		484.882341823		
1485292064.86		473.664137169		468.28889334		474.28306427		
1485325708.11		469.220522694		463.83196014		469.836993205		
1485359351.35		470.89095391		465.381273387		471.510463332		
1485392994.59		472.519717704		466.913148729		473.142152832		
1485426637.84		474.140212752		468.455658738		474.765527076		
1485460281.08		398.194507803		393.347285155		398.724597653		
1485493924.32		399.56589954		394.603108915		400.100228937		
1485527567.57		400.907262229		395.825962695		401.451416179		
1485561210.81		402.211131348		397.000840971		402.764233946		
1485594854.05		403.467402577		398.101187626		404.025482383		
1485628497.3		404.691245502		399.171469492		405.255530602		
1485662140.54		405.894705192		400.256427528		406.465888199		
1485695783.78		407.076714236		401.335249318		407.655346688		
1485729427.03		408.227617923		402.37576183		408.80802127		
1485763070.27		409.352529866		403.38015443		409.933472231		
1485796713.51		410.448718039		404.351942509		411.034526754		
1485830356.76		472.715312896		465.543213559		473.399119222		
1485864000.0		473.895677003		466.602790581		474.590581272		
1485897643.24		475.054044332		467.59270197		475.758883485		
1485931286.49		476.17102606		468.596543303		476.884142609		
1485964929.73		462.446416664		460.658300676		465.981436521		
1485998572.97		456.256471612		454.170210589		464.737788393		
1486032216.22		457.903519975		455.94146011		465.904247862		
1486065859.46		469.576467335		467.652815154		476.918732729		
1486099502.7		471.419286718		469.570197976		478.023782256		
1486133145.95		473.110988666		471.343915672		479.023216532		
1486166789.19		474.757844552		473.066653154		480.025292883		
1486200432.43		476.38157732		474.790258178		480.968467651		
1486234075.68		477.9613976		476.446912126		481.875178488		
1486267718.92		479.507807104		478.076714689		482.840012762		
1486301362.16		481.018702254		479.649695337		483.751780469		
1486335005.41		482.440847664		481.16918358		484.670624795		
1486368648.65		483.805284913		482.599710966		485.559777313		
1486402291.89		485.089978977		483.970206865		486.536164384		
1486435935.14		486.375792079		485.324585702		487.562128754		
1486469578.38		487.665526222		486.70308169		488.622313699		
1486503221.62		488.878956363		487.985554138		489.739219076		
1486536864.86		490.024970363		489.162600472		490.834920981		
1486570508.11		491.201157527		490.239346499		492.081454998		
1486604151.35		492.334498288		491.205729965		493.274779451		
1486637794.59		493.515858675		492.042655223		494.433557585		
1486671437.84		494.638665685		492.679296245		495.5286626		
1486705081.08		495.727598106		493.317764911		496.595314016		
1486738724.32		496.799040311		493.961793622		497.660676923		
1486772367.57		497.848313796		494.505041436		498.687275841		
1486806010.81		498.896309585		495.115076996		499.736519278		
1486839654.05		499.937420424		495.693565958		500.767173306		
1486873297.3		500.959205753		496.277709896		501.802667121		
1486906940.54		502.008979129		496.896246053		502.844955534		
1486940583.78		503.053339782		497.520510935		503.866743613		
1486974227.03		504.028693386		498.082752515		504.857459897		
1487007870.27		505.01700445		498.653932926		505.846813996		
1487041513.51		505.964430209		499.238516506		506.802124146		
1487075156.76		506.903867963		499.792696367		507.729708634		
1487108800.0		507.806586349		500.345436309		508.653018647		
1487142443.24		508.772452929		500.941284953		509.628212493		
1487176086.49		509.704901826		501.532237688		510.577725433		
1487209729.73		510.663717532		502.166362559		511.557566876		
1487243372.97		511.588376023		502.750961957		512.4780191		
1487277016.22		513.38904127		504.063096549		514.303504131		
1487310659.46		514.239158794		504.444257677		515.151180699		
1487344302.7		515.056435525		504.954162475		515.984070766		
1487377945.95		515.879790667		505.485869455		516.812884918		
1487411589.19		516.66578624		506.005716939		517.61335528		
1487445232.43		517.402593051		506.494122894		518.375332077		
1487478875.68		518.191080847		507.035621413		519.185902907		
1487512518.92		519.051099317		507.645928016		520.041863629		
1487546162.16		519.840982804		508.192484422		520.836911047		
1487579805.41		520.653296506		508.770416789		521.652646857		
1487613448.65		521.430159607		509.309215603		522.442275822		
1487647091.89		522.23579705		509.889106602		523.276726912		
1487680735.14		523.062699622		510.484087774		524.118261795		
1487714378.38		523.862164123		511.049544384		524.91838914		
1487748021.62		524.674404708		511.659747445		525.737644176		
1487781664.86		525.461192624		512.240160797		526.517867529		
1487815308.11		526.324010423		512.920864503		527.365846543		
1487848951.35		527.112064524		513.55689113		528.126620075		
1487882594.59		527.874539788		514.185757026		528.865178741		
1487916237.84		528.611846159		514.812625956		529.574930231		
1487949881.08		529.245010573		515.380304925		530.199471271		
1487983524.32		529.905572124		515.958010668		530.818038974		
1488017167.57		530.512190387		516.521796621		531.427628989		
1488050810.81		531.143174598		517.140197862		532.054626398		
1488084454.05		531.757201387		517.750278616		532.647121477		
1488118097.3		532.335898471		518.343506348		533.192490268		
1488151740.54		532.920794045		518.958579536		533.763013226		
1488185383.78		533.482415316		519.579593173		534.318643616		
1488219027.03		534.032509546		520.208921165		534.850230018		
1488252670.27		534.631708877		520.884434162		535.417374565		
1488286313.51		535.165501268		521.523619552		535.952376218		
1488319956.76		535.653160574		522.134018443		536.416569443		
1488353600.0		536.128537247		522.765359432		536.909095326		
1488387243.24		536.590817775		523.399998243		537.38762428		
1488420886.49		537.144423769		524.109414925		537.936525147		
1488454529.73		537.646352296		524.761331893		538.443090542		
1488488172.97		538.160737559		525.430347579		538.954240504		
1488521816.22		538.60360969		526.081062443		539.393764974		
1488555459.46		539.091390381		526.791090104		539.887792755		
1488589102.7		539.547517001		527.465587783		540.338822852		
1488622745.95		540.01658986		528.183443452		540.816419069		
1488656389.19		540.441400187		528.853193475		541.229306768		
1488690032.43		540.809465753		529.475962507		541.592372587		
1488723675.68		541.161165173		530.096221752		541.942167618		
1488757318.92		540.312574004		529.541835498		541.093478433		
1488790962.16		540.343373478		529.841568951		541.131570611		
1488824605.41		540.895290825		530.694054339		541.704342021		
1488858248.65		541.455114993		531.561456235		542.274859458		
1488891891.89		542.05047237		532.463317739		542.87085113		
1488925535.14		542.593835379		533.321609714		543.407826575		
1488959178.38		543.097315277		534.152157748		543.922567123		
1488992821.62		543.617030451		535.00289669		544.436135055		
1489026464.86		544.209726758		535.930464613		545.028104991		
1489060108.11		544.737018156		536.801613626		545.547253936		
1489093751.35		546.296116969		538.479081362		547.133152927		
1489127394.59		546.707647564		539.057062618		547.546731524		
1489161037.84		547.164528733		539.885035585		547.999190128		
1489194681.08		547.594359285		540.70626597		548.42607903		
1489228324.32		548.092539675		541.581371386		548.920019678		
1489261967.57		548.599848897		542.412393912		549.422058996		
1489295610.81		549.048132333		543.212073916		549.880681507		
1489329254.05		549.501709152		543.968106348		550.338877194		
1489362897.3		549.877047475		544.702687093		550.724466416		
1489396540.54		550.229042996		545.425792492		551.075263132		
1489430183.78		550.581009981		546.065304978		551.423059186		
1489463827.03		550.934848764		546.844452989		551.772619328		
1489497470.27		551.256478524		547.579043927		552.093227542		
1489531113.51		551.615713344		548.294179018		552.446139741		
1489564756.76		551.95441963		549.032954536		552.781967016		
1489598400.0		552.329492269		549.824832287		553.152860582		
1489632043.24		552.657736499		550.577635838		553.492163275		
1489665686.49		553.043766808		551.395275912		553.867343159		
1489699329.73		553.329260427		552.040262403		554.138508045		
1489732972.97		553.653080274		552.609402447		554.418464897		
1489766616.22		554.0328863		553.164842201		554.760925146		
1489800259.46		554.497434636		553.662084549		555.161414363		
1489833902.7		554.895970206		554.030925359		555.569314388		
1489867545.95		555.186624845		554.285199802		555.981443095		
1489901189.19		555.452291735		554.544142672		556.465977773		
1489934832.43		555.667773643		554.767909324		556.948767983		
1489968475.68		555.966667781		555.065594653		557.475218812		
1490002118.92		556.247540129		555.342661778		558.208483042		
1490035762.16		556.527276969		555.641149736		558.936570916		
1490069405.41		556.784318911		555.919854228		559.68967319		
1490103048.65		557.095738852		556.232431245		560.480991454		
1490136691.89		557.373323922		556.533764415		561.243361283		
1490170335.14		557.643124529		556.801503141		562.003762682		
1490203978.38		557.871602172		557.037495254		562.717999758		
1490237621.62		558.139350088		557.317671736		563.489222084		
1490271264.86		558.460901912		557.632776131		564.291264669		
1490304908.11		558.788556816		557.9684491		565.121617043		
1490338551.35		559.051106169		558.210861269		565.864881311		
1490372194.59		559.291151115		558.433988295		566.589199043		
1490405837.84		559.63072678		558.756105364		567.417613384		
1490439481.08		559.926821801		559.052161889		568.220400267		
1490473124.32		560.171809763		559.301402806		568.976319663		
1490506767.57		560.446294362		559.565143446		569.741209989		
1490540410.81		560.703008545		559.817444988		570.519193771		
1490574054.05		560.963598952		560.061230823		571.291847715		
1490607697.3		561.210261225		560.302602267		572.069496567		
1490641340.54		561.550824465		560.632649006		572.937586914		
1490674983.78		561.874495054		560.943625814		573.794446923		
1490708627.03		562.213708872		561.277982105		574.676738043		
1490742270.27		562.471632631		561.535499991		575.473715562		
1490775913.51		562.779372693		561.834899226		576.323062448		
1490809556.76		563.183248769		562.236796773		577.270093149		
1490843200.0		563.560087656		562.601475956		578.19647412		
1490876843.24		563.871282983		562.904590501		579.048606008		
1490910486.49		564.151498271		563.180617714		579.877232177		
1490944129.73		564.451267321		563.468589272		580.725967078		
1490977772.97		564.745923427		563.746726469		581.576316668		
1491011416.22		565.043528426		564.048227285		582.431620236		
1491045059.46		565.342630778		564.339211388		583.291478059		
1491078702.7		565.638856407		564.631427613		584.155812093		
1491112345.95		565.936168606		564.927262187		585.024557738		
1491145989.19		566.239614823		565.218896335		585.897662152		
1491179632.43		566.54638911		565.505583594		586.77506916		
1491213275.68		566.855172172		565.800217755		587.656725342		
1491246918.92		567.157348445		566.099388909		588.542587023		
1491280562.16		567.464872191		566.401331881		589.432605735		
1491314205.41		567.771257857		566.704827494		590.326737307		
1491347848.65		568.07932423		567.01013269		591.224946011		
1491381491.89		568.389533546		567.311771829		592.127190295		
1491415135.14		568.697850037		567.611281616		593.033434025		
1491448778.38		569.010874297		567.914169081		593.943648383		
1491482421.62		569.323885156		568.21526764		594.857798026		
1491516064.86		569.63633089		568.523516		595.775854029		
1491549708.11		569.951190151		568.828509909		596.697792945		
1491583351.35		570.268472082		569.138575276		597.623585657		
1491616994.59		570.583317514		569.454391293		598.55320946		
1491650637.84		570.902674655		569.76984037		599.486645108		
1491684281.08		571.213759824		570.079019593		600.423869549		
1491717924.32		571.537060635		570.397801439		601.3648653		
1491751567.57		571.85389081		570.705844171		602.309616914		
1491785210.81		572.184586615		571.021207281		603.258106637		
1491818854.05		572.513199042		571.336622816		604.21032155		
1491852497.3		572.840908401		571.652316574		605.166249651		
1491886140.54		573.16793886		571.968115876		606.125877817		
1491919783.78		573.496159031		572.275332724		607.089197128		
1491953427.03		573.818674019		572.594629017		608.056198708		
1491987070.27		574.152010774		572.910095902		609.026873489		
1492020713.51		574.485961534		573.227830349		610.00121606		
1492054356.76		574.81042061		573.546061729		610.979220385		
1492088000.0		575.131729809		573.865238667		611.960991943		
1492121643.24		575.468351526		574.182433938		612.947255924		
1492155286.49		575.80382112		574.502470156		613.937188472		
1492188929.73		576.136753613		574.826983604		614.930786822		
1492222572.97		576.468014176		575.150459517		615.928051048		
1492256216.22		576.798987616		575.47810367		616.92897969		
1492289859.46		577.123328204		575.803467149		617.933572804		
1492323502.7		577.456104165		576.125462525		618.94183292		
1492357145.95		577.790198614		576.455979514		619.953760771		
1492390789.19		578.133124538		576.782392831		620.969358907		
1492424432.43		578.474202095		577.103198197		621.988632037		
1492458075.68		578.805287899		577.432647662		623.011582898		
1492491718.92		579.147454664		577.765143237		624.038216367		
1492525362.16		579.479109201		578.094258532		625.068538751		
1492559005.41		579.824503505		578.417937644		626.102554965		
1492592648.65		580.166579242		578.743748284		627.140271834		
1492626291.89		580.506896384		579.075321761		628.181697118		
1492659935.14		580.858581894		579.40697454		629.226808075		
1492693578.38		581.211589996		579.738294241		630.275000326		
1492727221.62		581.555195448		580.05742432		631.326920428		
1492760864.86		581.896532522		580.37995246		632.382577035		
1492794508.11		582.240751192		580.711236102		633.441980264		
1492828151.35		582.585182789		581.039253333		634.502816844		
1492861794.59		582.928382347		581.368324724		635.565996873		
1492895437.84		583.271358142		581.688678526		636.632921736		
1492929081.08		583.614845507		582.017733643		637.702425806		
1492962724.32		583.950700234		582.34772058		638.55759952		
1492996367.57		584.294498247		582.680357993		639.525973799		
1493030010.81		584.6377234		583.017769694		640.617728201		
1493063654.05		584.977438113		583.344041897		641.713376492		
1493097297.3		585.318251419		583.677512411		642.812932565		
1493130940.54		585.665814655		584.015877982		643.916409985		
1493164583.78		586.021806127		584.356208185		645.023822826		
1493198227.03		586.370645688		584.689010415		646.135186115		
1493231870.27		586.724012801		585.020734303		647.25051445		
1493265513.51		587.077869897		585.352987757		648.369823057		
1493299156.76		587.431695686		585.68563336		649.49312801		
1493332800.0		587.782973441		586.018714159		650.620444884		
1493366443.24		588.138541209		586.352228337		651.751789986		
1493400086.49		588.49223261		586.686174378		652.88718032		
1493433729.73		588.845150825		587.020550489		654.026632437		
1493467372.97		589.198945841		587.355355211		655.170163652		
1493501016.22		589.557248474		587.690686149		656.317791778		
1493534659.46		589.910482532		588.027372845		657.469534361		
1493568302.7		590.266437283		588.362327947		658.625409637		
1493601945.95		590.618581597		588.704648126		659.784598568		
1493635589.19		590.973326163		589.053433824		660.947805365		
1493669232.43		591.327832239		589.401027616		662.115194052		
1493702875.68		591.6750783		589.748756655		663.286783928		
1493736518.92		592.035007358		590.097558191		664.462594308		
1493770162.16		592.396671628		590.447695921		665.642645071		
1493803805.41		592.752746066		590.796317988		666.807618009		
1493837448.65		593.106921622		591.144105202		667.695551677		
1493871091.89		593.467063248		591.489720948		668.75714281		
1493904735.14		593.827669138		591.832169554		669.774169918		
1493938378.38		594.186751032		592.172004428		670.961504795		
1493972021.62		594.54609173		592.519717182		672.122182121		
1494005664.86		594.905889926		592.870184149		673.256385065		
1494039308.11		595.26487627		593.22089911		674.386422527		
1494072951.35		595.622060467		593.571647879		675.552683812		
1494106594.59		595.979692814		593.922616708		676.761953361		
1494140237.84		596.338921751		594.265361258		677.975595595		
1494173881.08		596.704354821		594.612113835		679.193632737		
1494207524.32		597.060607156		594.961518804		680.416087017		
1494241167.57		597.416548244		595.311351241		681.642980979		
1494274810.81		597.772929201		595.663350253		682.874337516		
1494308454.05		598.129750086		596.016573045		684.110179518		
1494342097.3		598.488839498		596.367934508		685.350530218		
1494375740.54		598.853923978		596.71632365		686.595413148		
1494409383.78		599.217830248		597.065133148		687.844851881		
1494443027.03		599.577895801		597.41578772		689.098870325		
1494476670.27		599.937922953		597.767569552		690.229943126		
1494510313.51		600.302451999		598.113686604		691.421881202		
1494543956.76		600.667435004		598.461823867		692.687147567		
1494577600.0		601.032872339		598.811088435		693.957072484		
1494611243.24		601.398764348		599.160770802		695.231680776		
1494644886.49		601.767025492		599.510871277		696.447508059		
1494678529.73		602.139336677		599.86139018		697.666502867		
1494712172.97		602.512117683		600.212327823		698.742912353		
1494745816.22		602.885369007		600.56383472		700.00221008		
1494779459.46		603.260336329		600.917321337		701.11817079		
1494813102.7		603.636584228		601.271231844		702.068560519		
1494846745.95		604.01157896		601.619385135		703.007419814		
1494880389.19		604.387569331		601.962075936		703.935306667		
1494914032.43		604.764370061		602.306566722		704.80560589		
1494947675.68		605.13940493		602.673884747		705.663863267		
1494981318.92		605.516296142		603.044166704		706.514446281		
1495014962.16		605.893662975		603.405868897		707.357753771		
1495048605.41		606.268807888		603.763499597		708.194129253		
1495082248.65		606.650400987		604.123012802		709.023951436		
1495115891.89		607.033918505		604.477662075		709.847567312		
1495149535.14		607.410247129		604.834873356		710.71132485		
1495183178.38		607.78704714		605.19272707		711.599988989		
1495216821.62		608.162915036		605.551582338		712.480761798		
1495250464.86		608.536531122		605.916587285		713.354006096		
1495284108.11		608.912759127		606.281515145		714.220142505		
1495317751.35		609.286120603		606.638177384		715.046320313		
1495351394.59		609.661211629		607.000176416		715.818499981		
1495385037.84		610.040747601		607.364432034		716.586815783		
1495418681.08		610.423146288		607.729128424		717.351487173		
1495452324.32		610.810285664		608.090397939		718.148257021		
1495485967.57		611.194791962		608.456564545		718.980141844		
1495519610.81		611.57348054		608.823175298		719.808982027		
1495553254.05		611.952641492		609.190230876		720.634972543		
1495586897.3		612.332348657		609.557731956		721.440150376		
1495620540.54		612.715966474		609.925866653		722.240759163		
1495654183.78		613.099233976		610.294400163		723.039042151		
1495687827.03		613.480108621		610.662646682		723.835176091		
1495721470.27		613.861541474		611.031484437		724.547569142		
1495755113.51		614.2438674		611.400984349		725.2477318		
1495788756.76		614.626671872		611.769555905		725.944730414		
1495822400.0		615.009955703		612.13794853		726.638740513		
1495856043.24		615.393719702		612.506786966		727.329946045		
1495889686.49		615.77921503		612.876071939		728.01852352		
1495923329.73		616.163747884		613.245804183		728.704625404		
1495956972.97		616.549020035		613.615984431		729.388416019		
1495990616.22		616.933757657		613.984708735		730.139595334		
1496024259.46		617.324006667		614.353103747		730.897204471		
1496057902.7		617.716134314		614.721942605		731.654048562		
1496091545.95		618.110193864		615.091226047		732.410227204		
1496125189.19		618.50271084		615.465599099		733.165826734		
1496158832.43		618.894479022		615.846995266		733.920945353		
1496192475.68		619.282561825		616.21111419		734.675669331		
1496226118.92		619.66761438		616.575248446		735.430075297		
1496259762.16		620.055505014		616.939814336		736.18424978		
1496293405.41		620.445720091		617.304812585		736.93826774		
1496327048.65		620.836427566		617.672181562		737.692198072		
1496360691.89		621.228716151		618.041701396		738.442811134		
1496394335.14		621.623578651		618.41166451		739.175597354		
1496427978.38		622.019253934		618.782071663		739.908250461		
1496461621.62		622.415434049		619.152923614		740.64084334		
1496495264.86		622.81221291		619.524221129		741.373439238		
1496528908.11		623.212167437		619.897155517		742.1060997		
1496562551.35		623.611623187		620.270659429		742.838888318		
1496596194.59		624.010974117		620.644614375		743.571860362		
1496629837.84		624.410837502		621.019021143		744.305071136		
1496663481.08		624.810866497		621.39388052		745.038576189		
1496697124.32		625.208556661		621.769193302		745.77242389		
1496730767.57		625.606168433		622.144960285		746.506663963		
1496764410.81		626.004286799		622.521182267		747.241345001		
1496798054.05		626.402912704		622.897860052		747.976509401		
1496831697.3		626.802047095		623.27451345		748.712201905		
1496865340.54		627.201473728		623.651340101		749.448465092		
1496898983.78		627.601165576		624.028623122		750.185336198		
1496932627.03		628.001367587		624.406363322		750.922855516		
1496966270.27		628.403507399		624.784561514		751.66106043		
1496999913.51		628.807028904		625.163218512		752.399983714		
1497033556.76		629.211069346		625.542335134		753.139661698		
1497067200.0		629.61562971		625.9219122		753.826708012		
