1463457600.0		5.56907285438		3.21989415545		15.7752278269		
1463491243.24		2.9706582627		2.89224731346		3.09540742148		
1463524886.49		2.98257507074		2.95109907892		3.02308353649		
1463558529.73		3.11711295462		3.08301612312		3.15449325264		
1463592172.97		3.23384073954		3.19914279726		3.27171946443		
1463625816.22		3.38848819116		3.35291176217		3.42858291199		
1463659459.46		3.5503911977		3.51318392107		3.59158145675		
1463693102.7		3.68556602444		3.64686155477		3.72842832565		
1463726745.95		3.86295789672		3.82239927889		3.90724285564		
1463760389.19		4.00927563456		3.96716213667		4.05505528924		
1463794032.43		4.20066302214		4.15649978391		4.24840745859		
1463827675.68		4.40012448273		4.35358209522		4.45056330719		
1463861318.92		4.57569739609		4.52756152526		4.62823821667		
1463894962.16		4.79290658278		4.74255802019		4.84740765841		
1463928605.41		5.02009252812		4.96731302093		5.07732844772		
1463962248.65		5.2196569126		5.16469434175		5.27934121762		
1463995891.89		5.46658333979		5.40883444322		5.52923843419		
1464029535.14		5.66760105187		5.60772789557		5.73270554437		
1464063178.38		5.84734423378		5.78567092124		5.91530767609		
1464096821.62		6.0143069205		5.95091331171		6.08398180915		
1464130464.86		6.2146372889		6.14942225022		6.28703345534		
1464164108.11		6.53853796694		6.47007277021		6.61451017968		
1464197751.35		6.81668079139		6.74557298958		6.89589247539		
1464231394.59		7.08064377928		7.00658648823		7.16260641899		
1464265037.84		7.35479060078		7.27750260587		7.43937882099		
1464298681.08		7.61229940404		7.5322446127		7.69978444184		
1464332324.32		7.93065343674		7.84741157519		8.02176265027		
1464365967.57		8.2151631639		8.1285375974		8.30914793188		
1464399610.81		8.55714349079		8.46698363075		8.65475392105		
1464433254.05		8.91282620354		8.81907161708		9.01461798769		
1464466897.3		9.22843035654		9.13153562346		9.33391125011		
1464500540.54		9.60989125346		9.50992178402		9.71970111128		
1464534183.78		9.96714041909		9.86400763323		10.0807635786		
1464567827.03		10.3588123947		10.2520360604		10.476400512		
1464601470.27		10.7846200759		10.6742142265		10.9067287041		
1464635113.51		11.1412234527		11.0273735658		11.2666198196		
1464668756.76		11.5979016965		11.4802594863		11.7284137135		
1464702400.0		12.031954885		11.9104157376		12.1668068329		
1464736043.24		12.492141514		12.3667500159		12.6316810672		
1464769686.49		12.9985868332		12.8685036206		13.1421704059		
1464803329.73		13.4213230972		13.2867004718		13.5694508265		
1464836972.97		13.961378363		13.8203477195		14.1150306212		
1464870616.22		14.5214103903		14.3749355232		14.6816448628		
1464904259.46		15.0165285691		14.8657475612		15.1832271966		
1464937902.7		15.6153868005		15.4579111589		15.7878485173		
1464971545.95		16.0964278861		15.9343305353		16.2740821345		
1465005189.19		16.7180649917		16.5509277697		16.9021909265		
1465038832.43		17.3784023474		17.2029846893		17.5685155171		
1465072475.68		17.9921843661		17.8103683307		18.1871357692		
1465106118.92		19.0177129837		18.826446502		19.2226016987		
1465139762.16		20.0989417744		19.8976200594		20.3134637855		
1465173405.41		21.2337709583		21.0218342416		21.4580947769		
1465207048.65		22.4217044595		22.1976616023		22.6562107774		
1465240691.89		23.6647033462		23.4279723949		23.9098075194		
1465274335.14		24.8687727434		24.6219989477		25.1247778871		
1465307978.38		26.2583031328		25.9999493311		26.5295303449		
1465341621.62		27.71741325		27.4444362125		28.0030031665		
1465375264.86		29.2455960907		28.9571766904		29.5446561926		
1465408908.11		30.8378540787		30.5362199178		31.1519576417		
1465442551.35		32.4961937044		32.1792283598		32.8280424469		
1465476194.59		34.2247231896		33.8935488098		34.5711960826		
1465509837.84		36.0224381834		35.6833480383		36.3870782827		
1465543481.08		37.9033730372		37.5375275446		38.2803773069		
1465577124.32		39.8604560633		39.4796559338		40.249836308		
1465610767.57		41.8950689461		41.5006110673		42.299842353		
1465644410.81		44.0054726327		43.5895567905		44.4307823409		
1465678054.05		46.2022374444		45.7633391295		46.6417856751		
1465711697.3		48.4842294284		48.0322418101		48.9405911195		
1465745340.54		50.85048213		50.3736969683		51.3242407776		
1465778983.78		53.2981720084		52.7912545317		53.7926933934		
1465812627.03		55.8318222357		55.2869653606		56.3461968471		
1465846270.27		58.4750939272		57.9099933827		59.0089932007		
1465879913.51		61.1220448861		60.5373198176		61.6758683893		
1465913556.76		63.8456508374		63.2324535025		64.4094580065		
1465947200.0		44.6172821483		43.1899063103		46.6289353344		
1465980843.24		34.4541813488		33.5112445259		35.3994182491		
1466014486.49		34.8213085		33.9018421705		35.7366677011		
1466048129.73		35.4633072187		34.5498441667		36.4303884911		
1466081772.97		36.1522436542		35.2302915496		37.135550894		
1466115416.22		36.8397740839		35.918827422		37.8470788115		
1466149059.46		37.5335409401		36.6096984566		38.5619470353		
1466182702.7		38.2430545463		37.3060571665		39.2851866307		
1466216345.95		38.9577784902		38.0058751072		40.0161105161		
1466249989.19		39.6772524127		38.7165344429		40.7562055775		
1466283632.43		40.4025781357		39.4359677146		41.4725905644		
1466317275.68		41.1350178179		40.1607532275		42.217181938		
1466350918.92		41.8738355346		40.8904209688		42.9673520182		
1466384562.16		42.6131523662		41.6176375594		43.704657944		
1466418205.41		43.3599722466		42.3519839027		44.4593389434		
1466451848.65		44.1122788517		43.1001961796		45.2304003567		
1466485491.89		44.8663296563		43.8518205924		46.0024834039		
1466519135.14		45.6421131694		44.6161964632		46.7888905853		
1466552778.38		47.2095017954		46.1568868587		48.3857764004		
1466586421.62		49.4364739051		48.3416848584		50.6547011065		
1466620064.86		51.7526003049		50.6124921856		53.0156721803		
1466653708.11		54.1489389744		52.9668003574		55.4397776136		
1466687351.35		56.6316609324		55.4034581969		57.9441048193		
1466720994.59		59.1990687415		57.9253011487		60.5341831216		
1466754637.84		61.8404187173		60.5255722328		63.2007024484		
1466788281.08		64.5678334581		63.2025930768		65.9650511236		
1466821924.32		67.3793285294		65.9662873992		68.8205989113		
1466855567.57		70.2670448413		68.817180738		71.7539242483		
1466889210.81		73.2334715794		71.7404893507		74.7689029342		
1466922854.05		76.2712337758		74.7438402856		77.85687574		
1466956497.3		79.3711970239		77.8176533663		81.0289114888		
1466990140.54		82.5829832439		80.9595045934		84.2674413159		
1467023783.78		85.85222188		84.1900900862		87.5806507962		
1467057427.03		89.1902075777		87.4879441176		90.9527604664		
1467091070.27		92.5773555263		90.8646788835		94.3830636964		
1467124713.51		96.0256821865		94.3143612436		97.9069633437		
1467158356.76		99.5280179397		97.7762301354		101.460135358		
1467192000.0		103.093922244		101.343037995		105.09246908		
1467225643.24		106.768417088		104.982854686		108.770597666		
1467259286.49		110.470354416		108.662204497		112.514452684		
1467292929.73		106.824523201		105.103504519		108.784436861		
1467326572.97		110.360846575		108.581946986		112.33499207		
1467360216.22		121.690319287		119.78168916		123.828307768		
1467393859.46		125.503086539		123.572881066		127.699350067		
1467427502.7		129.394549241		127.418758521		131.622333149		
1467461145.95		133.236688008		131.179437271		135.500006257		
1467494789.19		137.089726613		134.994395203		139.38484198		
1467528432.43		140.925689589		138.772035613		143.266031436		
1467562075.68		144.793409512		142.609733632		147.143746776		
1467595718.92		148.671817158		146.423646297		151.006746661		
1467629362.16		152.540712098		150.232351468		154.850289028		
1467663005.41		156.379251365		154.010260017		158.650843182		
1467696648.65		160.203316156		157.78169336		162.445113273		
1467730291.89		163.985804208		161.609577463		166.250574103		
1467763935.14		167.729704723		165.292394758		169.994982358		
1467797578.38		171.42954446		168.962624646		173.652138956		
1467831221.62		175.067660803		172.593298345		177.331054229		
1467864864.86		178.690337271		176.156967403		180.893554156		
1467898508.11		182.247545167		179.695374883		184.435242847		
1467932151.35		186.220830448		183.659071211		188.420615322		
1467965794.59		189.273843295		186.656663633		191.380755779		
1467999437.84		192.605518845		189.96872065		194.721879344		
1468033081.08		195.916448952		193.214044341		198.008541246		
1468066724.32		199.152446105		196.425544331		201.263732125		
1468100367.57		202.293256321		199.526553171		204.439332381		
1468134010.81		205.378946499		202.630750783		207.519937364		
1468167654.05		208.409828387		205.642103059		210.530286461		
1468201297.3		211.324114817		208.551477524		213.493828713		
1468234940.54		214.183832137		211.37800307		216.398988215		
1468268583.78		216.966630089		214.148780416		219.180426965		
1468302227.03		219.783966481		216.938272244		221.987235308		
1468335870.27		222.459006096		219.615671665		224.616129094		
1468369513.51		225.048190264		222.222585013		227.195654621		
1468403156.76		227.557076974		224.739955694		229.716521247		
1468436800.0		229.998925854		227.171553097		232.155970005		
1468470443.24		248.731988942		245.652706909		251.063963835		
1468504086.49		251.179968428		248.033928206		253.488231002		
1468537729.73		253.484726796		250.263913281		255.753760596		
1468571372.97		255.736375084		252.423354397		257.993987163		
1468605016.22		175.323650377		168.886664025		184.595483574		
1468638659.46		137.256147051		133.017590108		142.623050949		
1468672302.7		138.78259951		135.069452849		143.360568949		
1468705945.95		142.670846714		139.099687317		147.221675306		
1468739589.19		146.806978467		143.245104182		151.278325393		
1468773232.43		151.004174518		147.475550583		155.423348432		
1468806875.68		155.210640742		151.706656942		159.588594828		
1468840518.92		159.404941172		155.91931699		163.714195232		
1468874162.16		163.575435173		160.096790491		167.835868154		
1468907805.41		167.734537851		164.297091953		171.93044934		
1468941448.65		171.888003126		168.497436859		176.00383957		
1468975091.89		174.113046333		170.772201343		178.111546558		
1469008735.14		178.284431846		175.001555025		182.189118564		
1469042378.38		182.361057304		179.134377664		186.087801899		
1469076021.62		186.462903875		183.29870414		190.12601725		
1469109664.86		190.491276616		187.419723615		194.046454192		
1469143308.11		194.45165383		191.488790557		197.808862506		
1469176951.35		198.393289906		195.461760043		201.629437928		
1469210594.59		181.93134143		179.323926681		184.761922535		
1469244237.84		185.200886426		182.693767393		187.877115387		
1469277881.08		188.333533658		185.872392162		190.872839687		
1469311524.32		191.344384655		189.045808233		193.843914244		
1469345167.57		194.300618134		192.065912004		196.775930693		
1469378810.81		197.23597943		195.075714337		199.637059804		
1469412454.05		200.091256238		197.999564787		202.391431378		
1469446097.3		202.876591964		200.920755399		205.092893885		
1469479740.54		205.62728476		203.705057055		207.769545686		
1469513383.78		208.297291647		206.357741965		210.353534719		
1469547027.03		201.781312598		199.937284087		203.635124983		
1469580670.27		204.168467225		202.285996398		206.02462492		
1469614313.51		206.520702051		204.635696635		208.336437823		
1469647956.76		208.83380859		206.895754352		210.577518141		
1469681600.0		211.08067593		209.104965334		212.75480993		
1469715243.24		213.281994754		211.288811178		214.903652138		
1469748886.49		220.419591838		218.3195862		222.083072249		
1469782529.73		222.478589906		220.316997483		224.1059494		
1469816172.97		224.513132493		222.387572277		226.135723339		
1469849816.22		240.435286975		238.16646265		242.143008525		
1469883459.46		242.435048601		240.180969633		244.112701824		
1469917102.7		244.389136492		242.15078148		246.08114871		
1469950745.95		246.245822746		244.006402039		247.96761859		
1469984389.19		248.074980252		245.695895173		249.820926535		
1470018032.43		249.831097531		247.442041338		251.588922423		
1470051675.68		251.526279658		249.159567516		253.317058926		
1470085318.92		237.827182062		235.572456743		239.519441151		
1470118962.16		254.768979388		252.279263159		256.602956895		
1470152605.41		256.228370693		253.636586012		258.06659339		
1470186248.65		239.601442796		237.189550418		241.285088318		
1470219891.89		241.112666213		238.738524885		242.775544382		
1470253535.14		242.573207805		240.23029299		244.207214295		
1470287178.38		243.995779777		241.676543099		245.612439524		
1470320821.62		245.335169249		243.01901672		246.937046134		
1470354464.86		246.072384475		243.739682442		247.698548864		
1470388108.11		247.618903212		245.310786134		249.22097916		
1470421751.35		248.916792708		246.649617634		250.510738429		
1470455394.59		250.112273018		247.879170178		251.718426156		
1470489037.84		251.268824559		249.054500046		252.890727676		
1470522681.08		249.615596985		247.446715008		251.211096504		
1470556324.32		250.721697508		248.556343185		252.307096148		
1470589967.57		251.844582699		249.67097106		253.420092308		
1470623610.81		252.927491939		250.738161193		254.499322464		
1470657254.05		254.011765118		251.819664499		255.572082341		
1470690897.3		255.073668112		252.876195635		256.60819637		
1470724540.54		275.501192861		273.145041486		277.152210772		
1470758183.78		258.08652595		255.874606548		259.614854359		
1470791827.03		277.422720811		275.084459336		279.041042839		
1470825470.27		277.640275787		275.329695084		279.246060101		
1470859113.51		277.757069221		275.436575127		279.344892586		
1470892756.76		277.820435383		275.496576663		279.389367992		
1470926400.0		277.871503616		275.6194722		279.459767834		
1470960043.24		278.198301288		276.037428844		279.741507241		
1470993686.49		278.613666454		276.565484907		280.121188411		
1471027329.73		278.918233628		276.981099278		280.464816475		
1471060972.97		279.323718651		277.448698736		280.800241359		
1471094616.22		279.671188416		277.876144315		281.12074502		
1471128259.46		280.07464005		278.359226719		281.492699672		
1471161902.7		280.440540757		278.803213472		281.856919626		
1471195545.95		280.8195987		279.23772082		282.23881922		
1471229189.19		281.192739264		279.69898194		282.599985779		
1471262832.43		281.504665233		280.081899312		282.926966295		
1471296475.68		281.864034782		280.523017905		283.299082252		
1471330118.92		282.281160993		280.979432871		283.722336212		
1471363762.16		282.582188023		281.255203523		284.049405088		
1471397405.41		282.942715365		281.577015152		284.420331521		
1471431048.65		283.240928688		281.849905386		284.77029618		
1471464691.89		283.610779339		282.195524943		285.287578967		
1471498335.14		283.986333791		282.523902251		285.749244308		
1471531978.38		284.282596161		282.785626266		286.128848873		
1471565621.62		284.610131691		283.130493232		286.551976247		
1471599264.86		284.949273688		283.433610414		286.968231985		
1471632908.11		285.267243323		283.718826574		287.311889711		
1471666551.35		285.551063399		283.983028243		287.672537953		
1471700194.59		285.869025977		284.233531552		288.021198		
1471733837.84		286.144495117		284.476189641		288.34902544		
1471767481.08		286.411094628		284.712551187		288.665122338		
1471801124.32		286.734060236		284.977496266		288.987742799		
1471834767.57		287.081710686		285.297869604		289.396855586		
1471868410.81		287.244206217		285.447097691		289.561932387		
1471902054.05		286.011911633		284.505955288		287.945557898		
1471935697.3		276.997934506		275.539465408		278.58393249		
1471969340.54		268.69329051		267.230751724		270.034148278		
1472002983.78		260.940364928		259.447577676		262.266397367		
1472036627.03		253.652279756		251.972516719		255.03888652		
1472070270.27		238.327021816		236.488021905		239.761629822		
1472103913.51		240.958151754		239.071997123		242.413077991		
1472137556.76		216.955375089		215.238570611		218.277048169		
1472171200.0		230.403659089		228.682434791		231.822130945		
1472204843.24		225.493435594		223.826082095		226.871763918		
1472238486.49		220.829810281		219.200507611		222.193753113		
1472272129.73		216.412641429		214.812100157		217.745838813		
1472305772.97		212.173605099		210.608011089		213.497274128		
1472339416.22		208.131870195		206.563536723		209.421905284		
1472373059.46		204.266925608		202.723317365		205.569978021		
1472406702.7		200.540188051		199.072800328		201.870452374		
1472440345.95		197.010208953		195.559010996		198.332849193		
1472473989.19		193.637344654		192.188737336		194.905198846		
1472507632.43		190.350256259		188.950579189		191.651870427		
1472541275.68		187.21454889		185.847928857		188.539109877		
1472574918.92		184.1982399		182.872418459		185.567462949		
1472608562.16		181.312620049		179.962882682		182.683613529		
1472642205.41		178.508029083		177.196662852		179.910791822		
1472675848.65		175.829843099		174.49901274		177.246504809		
1472709491.89		173.263521085		171.930244628		174.708154793		
1472743135.14		170.769981868		169.43397712		172.230397318		
1472776778.38		168.388787799		167.027567467		169.819892971		
1472810421.62		165.998356246		164.616461412		167.443330792		
1472844064.86		164.272693252		163.02724396		165.666319505		
1472877708.11		168.310142198		167.068386826		169.682438856		
1472911351.35		172.18092473		170.92743882		173.540994727		
1472944994.59		176.047258881		174.786253105		177.38398402		
1472978637.84		179.914275493		178.653464758		181.245401551		
1473012281.08		183.740799853		182.466756712		185.044314566		
1473045924.32		187.545728384		186.240003716		188.811650424		
1473079567.57		191.357317141		189.999404641		192.563048654		
1473113210.81		195.283955777		193.964338214		196.499080397		
1473146854.05		198.929129414		197.60859041		200.117616288		
1473180497.3		202.680957424		201.346323976		203.850890881		
1473214140.54		206.366153856		205.011206774		207.520558186		
1473247783.78		210.027280386		208.65970674		211.156250257		
1473281427.03		213.61678364		212.229687054		214.74758612		
1473315070.27		217.154750942		215.776989978		218.28126218		
1473348713.51		220.658654788		219.274499003		221.766589809		
1473382356.76		223.864104491		222.509648269		224.981182343		
1473416000.0		227.338650079		226.007551346		228.490332948		
1473449643.24		230.627021775		229.288506564		231.784544685		
1473483286.49		233.849814781		232.515922045		235.038792746		
1473516929.73		237.071685732		235.741449037		238.289345825		
1473550572.97		240.200894146		238.906931407		241.473439322		
1473584216.22		243.256498084		241.976252426		244.586127906		
1473617859.46		246.237767617		244.968339135		247.639613147		
1473651502.7		249.185524122		247.908378424		250.637059735		
1473685145.95		252.065633856		250.825194233		253.646501485		
1473718789.19		254.899450373		253.644447418		256.509775896		
1473752432.43		257.678244714		256.423839216		259.298193062		
1473786075.68		260.419462856		259.16080528		262.032717051		
1473819718.92		263.441621541		262.192968348		265.006361944		
1473853362.16		266.113706075		264.895991776		267.517040025		
1473887005.41		268.618394601		267.473561523		269.877009672		
1473920648.65		270.7407834		269.603810521		272.017170506		
1473954291.89		273.179571489		272.006094104		274.45916708		
1473987935.14		275.600377557		274.446597919		276.923330148		
1474021578.38		277.940012686		276.797791994		279.278798164		
1474055221.62		280.220772005		279.056014619		281.569310004		
1474088864.86		273.669195556		272.509187732		274.989506438		
1474122508.11		275.79064489		274.603940249		277.15359795		
1474156151.35		277.867244526		276.667885782		279.274680517		
1474189794.59		279.941156222		278.716513866		281.34858305		
1474223437.84		281.925114087		280.664930018		283.350025791		
1474257081.08		283.843186821		282.573949736		285.306015862		
1474290724.32		285.719510524		284.435021209		287.193118996		
1474324367.57		287.565966598		286.235687676		289.044219108		
1474358010.81		289.349508031		288.0262158		290.867850991		
1474391654.05		289.09755351		287.802259484		290.647056274		
1474425297.3		290.811950036		289.519598817		292.366118634		
1474458940.54		292.505908484		291.219302924		294.05430939		
1474492583.78		294.177817112		292.893572056		295.741154753		
1474526227.03		294.654947825		293.362050848		296.195906831		
1474559870.27		296.578925239		295.268427364		298.181650279		
1474593513.51		298.504922789		297.185439134		300.115163793		
1474627156.76		300.301690726		298.962065681		301.936978864		
1474660800.0		297.396112258		296.055652273		299.030850519		
1474694443.24		298.991134864		297.648299964		300.653318938		
1474728086.49		300.47362209		299.120241754		302.171642411		
1474761729.73		301.932107849		300.561285534		303.635899727		
1474795372.97		303.326850032		301.953164708		305.039028444		
1474829016.22		304.682672872		303.292894395		306.401380305		
1474862659.46		305.985985256		304.598894405		307.711438023		
1474896302.7		307.256067667		305.853987954		308.978382604		
1474929945.95		308.478862037		307.068346473		310.188636708		
1474963589.19		309.670297302		308.252374331		311.387914941		
1474997232.43		310.846646113		309.435663898		312.576219512		
1475030875.68		312.000296206		310.572793246		313.72360034		
1475064518.92		313.113642694		311.66484116		314.838825942		
1475098162.16		314.354153044		312.896166722		316.070492479		
1475131805.41		315.59653113		314.126448607		317.319484189		
1475165448.65		316.809863506		315.331833072		318.568379139		
1475199091.89		311.500577487		310.206419457		313.156540188		
1475232735.14		301.489262328		300.398752186		302.952981584		
1475266378.38		291.859561487		290.939741877		293.201492976		
1475300021.62		273.45311476		272.557961317		274.450477549		
1475333664.86		274.349601036		273.412811402		275.248930784		
1475367308.11		268.581519631		267.5726926		269.658972449		
1475400951.35		265.927596885		264.778029773		267.113953589		
1475434594.59		263.786759491		262.551373415		265.070772142		
1475468237.84		261.713195071		260.380794725		263.113570998		
1475501881.08		259.707416108		258.289544557		261.258362319		
1475535524.32		254.792372807		253.274113693		256.475084119		
1475569167.57		252.996034015		251.364456704		254.827402288		
1475602810.81		251.549999107		249.790646696		253.504526468		
1475636454.05		249.874088903		247.977066269		251.933349038		
1475670097.3		249.491453803		247.449460147		251.633617732		
1475703740.54		253.161273449		251.116361777		255.308498856		
1475737383.78		258.880299321		256.884984652		261.011001295		
1475771027.03		264.713945031		262.755929233		266.812913218		
1475804670.27		270.437439494		268.508841275		272.47124288		
1475838313.51		276.085201374		274.209061511		278.087353292		
1475871956.76		281.552836847		279.706869532		283.462034257		
1475905600.0		286.341513418		284.562865927		288.180520852		
1475939243.24		291.056802637		289.332374625		292.827531055		
1475972886.49		295.701786512		294.034680378		297.419232037		
1476006529.73		300.228271187		298.625371884		301.906891638		
1476040172.97		304.643980483		303.116394256		306.277199683		
1476073816.22		308.978367721		307.526947709		310.55263743		
1476107459.46		313.211647466		311.818498478		314.731314156		
1476141102.7		317.368677536		315.983542012		318.812514881		
1476174745.95		321.493490337		320.111383491		322.888113333		
1476208389.19		325.397024683		324.034145922		326.781298429		
1476242032.43		329.223231905		327.90495242		330.594779522		
1476275675.68		332.976760837		331.681892754		334.287747256		
1476309318.92		336.60740225		335.293705037		337.855974758		
1476342962.16		339.412147532		338.10320314		340.628852952		
1476376605.41		342.254580266		340.94329955		343.415690601		
1476410248.65		345.353559186		344.036911437		346.53215942		
1476443891.89		348.360056504		347.031810642		349.554701265		
1476477535.14		351.144572861		349.827958524		352.416962779		
1476511178.38		354.276044734		352.962445253		355.53083825		
1476544821.62		357.332456474		356.005437847		358.600333201		
1476578464.86		360.246038311		358.952213416		361.550834943		
1476612108.11		363.098779786		361.811228326		364.453737435		
1476645751.35		365.892989072		364.581845206		367.241924005		
1476679394.59		368.573044314		367.269898353		369.91723907		
1476713037.84		371.163684986		369.87247945		372.540290988		
1476746681.08		373.641255717		372.375005064		375.063281397		
1476780324.32		376.049079265		374.795822459		377.490880816		
1476813967.57		378.363948163		377.118796369		379.812072244		
1476847610.81		380.637231864		379.372214388		382.097347029		
1476881254.05		382.826074404		381.550567214		384.276500212		
1476914897.3		384.936587528		383.65701136		386.392125055		
1476948540.54		386.93240232		385.644139542		388.393777942		
1476982183.78		388.806676302		387.507656565		390.302773703		
1477015827.03		390.373231568		389.072126977		391.901455854		
1477049470.27		391.856760702		390.570298619		393.42136065		
1477083113.51		393.286359497		392.005185571		394.873807278		
1477116756.76		394.72643219		393.427567649		396.288370792		
1477150400.0		396.108249177		394.784645889		397.698994006		
1477184043.24		397.441774484		396.10326738		399.036068688		
1477217686.49		398.737812815		397.405773694		400.353560373		
1477251329.73		400.019425646		398.671898801		401.637779119		
1477284972.97		401.267747218		399.896937046		402.876844786		
1477318616.22		402.470268197		401.063242848		404.084266849		
1477352259.46		403.617670514		402.221470575		405.255893763		
1477385902.7		404.735320295		403.332098383		406.387041349		
1477419545.95		405.802649703		404.392603599		407.473588075		
1477453189.19		406.863273662		405.426378191		408.563187219		
1477486832.43		407.905887343		406.461636854		409.599248051		
1477520475.68		408.929661218		407.457745031		410.629074157		
1477554118.92		409.896566824		408.446292737		411.631774572		
1477587762.16		410.699729833		409.248492692		412.43910695		
1477621405.41		411.752233167		410.30572524		413.500880144		
1477655048.65		412.690475753		411.21964504		414.44086651		
1477688691.89		413.541023434		412.05820085		415.291246381		
1477722335.14		414.422658985		412.927215499		416.180455229		
1477755978.38		415.286377294		413.78233436		417.080690264		
1477789621.62		416.134124454		414.629067847		417.953784513		
1477823264.86		416.964323924		415.449439949		418.775559118		
1477856908.11		417.761760893		416.245238516		419.585289545		
1477890551.35		418.559340146		417.029391782		420.411659208		
1477924194.59		419.308164702		417.772819231		421.199766766		
1477957837.84		420.06754644		418.534131693		421.982595553		
1477991481.08		420.819554149		419.295952391		422.753630939		
1478025124.32		421.556630036		420.025825685		423.499355275		
1478058767.57		422.279283065		420.748105082		424.239866479		
1478092410.81		422.984584758		421.432596442		424.938481165		
1478126054.05		423.6904772		422.130598134		425.655994444		
1478159697.3		424.34499672		422.769726132		426.321563275		
1478193340.54		425.058641585		423.486946812		427.04134497		
1478226983.78		425.723905594		424.148319033		427.714785584		
1478260627.03		426.385291925		424.813779896		428.383942781		
1478294270.27		427.050201215		425.477181267		429.057612778		
1478327913.51		427.715229066		426.139393813		429.715431523		
1478361556.76		428.350134759		426.761999428		430.325336471		
1478395200.0		428.998091334		427.416130852		430.952590067		
1478428843.24		429.621651939		428.045994107		431.573068728		
1478462486.49		430.236809784		428.664755918		432.186657615		
1478496129.73		430.850807528		429.271753143		432.794122775		
1478529772.97		431.461242068		429.886650948		433.408068141		
1478563416.22		432.074380176		430.505040733		434.023039012		
1478597059.46		432.683102444		431.112370114		434.62387962		
1478630702.7		433.289239645		431.723615875		435.224198632		
1478664345.95		433.898019934		432.329415158		435.822733717		
1478697989.19		434.468744179		432.912240336		436.377630623		
1478731632.43		435.054623266		433.50188342		436.926387001		
1478765275.68		435.647128418		434.100636184		437.496626916		
1478798918.92		436.213001296		434.673586211		438.071722564		
1478832562.16		436.799526423		435.268861616		438.662913424		
1478866205.41		437.368728456		435.841325965		439.244540307		
1478899848.65		437.943434695		436.416378262		439.827958345		
1478933491.89		438.50932413		436.996119246		440.402640568		
1478967135.14		439.081898196		437.58810743		440.955655583		
1479000778.38		439.62899717		438.142629145		441.50644944		
1479034421.62		440.210493916		438.720030676		442.092646316		
1479068064.86		440.768423221		439.28007568		442.651147743		
1479101708.11		441.321568778		439.834424268		443.206721475		
1479135351.35		441.903183811		440.40778802		443.771049591		
1479168994.59		442.459013525		440.965835569		444.316831385		
1479202637.84		442.99938705		441.516540996		444.857596821		
1479236281.08		443.542736993		442.062514719		445.409582691		
1479269924.32		444.0954691		442.610923838		445.952162238		
1479303567.57		444.636207678		443.142829499		446.497688183		
1479337210.81		445.193363799		443.677994286		447.041416055		
1479370854.05		445.738726964		444.215138169		447.57944887		
1479404497.3		446.275056125		444.769494607		448.109400264		
1479438140.54		446.83219462		445.335429592		448.653426154		
1479471783.78		447.35936931		445.870595259		449.181906336		
1479505427.03		447.911599413		446.425883643		449.730571721		
1479539070.27		448.452264831		446.966674163		450.262834407		
1479572713.51		448.995935845		447.508718272		450.817867671		
1479606356.76		449.548135965		448.059626055		451.362184115		
1479640000.0		450.089989699		448.624112817		451.898613135		
1479673643.24		450.620555522		449.159110726		452.410329124		
1479707286.49		451.162250984		449.702416991		452.911857642		
1479740929.73		451.701059123		450.244759494		453.433890504		
1479774572.97		424.592846007		422.333155859		427.392962974		
1479808216.22		360.10977424		354.789360623		365.258863905		
1479841859.46		361.506251952		356.274086374		366.292240857		
1479875502.7		375.535602537		370.323471558		380.379071375		
1479909145.95		379.221942471		374.12671128		383.878700741		
1479942789.19		382.819239415		377.754078633		387.286834703		
1479976432.43		386.269118902		381.415992828		390.59547949		
1480010075.68		389.627475257		384.973735921		393.807108765		
1480043718.92		392.90588651		388.41501505		396.942679477		
1480077362.16		396.089025372		391.76060619		399.950528149		
1480111005.41		399.166326122		395.027513311		402.860291688		
1480144648.65		402.190018479		398.153425873		405.755963952		
1480178291.89		405.117495325		401.172182458		408.55733125		
1480211935.14		407.940692468		404.126332699		411.300531399		
1480245578.38		410.673644036		406.999563053		413.899006609		
1480279221.62		413.349877096		409.792992184		416.393540819		
1480312864.86		415.926635958		412.500451257		418.867161199		
1480346508.11		417.798400654		414.536174083		420.660685747		
1480380151.35		415.92262333		413.059679807		418.578071269		
1480413794.59		414.062248607		411.597370861		416.68005211		
1480447437.84		412.358602315		410.115831458		414.938128697		
1480481081.08		410.757801491		408.759984455		413.24607613		
1480514724.32		409.288828979		407.278092579		411.849378131		
1480548367.57		407.921212755		405.862711745		410.497776063		
1480582010.81		406.673612516		404.481922615		409.298223646		
1480615654.05		405.459267398		403.194231215		408.191164656		
1480649297.3		404.420577443		401.931809803		407.265094233		
1480682940.54		403.354403364		400.710881686		406.398764701		
1480716583.78		402.365113728		399.537182146		405.525614069		
1480750227.03		401.494741171		398.496841069		404.841314476		
1480783870.27		400.62177254		397.488912534		404.11954648		
1480817513.51		399.786559155		396.54976339		403.475309558		
1480851156.76		399.02594546		395.631407209		402.96206187		
1480884800.0		398.389613091		394.780077936		402.460086975		
1480918443.24		397.749808582		394.027361807		402.015311808		
1480952086.49		400.460532432		396.803283981		404.632515576		
1480985729.73		403.899957922		400.331572497		407.913778888		
1481019372.97		407.212995483		403.841510571		411.129383943		
1481053016.22		410.469742281		407.203505646		414.213438122		
1481086659.46		413.626871891		410.456561809		417.15380269		
1481120302.7		416.736846253		413.640848853		420.087137574		
1481153945.95		419.70656636		416.74356114		422.92790468		
1481187589.19		422.586006174		419.749602569		425.706232284		
1481221232.43		425.434010741		422.714541616		428.422385737		
1481254875.68		428.119524721		425.492234243		431.004942903		
1481288518.92		430.720106445		428.213915848		433.452346492		
1481322162.16		433.21918881		430.810910342		435.813996702		
1481355805.41		435.620186597		433.322336524		438.104515841		
1481389448.65		437.994291479		435.731542026		440.355975973		
1481423091.89		440.200401992		438.113602397		442.5659701		
1481456735.14		442.488702119		440.413057015		444.759214496		
1481490378.38		444.665086428		442.659547519		446.846558195		
1481524021.62		446.745829345		444.779741843		448.853372005		
1481557664.86		448.731755391		446.784247932		450.787857444		
1481591308.11		450.420103957		448.563805204		452.449812691		
1481624951.35		451.992726317		450.17781314		453.994847749		
1481658594.59		453.498884545		451.736340571		455.479734695		
1481692237.84		455.009464005		453.258014543		456.963402999		
1481725881.08		456.486241097		454.736638184		458.402297536		
1481759524.32		457.978812839		456.208993371		459.850418004		
1481793167.57		459.478190564		457.638053277		461.255705629		
1481826810.81		460.795831448		458.978405852		462.559092173		
1481860454.05		462.12657299		460.269629648		463.869361515		
1481894097.3		463.470702901		461.605181938		465.181101345		
1481927740.54		464.752482957		462.860440883		466.510772579		
1481961383.78		466.005091538		464.050717915		467.714009559		
1481995027.03		467.224031541		465.202963738		468.873667322		
1482028670.27		468.378079234		466.356508452		469.990991433		
1482062313.51		469.515476842		467.540883413		471.140113991		
1482095956.76		470.670440597		468.678114355		472.313779364		
1482129600.0		471.801581155		469.745617738		473.428640901		
1482163243.24		472.859093933		470.760284407		474.496442429		
1482196886.49		462.245656229		460.564091587		463.851155088		
1482230529.73		451.108969554		448.796959058		453.448807271		
1482264172.97		440.848964563		437.443243319		444.316488004		
1482297816.22		431.238301928		426.733809215		435.778698163		
1482331459.46		422.243547165		416.655200956		427.729025442		
1482365102.7		416.428026683		410.052473325		422.744684969		
1482398745.95		419.903944219		413.772375662		425.900892042		
1482432389.19		423.389103221		417.544626867		429.114944499		
1482466032.43		426.759307885		421.231363279		432.368594631		
1482499675.68		430.03489298		424.787405287		435.402002511		
1482533318.92		433.249068454		428.260402948		438.387980422		
1482566962.16		436.319118095		431.577271093		441.234792571		
1482600605.41		439.317654115		434.800000818		444.046992784		
1482634248.65		442.232369154		437.879027631		446.670119869		
1482667891.89		444.970564106		440.835413226		449.252687626		
1482701535.14		447.539260733		443.709228487		451.818458109		
1482735178.38		450.148969783		446.506525378		454.245323152		
1482768821.62		452.690939026		449.086894487		456.58335282		
1482802464.86		455.094232005		451.639142672		458.76638751		
1482836108.11		457.438525041		454.108653076		460.957031101		
1482869751.35		459.5651488		456.45773602		463.098121962		
1482903394.59		461.742560081		458.745609584		465.064054555		
1482937037.84		463.846071241		460.998115019		467.090197288		
1482970681.08		463.380711093		460.633044415		466.600832321		
1483004324.32		465.494196297		462.825824698		468.63907361		
1483037967.57		467.547613011		465.017181936		470.68608389		
1483071610.81		469.58456169		467.078033117		472.604224656		
1483105254.05		471.532247422		469.033026634		474.515641866		
1483138897.3		473.370570731		470.93847864		476.236879217		
1483172540.54		475.192715577		472.728579997		477.962564032		
1483206183.78		476.932525849		474.46164289		479.709932622		
1483239827.03		478.610139611		476.113290512		481.366419327		
1483273470.27		480.254322938		477.807889697		482.960334526		
1483307113.51		481.886640652		479.438660884		484.561140533		
1483340756.76		483.502775727		480.958021998		486.099787845		
1483374400.0		485.070259342		482.523617314		487.583466599		
1483408043.24		486.541943311		483.998245131		489.025457356		
1483441686.49		487.982568526		485.397627565		490.435336621		
1483475329.73		489.345770721		486.787504915		491.733005003		
1483508972.97		490.652730306		487.993382634		493.030573177		
1483542616.22		492.004751573		489.318488277		494.337133936		
1483576259.46		493.292841423		490.648265838		495.618546522		
1483609902.7		494.524470496		491.954104272		496.853949178		
1483643545.95		495.720171675		493.15388718		498.03402535		
1483677189.19		496.882025924		494.317559281		499.18692374		
1483710832.43		498.047557439		495.485506587		500.327126955		
1483744475.68		499.188824423		496.660024161		501.475423726		
1483778118.92		500.313018168		497.768741452		502.645773972		
1483811762.16		501.430568526		498.85051249		503.767382041		
1483845405.41		502.528411056		499.949194034		504.860117886		
1483879048.65		503.553776387		500.976691495		505.944370801		
1483912691.89		504.581492103		502.004787154		506.974349836		
1483946335.14		505.624954196		502.982627844		508.022087452		
1483979978.38		506.662012596		503.960896613		509.02549136		
1484013621.62		507.719457961		504.991399863		510.110898288		
1484047264.86		508.758274737		506.01419723		511.162832598		
1484080908.11		509.709278927		506.936972542		512.110187984		
1484114551.35		510.60206002		507.791309116		513.026543179		
1484148194.59		511.492367982		508.650062474		513.940524441		
1484181837.84		512.344347634		509.492856459		514.817448419		
1484215481.08		513.233029931		510.363895651		515.702924036		
1484249124.32		514.074146143		511.192059219		516.560505903		
1484282767.57		514.879571936		511.934693638		517.362438171		
1484316410.81		515.652526545		512.734568911		518.157399798		
1484350054.05		516.399272502		513.462288872		518.901339605		
1484383697.3		517.162737845		514.221381373		519.707126107		
1484417340.54		517.950935089		514.98977117		520.516898864		
1484450983.78		518.748522092		515.7547406		521.352478547		
1484484627.03		519.572562721		516.528064942		522.153971488		
1484518270.27		520.320938169		517.23343605		522.904063296		
1484551913.51		521.047573558		517.930702619		523.642077854		
1484585556.76		521.765679025		518.633170946		524.381098906		
1484619200.0		522.437373478		519.299063652		525.094479558		
1484652843.24		523.134682066		519.985606506		525.835642048		
1484686486.49		523.89223593		520.697667003		526.584713718		
1484720129.73		524.617374639		521.40930697		527.341667441		
1484753772.97		525.314960205		522.071610261		528.059748949		
1484787416.22		416.538062021		413.946478305		418.727061181		
1484821059.46		417.100489898		414.508134346		419.303819223		
1484854702.7		417.652624496		415.056666617		419.869821798		
1484888345.95		418.207416027		415.594257888		420.436977218		
1484921989.19		418.765399561		416.138216674		421.01568462		
1484955632.43		500.93609172		497.788181863		503.65523932		
1484989275.68		501.647988763		498.470036697		504.377209242		
1485022918.92		502.351459443		499.144808421		505.100589885		
1485056562.16		503.037084752		499.790281598		505.799666517		
1485090205.41		503.700583262		500.412759964		506.464181868		
1485123848.65		504.373680276		501.061075963		507.170674981		
1485157491.89		505.02846798		501.676336224		507.834008504		
1485191135.14		505.665504847		502.27060139		508.477433602		
1485224778.38		500.892385142		497.47139902		503.701703943		
1485258421.62		489.452495152		486.081803818		492.217819571		
1485292064.86		478.772210698		475.47557549		481.516334073		
1485325708.11		474.299059897		471.023497532		477.034238726		
1485359351.35		476.022129785		472.700016457		478.774520696		
1485392994.59		477.694520003		474.335830362		480.475478772		
1485426637.84		479.36747213		475.972540361		482.168133983		
1485460281.08		402.611154566		399.736306087		404.967834629		
1485493924.32		404.020987018		401.106878203		406.404671408		
1485527567.57		405.397575135		402.451219397		407.818153281		
1485561210.81		406.740672795		403.757448545		409.178578437		
1485594854.05		408.013558242		405.00572965		410.47010468		
1485628497.3		409.273474586		406.227188483		411.750505135		
1485662140.54		410.509138552		407.426308367		412.999694755		
1485695783.78		411.72416723		408.611239284		414.230060136		
1485729427.03		412.906132994		409.7617905		415.426520507		
1485763070.27		414.062440888		410.880610309		416.594806781		
1485796713.51		415.183204223		411.974356526		417.735197833		
1485830356.76		478.173988612		474.462635048		481.144765825		
1485864000.0		479.391538655		475.636749622		482.381930766		
1485897643.24		480.590540881		476.788099457		483.592717376		
1485931286.49		481.752415657		477.906933129		484.760168137		
1485964929.73		457.949703874		452.096361066		463.236114393		
1485998572.97		449.24142118		441.384967561		458.6723368		
1486032216.22		451.224267099		443.723022524		460.345289287		
1486065859.46		463.293858756		456.002578817		472.002857976		
1486099502.7		465.643769944		458.775802091		473.644038604		
1486133145.95		467.84429237		461.419806105		474.996827549		
1486166789.19		469.982442787		463.732489482		476.308397211		
1486200432.43		471.991425145		466.061162565		477.751772932		
1486234075.68		473.944007631		468.367582996		479.255792901		
1486267718.92		475.888479026		470.620819849		480.753440782		
1486301362.16		477.778806053		472.721776606		482.202327135		
1486335005.41		479.510157317		474.801845025		483.601636925		
1486368648.65		481.009431001		476.770593891		484.976987586		
1486402291.89		482.623537205		478.611751653		486.52388101		
1486435935.14		484.198098532		480.479137995		488.171616635		
1486469578.38		485.802831916		482.28437729		489.685658028		
1486503221.62		487.462929836		483.725984905		491.218539547		
1486536864.86		489.116800565		485.226074378		492.656073755		
1486570508.11		490.768558045		486.517500807		494.127205984		
1486604151.35		492.339667928		488.012957801		495.54740318		
1486637794.59		493.880678473		489.44514585		496.93437149		
1486671437.84		495.313008652		490.910426039		498.291746241		
1486705081.08		496.671280418		492.22968681		499.614724557		
1486738724.32		498.051973271		493.625051231		500.959113547		
1486772367.57		499.258820639		495.130346683		502.165616634		
1486806010.81		500.57527836		496.555603445		503.438496888		
1486839654.05		501.900642282		497.937442225		504.685081398		
1486873297.3		503.193166021		499.322821859		505.834365781		
1486906940.54		504.458704872		500.733026881		507.065979431		
1486940583.78		505.711825965		501.995004459		508.323013304		
1486974227.03		506.883853161		503.173611328		509.511461055		
1487007870.27		508.069852845		504.385001287		510.702508272		
1487041513.51		509.208423428		505.474313465		511.836285367		
1487075156.76		510.34333199		506.553615142		512.970055607		
1487108800.0		511.424949078		507.547184403		514.106924484		
1487142443.24		512.5648727		508.631439306		515.296743931		
1487176086.49		513.639351775		509.665556258		516.514383008		
1487209729.73		514.791758491		510.72636563		517.678344667		
1487243372.97		515.857890834		511.729508652		518.792706146		
1487277016.22		517.776041272		513.574215539		520.862073081		
1487310659.46		518.71430277		514.497181097		521.839303332		
1487344302.7		519.692551478		515.377317037		522.829947019		
1487377945.95		520.648649885		516.285891089		523.829770204		
1487411589.19		521.587206654		517.166318958		524.812658292		
1487445232.43		522.443580369		517.98925253		525.720621416		
1487478875.68		523.356123164		518.901770324		526.687801721		
1487512518.92		524.361334133		519.826674512		527.658456207		
1487546162.16		525.276739882		520.69981417		528.594320472		
1487579805.41		526.198615127		521.641095572		529.526101446		
1487613448.65		527.104997922		522.531065154		530.34883954		
1487647091.89		528.002688647		523.427254422		531.311495334		
1487680735.14		528.952390532		524.311520352		532.069164432		
1487714378.38		529.831963589		525.172459186		532.889490714		
1487748021.62		530.737922431		526.009821491		533.734464686		
1487781664.86		531.567414476		526.8039644		534.528152199		
1487815308.11		532.482379112		527.685889355		535.31851153		
1487848951.35		533.328219719		528.530798147		536.112878821		
1487882594.59		534.098805909		529.390671128		536.891731666		
1487916237.84		534.906907798		530.213940751		537.565240452		
1487949881.08		535.588790841		531.008698916		538.20633582		
1487983524.32		536.291009623		531.831423495		538.890672519		
1488017167.57		536.895427284		532.633225162		539.438517686		
1488050810.81		537.594034485		533.488049002		540.069939891		
1488084454.05		538.198983063		534.315914484		540.639267764		
1488118097.3		538.781421858		535.079829435		541.249846911		
1488151740.54		539.338341081		535.848431913		541.808013841		
1488185383.78		539.902319724		536.454173389		542.404450483		
1488219027.03		540.414326985		537.02031851		542.969544871		
1488252670.27		540.994144608		537.634154834		543.58787003		
1488286313.51		541.516801386		538.124946729		544.134846221		
1488319956.76		542.00756227		538.59783827		544.550377535		
1488353600.0		542.521359514		539.03525257		544.974481362		
1488387243.24		543.021417188		539.594560378		545.416948026		
1488420886.49		543.575796421		540.081575154		545.94628545		
1488454529.73		544.082143544		540.439521529		546.444897702		
1488488172.97		544.562733271		540.830549278		546.921335356		
1488521816.22		544.957839897		541.23126857		547.340605531		
1488555459.46		545.35897101		541.612764211		547.82631468		
1488589102.7		545.710720998		541.919279867		548.238424404		
1488622745.95		546.10735065		542.256382675		548.692589025		
1488656389.19		546.462307568		542.534488939		548.962961146		
1488690032.43		546.771418045		542.758229101		549.279001767		
1488723675.68		547.052557053		543.008899282		549.559496764		
1488757318.92		546.087884686		542.079900311		548.659505121		
1488790962.16		545.993325359		542.038763739		548.598524627		
1488824605.41		546.417229589		542.498476799		549.103671761		
1488858248.65		546.868340982		542.9173466		549.601240851		
1488891891.89		547.342538372		543.337991835		550.083614647		
1488925535.14		547.801880894		543.712506234		550.557829569		
1488959178.38		548.163029941		544.068619986		550.922884268		
1488992821.62		548.526461574		544.497005614		551.304774319		
1489026464.86		548.962174592		544.90695321		551.799895188		
1489060108.11		549.352656293		545.267460917		552.157773357		
1489093751.35		550.806722155		546.741490907		553.597957413		
1489127394.59		551.061419473		547.0435929		553.867584307		
1489161037.84		551.360865709		547.333272514		554.155776344		
1489194681.08		551.650388633		547.600153336		554.442013959		
1489228324.32		552.000507066		547.93207179		554.827629693		
1489261967.57		552.354522209		548.276503855		555.191358952		
1489295610.81		552.672020589		548.582302595		555.494754607		
1489329254.05		552.973067372		548.930334529		555.784942382		
1489362897.3		553.204914783		549.164641371		556.004324014		
1489396540.54		553.36855357		549.367321699		556.20688901		
1489430183.78		553.54669572		549.568906002		556.372300175		
1489463827.03		553.747556661		549.773507671		556.552664534		
1489497470.27		553.885914633		549.966836718		556.707691745		
1489531113.51		554.073433625		550.176923873		556.887111014		
1489564756.76		554.23015384		550.377669068		557.02707496		
1489598400.0		554.429252327		550.615054982		557.193227723		
1489632043.24		554.553822292		550.800629021		557.311589594		
1489665686.49		554.756863321		551.039145644		557.477825882		
1489699329.73		554.860191808		551.176543608		557.58322897		
1489732972.97		554.928689996		551.313647422		557.653706414		
1489766616.22		555.057373002		551.466806042		557.780168336		
1489800259.46		555.223195558		551.654528115		557.908370598		
1489833902.7		555.363237571		551.812427253		558.00464456		
1489867545.95		555.403437759		551.917762052		558.051463556		
1489901189.19		555.465485271		551.992890798		558.097667969		
1489934832.43		555.4722597		551.99238741		558.133328051		
1489968475.68		555.555266101		552.100394511		558.191214834		
1490002118.92		555.634413135		552.250187031		558.26011845		
1490035762.16		555.70034447		552.593079855		558.333817705		
1490069405.41		555.777633327		552.783568067		558.355998206		
1490103048.65		555.900185157		553.184493038		558.433098808		
1490136691.89		555.97943269		553.398062201		558.497214766		
1490170335.14		556.068044382		553.630796279		558.585997341		
1490203978.38		556.210051772		553.839434537		558.575837798		
1490237621.62		556.357137609		554.069191255		558.650176787		
1490271264.86		556.610518395		554.31990048		558.777821136		
1490304908.11		556.770333873		554.510675822		558.923825498		
1490338551.35		556.906058184		554.584500421		559.094745994		
1490372194.59		556.986890888		554.623255598		559.273765462		
1490405837.84		557.169457987		554.747172896		559.610212981		
1490439481.08		557.292630179		554.858385211		559.803693157		
1490473124.32		557.346792161		554.931294639		559.944481322		
1490506767.57		557.392981051		555.002501822		560.145031513		
1490540410.81		557.443755104		555.055673347		560.493966761		
1490574054.05		557.468346066		555.112775436		560.662686749		
1490607697.3		557.524510031		555.146212427		560.931055883		
1490641340.54		557.663641497		555.274429914		561.259582032		
1490674983.78		557.761012931		555.36001358		561.405538229		
1490708627.03		557.865692279		555.483126817		561.526292898		
1490742270.27		557.925534437		555.509312969		561.571384075		
1490775913.51		558.014140367		555.647491429		561.684285502		
1490809556.76		558.228417332		555.800324885		561.932950116		
1490843200.0		558.375878091		555.956593801		562.070869317		
1490876843.24		558.475016599		556.001400437		562.152089478		
1490910486.49		558.53004027		556.045658072		562.2425252		
1490944129.73		558.629408502		556.181516626		562.393774893		
1490977772.97		558.741497745		556.356162107		562.567551432		
1491011416.22		558.847909807		556.491935698		562.715601028		
1491045059.46		559.054815208		556.733584438		562.96673076		
1491078702.7		559.244991922		556.894855762		563.161780667		
1491112345.95		559.423466474		557.078228541		563.344657087		
1491145989.19		559.49549043		557.145482165		563.453061708		
1491179632.43		559.568771815		557.169626571		563.548615669		
1491213275.68		559.60061876		557.137248149		563.556904676		
1491246918.92		559.680575386		557.221129596		563.666821719		
1491280562.16		559.812479452		557.295687358		563.799546616		
1491314205.41		559.894594715		557.338784334		563.927832663		
1491347848.65		559.998959176		557.455214634		564.098484663		
1491381491.89		560.056009091		557.480244831		564.189697331		
1491415135.14		560.195476237		557.642009093		564.365315196		
1491448778.38		560.274122702		557.730235522		564.463861191		
1491482421.62		560.337442398		557.768560307		564.588823544		
1491516064.86		558.67580046		556.105923097		562.938141751		
1491549708.11		558.744222884		556.142366452		563.055581404		
1491583351.35		558.877615152		556.240707872		563.228156164		
1491616994.59		559.034034642		556.35833862		563.348103281		
1491650637.84		559.196983509		556.491310802		563.502849412		
1491684281.08		559.275151801		556.579087687		563.671613535		
1491717924.32		559.372980842		556.669984466		563.84126431		
1491751567.57		559.491832726		556.732019495		563.995413845		
1491785210.81		559.6055226		556.784209951		564.142398848		
1491818854.05		559.768350833		556.916966245		564.393688575		
1491852497.3		559.961871395		557.009297597		564.592272729		
1491886140.54		560.075762522		557.060562016		564.781258619		
1491919783.78		560.156848901		557.075237906		564.955149948		
1491953427.03		560.242417612		557.10241048		565.143314163		
1491987070.27		560.257670007		557.125205731		565.262255541		
1492020713.51		560.341253629		557.210702443		565.397684238		
1492054356.76		560.393193408		557.242327782		565.507809885		
1492088000.0		560.420848371		557.213205922		565.567567326		
1492121643.24		561.896555629		558.692245715		567.069003906		
1492155286.49		561.895477774		558.628827375		567.051915092		
1492188929.73		561.901861951		558.571139537		567.07208955		
1492222572.97		561.887854324		558.525770825		567.089261918		
1492256216.22		561.933565227		558.546119539		567.132173476		
1492289859.46		561.958905942		558.541316063		567.193044964		
1492323502.7		562.025511568		558.548598626		567.280013436		
1492357145.95		562.03423205		558.48592301		567.274236189		
1492390789.19		562.066750322		558.448703243		567.346073076		
1492424432.43		562.0827976		558.444914176		567.365036185		
1492458075.68		562.172548782		558.4888884		567.480451697		
1492491718.92		562.269035507		558.532483212		567.657263004		
1492525362.16		562.399213937		558.576302813		567.865183646		
1492559005.41		562.521248626		558.640257545		568.08450873		
1492592648.65		562.686054752		558.722903543		568.303746773		
1492626291.89		562.801947646		558.768153462		568.522908591		
1492659935.14		562.92546662		558.815702729		568.700048758		
1492693578.38		563.06341809		558.897077886		568.915426651		
1492727221.62		563.200976562		558.983483464		569.130748223		
1492760864.86		563.327614312		559.031833347		569.343027285		
1492794508.11		563.443896832		559.093341415		569.542693576		
1492828151.35		563.576413885		559.152792417		569.673611815		
1492861794.59		563.71047464		559.207222492		569.801483733		
1492895437.84		563.853336077		559.271308447		569.926256197		
1492929081.08		563.954102704		559.318351588		570.050874492		
1492962724.32		564.082366933		559.363451391		570.178385855		
1492996367.57		564.210385693		559.40942109		570.368690621		
1493030010.81		564.338173022		559.460434302		570.558813962		
1493063654.05		564.470047197		559.503399556		570.746762951		
1493097297.3		564.573361127		559.54824188		570.934620909		
1493130940.54		564.693757084		559.598137156		571.126076342		
1493164583.78		564.814216017		559.654062908		571.324577097		
1493198227.03		564.939097488		559.747248201		571.522273453		
1493231870.27		565.050189586		559.806206137		571.694051257		
1493265513.51		565.163115696		559.854789857		571.832240866		
1493299156.76		565.257439119		559.907763221		572.046117341		
1493332800.0		565.369872657		559.968383285		572.265766941		
1493366443.24		565.48202009		560.007338734		572.490446377		
1493400086.49		565.577802502		560.038659533		572.690665397		
1493433729.73		565.661617105		560.09624367		572.887999328		
1493467372.97		565.748063458		560.161550889		573.074285319		
1493501016.22		565.839981088		560.210331415		573.227557468		
1493534659.46		565.931877163		560.282691028		573.415953346		
1493568302.7		566.044161427		560.320987865		573.626273293		
1493601945.95		566.134577372		560.355215961		573.836625212		
1493635589.19		566.215305261		560.398146551		574.047015047		
1493669232.43		566.282868395		560.44286229		574.252740057		
1493702875.68		566.367096523		560.487467453		574.44283889		
1493736518.92		566.461814183		560.533173796		574.640429854		
1493770162.16		566.581760448		560.583617184		574.832801184		
1493803805.41		566.713043461		560.644831103		575.024796343		
1493837448.65		566.844543545		560.686868794		575.205091537		
1493871091.89		566.96836034		560.728845113		575.358610541		
1493904735.14		567.101842016		560.770763186		575.50873514		
1493938378.38		567.227082266		560.812434405		575.658882364		
1493972021.62		567.335156159		560.853485042		575.809054634		
1494005664.86		567.457396343		560.894493261		575.988878937		
1494039308.11		567.585126458		560.93546133		576.191367109		
1494072951.35		567.70038997		560.976053353		576.393944568		
1494106594.59		567.833113362		561.017285028		576.594723531		
1494140237.84		567.958981448		561.057376847		576.751860575		
1494173881.08		568.065051435		561.097748805		576.938753558		
1494207524.32		568.175630567		561.138242956		577.124943179		
1494241167.57		568.290312258		561.180536449		577.332989087		
1494274810.81		568.404998691		561.221276813		577.522057229		
1494308454.05		568.519692012		561.261991388		577.702955594		
1494342097.3		568.640589798		561.30268161		577.883915864		
1494375740.54		568.759968109		561.365022704		578.064940295		
1494409383.78		568.864736119		561.408324876		578.246031376		
1494443027.03		568.969513024		561.427239809		578.42719128		
1494476670.27		569.060295542		561.465225201		578.62015988		
1494510313.51		569.119084612		561.504945458		578.833696771		
1494543956.76		569.231113631		561.544384504		579.047366623		
1494577600.0		569.354213359		561.583804931		579.261170666		
1494611243.24		569.455112089		561.608794179		579.475110184		
1494644886.49		569.566084736		561.631601005		579.689186315		
1494678529.73		569.679919795		561.664174227		579.904500371		
1494712172.97		569.770627762		561.697934916		580.121810516		
1494745816.22		569.868874726		561.745054793		580.33926566		
1494779459.46		569.9834872		561.782552054		580.556866776		
1494813102.7		570.074284356		561.820033832		580.77461483		
1494846745.95		570.173679693		561.859850818		580.992510682		
1494880389.19		570.27755142		561.90019246		581.210555215		
1494914032.43		570.385062471		561.948940355		581.428749287		
1494947675.68		570.509985961		561.98506305		581.647093668		
1494981318.92		570.634944693		562.029187667		581.865589158		
1495014962.16		570.764532556		562.080460888		582.084236526		
1495048605.41		570.900755111		562.135969442		582.30165078		
1495082248.65		571.02399996		562.190946648		582.503485214		
1495115891.89		571.129281825		562.229878707		582.705446495		
1495149535.14		571.235509518		562.268135575		582.90753531		
1495183178.38		571.366759274		562.311431609		583.109752412		
1495216821.62		571.49171866		562.35553899		583.312098485		
1495250464.86		571.603470926		562.395933991		583.514574146		
1495284108.11		571.715254565		562.436326667		583.717180074		
1495317751.35		571.827070166		562.476717385		583.919916875		
1495351394.59		571.938918266		562.502511993		584.122785114		
1495385037.84		572.05079945		562.528796619		584.327568376		
1495418681.08		572.162714229		562.581739135		584.550879486		
1495452324.32		572.274663081		562.628160857		584.774354941		
1495485967.57		572.380565038		562.666081297		584.997995237		
1495519610.81		572.466568027		562.706401345		585.22180083		
1495553254.05		572.538128146		562.750067137		585.445772164		
1495586897.3		572.636624417		562.793734308		585.669909694		
1495620540.54		572.740427899		562.837403108		585.894213841		
1495654183.78		572.84426416		562.8805871		586.118685022		
1495687827.03		572.94007826		562.920976416		586.343323658		
1495721470.27		573.033413504		562.961367104		586.568130139		
1495755113.51		573.138672526		563.001759366		586.793104859		
1495788756.76		573.250075765		563.042153404		587.018248208		
1495822400.0		573.367443053		563.082549393		587.242651722		
1495856043.24		573.491147242		563.130103782		587.466965804		
1495889686.49		573.614901645		563.163499441		587.691447858		
1495923329.73		573.738706491		563.203750815		587.916098223		
1495956972.97		573.862562022		563.248344366		588.140917252		
1495990616.22		573.986468464		563.31005648		588.365905284		
1496024259.46		574.11042602		563.374781011		588.591062641		
1496057902.7		574.234434906		563.413864036		588.816389659		
1496091545.95		574.358495325		563.46608466		589.041886658		
1496125189.19		574.488662303		563.52256756		589.267553943		
1496158832.43		574.582064911		563.573864537		589.492660962		
1496192475.68		574.67531501		563.603894995		589.716143379		
1496226118.92		574.768595574		563.636911004		589.928708585		
1496259762.16		574.86712403		563.668572396		590.133422574		
1496293405.41		574.982000525		563.69991994		590.338158779		
1496327048.65		575.10852093		563.737122549		590.54143033		
1496360691.89		575.235095029		563.781552991		590.744839973		
1496394335.14		575.361722954		563.80786898		590.94838794		
1496427978.38		575.488404832		563.840328849		591.180850727		
1496461621.62		575.615140793		563.891722515		591.413778167		
1496495264.86		575.741930958		563.943736303		591.646888054		
1496528908.11		575.868775441		563.997422321		591.880180664		
1496562551.35		575.995674362		564.051117407		592.11365627		
1496596194.59		576.110044226		564.10482162		592.347315143		
1496629837.84		576.224310568		564.158535017		592.581871049		
1496663481.08		576.338621187		564.212257657		592.818665289		
1496697124.32		576.452976159		564.265989589		593.0556479		
1496730767.57		576.567375565		564.300043702		593.279568134		
1496764410.81		576.68181948		564.333078988		593.4976328		
1496798054.05		576.796307976		564.366117245		593.734181348		
1496831697.3		576.910841124		564.399158516		593.970917748		
1496865340.54		577.025418997		564.432250463		594.207842263		
1496898983.78		577.140041657		564.466956772		594.444955147		
1496932627.03		577.254709173		564.501666767		594.682256661		
1496966270.27		577.357639397		564.536380483		594.919747061		
1496999913.51		577.457421261		564.571097953		595.151045167		
1497033556.76		577.557237108		564.60581921		595.35777982		
1497067200.0		577.657086993		564.644218395		595.560948203		
