1463457600.0		5.65720101495		3.6847245833		11.9502565332		
1463491243.24		2.92702843024		2.8492412019		3.01772217404		
1463524886.49		2.93587190269		2.86254254275		2.98064860111		
1463558529.73		3.06616904848		2.9902547212		3.11295036673		
1463592172.97		3.18097932181		3.10386184752		3.23062634229		
1463625816.22		3.33376208219		3.25351980473		3.3859511233		
1463659459.46		3.49321905654		3.40958719868		3.54783322277		
1463693102.7		3.62638774886		3.53978414091		3.68276276923		
1463726745.95		3.80101298101		3.71048786443		3.86008757668		
1463760389.19		3.9452504573		3.85134334354		4.00640314132		
1463794032.43		4.13382570478		4.03551006594		4.19757466482		
1463827675.68		4.33093429103		4.22853140808		4.39694679123		
1463861318.92		4.50440439967		4.39814657677		4.57282923088		
1463894962.16		4.71874037025		4.60774964725		4.78952742897		
1463928605.41		4.94270808649		4.82724886647		5.01625514804		
1463962248.65		5.13944039443		5.02014289218		5.21550289803		
1463995891.89		5.38310795251		5.25918016415		5.46226245695		
1464029535.14		5.58154817097		5.45406576741		5.66315240682		
1464063178.38		5.75947664574		5.6288717641		5.84279788354		
1464096821.62		5.92526199728		5.79125392563		6.00993482445		
1464130464.86		6.12310714288		5.98579184177		6.2099286557		
1464164108.11		6.44229405762		6.29824672825		6.53361388856		
1464197751.35		6.71677135608		6.56721954223		6.81167898597		
1464231394.59		6.97662855092		6.82232740385		7.07555727024		
1464265037.84		7.2467043779		7.08727494778		7.34910724972		
1464298681.08		7.50105262899		7.33647707486		7.60667027137		
1464332324.32		7.81557386704		7.64381909353		7.92456613975		
1464365967.57		8.09638815056		7.91859251307		8.20882129805		
1464399610.81		8.4341282794		8.24939047711		8.55080133396		
1464433254.05		8.78519201352		8.59380009304		8.90586200947		
1464466897.3		9.09633642788		8.89985265635		9.22073425399		
1464500540.54		9.47346814573		9.26951594921		9.60228282298		
1464534183.78		9.82670350988		9.61586107366		9.95998093208		
1464567827.03		10.213718939		9.99485833449		10.3517213186		
1464601470.27		10.6342317886		10.4078204994		10.7774137553		
1464635113.51		10.9859752986		10.7535724183		11.1336340685		
1464668756.76		11.4370647064		11.1966808987		11.590449722		
1464702400.0		11.8656905594		11.617899206		12.0248733693		
1464736043.24		12.3206797974		12.0646701128		12.4859469754		
1464769686.49		12.8206559088		12.5558322183		12.9923593034		
1464803329.73		13.2392663632		12.966132867		13.4150415157		
1464836972.97		13.7729625235		13.490308829		13.9548307987		
1464870616.22		14.326404868		14.0356787378		14.5156403956		
1464904259.46		14.8171322859		14.5186354978		15.012956883		
1464937902.7		15.4085875732		15.101286276		15.6130535516		
1464971545.95		15.8841845463		15.5706394202		16.0953105466		
1465005189.19		16.498878562		16.1756831411		16.7179355856		
1465038832.43		17.1507309286		16.8171820108		17.3775023131		
1465072475.68		17.7568994565		17.4136939696		17.991143907		
1465106118.92		18.7704862146		18.410306417		19.0183210811		
1465139762.16		19.8382059967		19.4612478356		20.0991461175		
1465173405.41		20.9588070542		20.5652657623		21.2334992634		
1465207048.65		22.1310710124		21.7201071762		22.4195024525		
1465240691.89		23.357988617		22.9295128073		23.6606577327		
1465274335.14		24.5485196832		24.1040384884		24.8639770343		
1465307978.38		25.9246845842		25.4609968164		26.2537825671		
1465341621.62		27.3692994735		26.8861317829		27.7129999285		
1465375264.86		28.8804506399		28.3780625505		29.241969957		
1465408908.11		30.4566791319		29.9350545064		30.8380327326		
1465442551.35		32.0979617991		31.5573778323		32.4998263124		
1465476194.59		33.8122431508		33.2462541589		34.2310000857		
1465509837.84		35.5945883478		35.0092520007		36.0339864777		
1465543481.08		37.4546052603		36.8516948706		37.9150394961		
1465577124.32		39.3891655334		38.768338563		39.8721829689		
1465610767.57		41.3994389442		40.7629393264		41.9067044525		
1465644410.81		43.4917438969		42.8355182635		44.0263007157		
1465678054.05		45.6617065073		44.9909311638		46.2260378566		
1465711697.3		47.9191701606		47.2310441365		48.5073095981		
1465745340.54		50.2613077523		49.5558781998		50.87349702		
1465778983.78		52.6889851376		51.9641053663		53.3372782133		
1465812627.03		55.2015237776		54.4565256849		55.8725735366		
1465846270.27		57.8227082228		57.0636967068		58.5238446901		
1465879913.51		60.4502981837		59.6770941626		61.1785777633		
1465913556.76		63.1442279633		62.3530384814		63.9083240024		
1465947200.0		44.8388185385		43.6438922482		46.1606114319		
1465980843.24		34.4902497906		33.4409085919		35.4772259629		
1466014486.49		34.8967525996		33.7756601555		35.8724554695		
1466048129.73		35.5543447299		34.4426698164		36.5459619062		
1466081772.97		36.2488978674		35.1223590216		37.248263559		
1466115416.22		36.9505048714		35.8055353991		37.9575435998		
1466149059.46		37.6487454324		36.4936335651		38.6717702007		
1466182702.7		38.358541872		37.1915320266		39.396694765		
1466216345.95		39.0806272755		37.9038798711		40.1242892286		
1466249989.19		39.8081873213		38.622048988		40.8584236693		
1466283632.43		40.5404813126		39.3396877592		41.5936705656		
1466317275.68		41.270895568		40.0627607076		42.3443411678		
1466350918.92		42.0058930167		40.7934550275		43.1011534846		
1466384562.16		42.746518616		41.5250353204		43.8522740461		
1466418205.41		43.4929351811		42.2673074877		44.6050539102		
1466451848.65		44.255837477		43.0194137872		45.3671259012		
1466485491.89		45.0222428532		43.777565844		46.1362545363		
1466519135.14		45.7989840291		44.5455179742		46.91411497		
1466552778.38		47.3712921952		46.0803122986		48.5058980472		
1466586421.62		49.6094580984		48.2648893863		50.7890630773		
1466620064.86		51.9383818935		50.5259894556		53.1606971778		
1466653708.11		54.3502240977		52.8685522361		55.6126237436		
1466687351.35		56.8306758716		55.3043551995		58.1418430462		
1466720994.59		59.4010700071		57.8164924459		60.757612111		
1466754637.84		62.0473034574		60.3964353268		63.4469603705		
1466788281.08		64.7918993079		63.0624356327		66.2308171644		
1466821924.32		67.5943004355		65.816601198		69.0864071989		
1466855567.57		70.499134502		68.6626165455		72.0332016126		
1466889210.81		73.4817327433		71.5657620881		75.0632155528		
1466922854.05		76.5291283405		74.5531539352		78.1427755357		
1466956497.3		79.6622637494		77.628599099		81.3214919464		
1466990140.54		82.8807933285		80.7841669068		84.5805309986		
1467023783.78		86.1527028806		84.0113705154		87.920660813		
1467057427.03		89.5144664447		87.3192760984		91.2950663252		
1467091070.27		92.9327780585		90.6953798568		94.7706787321		
1467124713.51		96.4253981553		94.1337965239		98.299685655		
1467158356.76		99.9522696431		97.6033380784		101.878324539		
1467192000.0		103.523054462		101.163344542		105.525988954		
1467225643.24		107.194062952		104.820517015		109.246731667		
1467259286.49		110.893874528		108.4954041		113.009719453		
1467292929.73		107.239920668		104.955721689		109.284018021		
1467326572.97		110.770751176		108.443772844		112.859386303		
1467360216.22		122.12913184		119.619463674		124.450221639		
1467393859.46		125.956394197		123.381819417		128.344563221		
1467427502.7		129.832713013		127.243890936		132.289160411		
1467461145.95		133.666511507		131.075237974		136.192787983		
1467494789.19		137.549383362		134.923002335		140.116246252		
1467528432.43		141.399902636		138.749229974		144.027442654		
1467562075.68		145.268591565		142.610045153		147.925342869		
1467595718.92		149.170344914		146.501492041		151.830544344		
1467629362.16		153.026433477		150.328019177		155.745017321		
1467663005.41		156.89470048		154.112460515		159.583798536		
1467696648.65		160.696521414		157.852317463		163.430841519		
1467730291.89		164.472684925		161.588349156		167.231962694		
1467763935.14		168.219586064		165.33984253		171.019539513		
1467797578.38		171.907441746		168.992269655		174.663645136		
1467831221.62		175.565004696		172.618604071		178.324587855		
1467864864.86		179.140289227		176.173756446		181.94325529		
1467898508.11		182.703467611		179.671070639		185.515549793		
1467932151.35		186.67766974		183.608211756		189.499813821		
1467965794.59		189.741971468		186.568850042		192.56981586		
1467999437.84		193.109687012		189.879114529		195.988614389		
1468033081.08		196.40116605		193.104776025		199.292754804		
1468066724.32		199.624006546		196.273505928		202.60328502		
1468100367.57		202.829301599		199.39684203		205.783841741		
1468134010.81		205.929548838		202.393179874		208.896528057		
1468167654.05		208.981830004		205.345847855		211.971655293		
1468201297.3		211.944844089		208.219483567		214.951578586		
1468234940.54		214.807789785		211.056229064		217.814975513		
1468268583.78		217.615098535		213.764282568		220.615850779		
1468302227.03		220.426323155		216.476162755		223.41028353		
1468335870.27		223.107944072		219.118357925		226.074267287		
1468369513.51		225.741431643		221.684602727		228.658298007		
1468403156.76		228.262109191		224.168980363		231.160015995		
1468436800.0		230.689899929		226.522272473		233.573804768		
1468470443.24		249.473186091		244.946068802		252.562629788		
1468504086.49		251.863004081		247.260657346		254.958207799		
1468537729.73		254.136395482		249.449681698		257.235887898		
1468571372.97		256.37823826		251.628245552		259.536104411		
1468605016.22		178.416959496		172.839149611		185.137737477		
1468638659.46		138.546130814		133.864217153		145.55861816		
1468672302.7		140.014479597		135.635834734		146.278483804		
1468705945.95		144.029111151		139.6829764		150.002115284		
1468739589.19		148.18536443		143.855309527		154.050291621		
1468773232.43		152.431183488		148.093845112		158.224347881		
1468806875.68		156.647786675		152.318309732		162.411042147		
1468840518.92		160.853019515		156.531514268		166.481712591		
1468874162.16		165.025160215		160.713326254		170.555576987		
1468907805.41		169.208264076		164.909874748		174.575748807		
1468941448.65		173.387463398		169.105642212		178.642799672		
1468975091.89		175.583303703		171.377473814		180.665740563		
1469008735.14		179.786579244		175.629820125		184.67678173		
1469042378.38		183.857054385		179.752356166		188.564513874		
1469076021.62		187.98190477		183.930367711		192.503246961		
1469109664.86		192.00686382		187.987409463		196.388539907		
1469143308.11		195.97337355		192.051005649		200.14506131		
1469176951.35		199.898634279		196.111197658		203.924981363		
1469210594.59		183.2699092		179.96231195		186.709128685		
1469244237.84		186.514372077		183.302944493		189.774639205		
1469277881.08		189.630269903		186.539120715		192.661629557		
1469311524.32		192.719177935		189.653718585		195.502438546		
1469345167.57		195.706274344		192.798039681		198.320539011		
1469378810.81		198.574812845		195.85245783		201.055868701		
1469412454.05		201.401766263		198.82870627		203.699222979		
1469446097.3		204.135050322		201.65779157		206.450857657		
1469479740.54		206.802017005		204.43053038		209.107959279		
1469513383.78		209.41340997		207.094174469		211.671092961		
1469547027.03		202.711944019		200.631354296		204.895370368		
1469580670.27		205.099983086		203.106923514		207.26700137		
1469614313.51		207.415755514		205.48433671		209.492745355		
1469647956.76		209.622023117		207.796803982		211.691931893		
1469681600.0		211.811785679		210.018050499		213.827673704		
1469715243.24		213.938016102		212.115799183		215.880474805		
1469748886.49		220.997553595		219.204353241		222.980874224		
1469782529.73		223.001559581		221.264283898		224.978796572		
1469816172.97		225.012844865		223.255651894		226.97152865		
1469849816.22		240.917185369		238.89381504		242.976634173		
1469883459.46		242.8752527		240.793506419		244.960017283		
1469917102.7		244.7578312		242.628465818		246.839150834		
1469950745.95		246.553907222		244.427170763		248.641446498		
1469984389.19		248.339124172		246.099506973		250.486115259		
1470018032.43		250.010151926		247.649756401		252.166508285		
1470051675.68		251.631637725		249.222698188		253.864637434		
1470085318.92		237.883711841		235.523356093		240.013598215		
1470118962.16		254.816272073		252.178255954		257.119479187		
1470152605.41		256.218096307		253.525379553		258.521728376		
1470186248.65		239.533678104		236.978397912		241.701620536		
1470219891.89		240.989130362		238.429492739		243.188393807		
1470253535.14		242.394394882		239.760717132		244.607891234		
1470287178.38		243.778037485		241.092511559		245.956413		
1470320821.62		245.089655354		242.358129578		247.235363369		
1470354464.86		245.835053226		242.990174313		247.998215609		
1470388108.11		247.349948129		244.417680679		249.487972446		
1470421751.35		248.643153512		245.655438221		250.773525259		
1470455394.59		249.793930531		246.802268576		251.949685116		
1470489037.84		250.914583169		247.887216096		253.065030614		
1470522681.08		249.232879511		246.208502304		251.397140566		
1470556324.32		250.306828981		247.280326232		252.49478466		
1470589967.57		251.399445049		248.320553816		253.621816995		
1470623610.81		252.461474596		249.339883891		254.697794805		
1470657254.05		253.503032444		250.358983747		255.766275592		
1470690897.3		254.518041194		251.349809541		256.777646362		
1470724540.54		274.864121509		271.444118882		277.307502619		
1470758183.78		257.464940794		254.226507869		259.753356999		
1470791827.03		276.720619446		273.248773754		279.190852473		
1470825470.27		276.872229355		273.42134743		279.386472855		
1470859113.51		276.931460732		273.462255175		279.488780557		
1470892756.76		276.985047951		273.462348114		279.509910741		
1470926400.0		277.032273779		273.469012729		279.532492187		
1470960043.24		277.316314855		273.727454147		279.747313097		
1470993686.49		277.664732153		274.18955709		280.085910743		
1471027329.73		277.917620098		274.518600036		280.307867293		
1471060972.97		278.280554695		274.864783242		280.670111889		
1471094616.22		278.610726843		275.208296084		280.884104957		
1471128259.46		278.997651137		275.585033274		281.184414817		
1471161902.7		279.366389047		275.955400737		281.47728439		
1471195545.95		279.673695044		276.290176585		281.776897529		
1471229189.19		279.974762905		276.663193408		282.070241426		
1471262832.43		280.218864082		276.985272955		282.366817047		
1471296475.68		280.567838728		277.331045184		282.6596213		
1471330118.92		280.918534636		277.704192314		283.057261459		
1471363762.16		281.139706392		277.9154422		283.303868236		
1471397405.41		281.417698123		278.236041825		283.597071114		
1471431048.65		281.623223581		278.520406297		283.851362241		
1471464691.89		281.959751757		278.874850922		284.17443822		
1471498335.14		282.286962761		279.240400271		284.515656399		
1471531978.38		282.536414452		279.535554803		284.800374957		
1471565621.62		282.862002531		279.861486099		285.120343649		
1471599264.86		283.149265117		280.156582825		285.437002025		
1471632908.11		283.417738584		280.451156552		285.722384915		
1471666551.35		283.666602855		280.716789816		285.948582616		
1471700194.59		283.902163587		280.997960763		286.215147584		
1471733837.84		284.114866638		281.219447675		286.493564218		
1471767481.08		284.347330729		281.495687291		286.728649468		
1471801124.32		284.583453068		281.747193523		286.994174372		
1471834767.57		284.887892777		282.063849926		287.313662306		
1471868410.81		285.021135544		282.203226002		287.466413963		
1471902054.05		283.822982491		281.01195995		286.14125248		
1471935697.3		274.739223022		272.038510983		276.828422242		
1471969340.54		266.481724659		263.852806743		268.30005651		
1472002983.78		258.777263071		256.244010219		260.421479815		
1472036627.03		251.515708797		249.045849435		253.134428358		
1472070270.27		236.260160449		233.820179727		237.905165071		
1472103913.51		238.800951494		236.459451444		240.481207144		
1472137556.76		214.954926727		212.883120783		216.48375344		
1472171200.0		228.263172272		226.137212179		229.898136022		
1472204843.24		223.364619765		221.382998459		225.011912635		
1472238486.49		218.740115091		216.876293618		220.314268286		
1472272129.73		214.340630421		212.494589856		215.939256618		
1472305772.97		210.139212232		208.345850512		211.753681493		
1472339416.22		206.126365852		204.387559585		207.71949991		
1472373059.46		202.339819618		200.647325687		203.883408581		
1472406702.7		198.74517825		197.047494267		200.194356905		
1472440345.95		195.260799432		193.610110619		196.670105541		
1472473989.19		191.902021638		190.270687059		193.328585169		
1472507632.43		188.686683202		187.07471832		190.12701819		
1472541275.68		185.588038474		184.027355688		187.03827628		
1472574918.92		182.677976844		181.121881648		184.062205225		
1472608562.16		179.834962437		178.256936751		181.203741089		
1472642205.41		177.067038336		175.557901324		178.470029285		
1472675848.65		174.427130336		172.947523066		175.845729239		
1472709491.89		171.875528129		170.470524255		173.291275753		
1472743135.14		169.435287944		168.021025648		170.843461232		
1472776778.38		167.122876517		165.622542177		168.449032005		
1472810421.62		164.796387665		163.244055638		166.093292437		
1472844064.86		163.136665259		161.583903513		164.408267029		
1472877708.11		167.24603238		165.67695151		168.501995715		
1472911351.35		171.181255192		169.605357112		172.442900089		
1472944994.59		175.127431751		173.519978856		176.371790242		
1472978637.84		179.085542769		177.453559326		180.331436003		
1473012281.08		182.998573515		181.368354821		184.234903675		
1473045924.32		186.858419923		185.226819503		188.103305582		
1473079567.57		190.713767819		189.071966812		191.962083432		
1473113210.81		194.784617483		193.135981147		196.009847153		
1473146854.05		198.505340554		196.865034657		199.735907574		
1473180497.3		202.335024521		200.684123217		203.571991908		
1473214140.54		206.0851751		204.425431345		207.334586883		
1473247783.78		209.821509921		208.162768845		211.076882874		
1473281427.03		213.496066089		211.866201665		214.752996614		
1473315070.27		217.135342793		215.500808133		218.38716404		
1473348713.51		220.697383296		219.052661654		221.968215003		
1473382356.76		224.026235763		222.407938104		225.28639534		
1473416000.0		227.588616546		225.97092253		228.881543379		
1473449643.24		230.968390151		229.361010472		232.253999328		
1473483286.49		234.308522089		232.680068687		235.597863727		
1473516929.73		237.612389527		235.977833877		238.8869871		
1473550572.97		240.831217745		239.222009405		242.124751904		
1473584216.22		243.989234233		242.362042555		245.293605317		
1473617859.46		247.088501455		245.483615114		248.394963845		
1473651502.7		250.131267673		248.532240906		251.446720647		
1473685145.95		253.145925047		251.524049226		254.456814979		
1473718789.19		256.095603615		254.458360689		257.392355351		
1473752432.43		258.980446442		257.360234759		260.286325322		
1473786075.68		261.809130797		260.189750819		263.117499249		
1473819718.92		264.945806106		263.361810649		266.220520933		
1473853362.16		267.719622061		266.175634291		268.996399191		
1473887005.41		270.363837919		268.800650913		271.625569128		
1473920648.65		272.586701434		270.990167169		273.897358711		
1473954291.89		275.121614806		273.533046588		276.419315228		
1473987935.14		277.618156287		276.014355719		278.93027057		
1474021578.38		280.031132411		278.450412529		281.362037224		
1474055221.62		282.385906888		280.776670372		283.724762523		
1474088864.86		275.833714043		274.266990194		277.133684459		
1474122508.11		278.012294655		276.447553277		279.315288264		
1474156151.35		280.183788226		278.616447998		281.458456932		
1474189794.59		282.309661849		280.732654237		283.60307511		
1474223437.84		284.35046456		282.754310637		285.662596399		
1474257081.08		286.339689816		284.72615311		287.668612626		
1474290724.32		288.286933319		286.651584641		289.609895385		
1474324367.57		290.191802138		288.530701181		291.530996636		
1474358010.81		292.011200654		290.378635561		293.383563547		
1474391654.05		291.787182503		290.185310808		293.17329716		
1474425297.3		293.559270767		291.938810693		294.950481575		
1474458940.54		295.285004652		293.686939112		296.708295444		
1474492583.78		297.008950399		295.395092623		298.449751525		
1474526227.03		297.502700714		295.906344322		298.975703602		
1474559870.27		299.485202005		297.876101534		300.979649697		
1474593513.51		301.448875029		299.836046589		302.962819657		
1474627156.76		303.294288651		301.66019762		304.821618007		
1474660800.0		300.36966545		298.760822967		301.899240752		
1474694443.24		301.998170002		300.408927618		303.552680699		
1474728086.49		303.519764171		301.929299195		305.095621216		
1474761729.73		304.980748887		303.393253966		306.585374874		
1474795372.97		306.376021137		304.80757326		308.00859438		
1474829016.22		307.76113488		306.180099303		309.412597013		
1474862659.46		309.095491907		307.508621858		310.764979764		
1474896302.7		310.371530936		308.790335151		312.073970269		
1474929945.95		311.588350634		310.037090063		313.32708988		
1474963589.19		312.77203147		311.245704525		314.546944808		
1474997232.43		313.953214727		312.435754234		315.771797193		
1475030875.68		315.095571381		313.582043585		316.952767346		
1475064518.92		316.20276392		314.696768713		318.087131743		
1475098162.16		317.454362955		315.919527679		319.354594167		
1475131805.41		318.683267818		317.170355668		320.631172841		
1475165448.65		319.876632253		318.393049476		321.873956441		
1475199091.89		314.293382486		312.964075661		316.125130862		
1475232735.14		303.813511448		302.682401461		305.312937029		
1475266378.38		293.858998164		292.771401486		295.083559916		
1475300021.62		275.025987428		273.997024263		276.073328352		
1475333664.86		275.729791001		274.612743937		276.814806562		
1475367308.11		269.765200429		268.512749623		270.862844568		
1475400951.35		266.86635157		265.478165724		268.077025844		
1475434594.59		264.45150669		262.879206338		265.829414664		
1475468237.84		262.107211289		260.408815164		263.646649187		
1475501881.08		259.867240312		258.037844314		261.608256669		
1475535524.32		254.750090469		252.767454045		256.63006358		
1475569167.57		252.750785768		250.633715172		254.813092035		
1475602810.81		251.079280434		248.842602611		253.356157172		
1475636454.05		249.214767447		246.770929187		251.634574688		
1475670097.3		248.623414589		246.020320714		251.196756198		
1475703740.54		252.323334481		249.712375674		254.896050434		
1475737383.78		258.148604083		255.594100191		260.649360562		
1475771027.03		264.080156126		261.539949957		266.550275258		
1475804670.27		269.852160801		267.390004546		272.307207141		
1475838313.51		275.574536918		273.195737285		277.991429612		
1475871956.76		281.121931096		278.794411337		283.462825666		
1475905600.0		286.018918368		283.710323843		288.272878381		
1475939243.24		290.834513595		288.584037749		292.999973695		
1475972886.49		295.610257089		293.404092332		297.676524647		
1476006529.73		300.241482204		298.08678267		302.229807601		
1476040172.97		304.751934819		302.650484529		306.726363949		
1476073816.22		309.174401633		307.118767233		311.095512677		
1476107459.46		313.512895236		311.463127804		315.392259265		
1476141102.7		317.757923346		315.739689711		319.553533587		
1476174745.95		321.936755651		319.954065681		323.657884957		
1476208389.19		325.919800902		323.984870854		327.574227181		
1476242032.43		329.858912477		328.002600998		331.455715903		
1476275675.68		333.6580097		331.876880612		335.253789854		
1476309318.92		337.363562515		335.622663065		338.918374993		
1476342962.16		340.217778336		338.549414689		341.773961213		
1476376605.41		343.094299909		341.507843786		344.650391131		
1476410248.65		346.278364723		344.721530816		347.76688735		
1476443891.89		349.331714292		347.804078258		350.792756679		
1476477535.14		352.147374267		350.691097445		353.570368987		
1476511178.38		355.363534875		353.898878307		356.770635023		
1476544821.62		358.441092209		357.033178206		359.893628053		
1476578464.86		361.438426303		360.067598794		362.890888255		
1476612108.11		364.347710173		362.998422771		365.784971009		
1476645751.35		367.182767232		365.84734069		368.567955629		
1476679394.59		369.897740201		368.577664765		371.314824133		
1476713037.84		372.533119528		371.264099663		373.974890558		
1476746681.08		375.073960352		373.835285984		376.551613301		
1476780324.32		377.54665942		376.296659672		379.01391624		
1476813967.57		379.884825149		378.642569215		381.38790362		
1476847610.81		382.170279079		380.952941233		383.716360049		
1476881254.05		384.355507695		383.161519742		385.960976523		
1476914897.3		386.482850624		385.300379455		388.133543731		
1476948540.54		388.498421923		387.312390114		390.186921685		
1476982183.78		390.370223753		389.207377742		392.110360328		
1477015827.03		391.912521491		390.76820745		393.732548827		
1477049470.27		393.417760849		392.29171563		395.279841889		
1477083113.51		394.893001304		393.760859351		396.777623013		
1477116756.76		396.320999008		395.18718726		398.247948316		
1477150400.0		397.682994224		396.567852873		399.668685296		
1477184043.24		399.01430761		397.89111956		401.057525462		
1477217686.49		400.295456978		399.209701543		402.395722842		
1477251329.73		401.572013926		400.469928559		403.676367923		
1477284972.97		402.784213704		401.700801585		404.934391976		
1477318616.22		403.943784596		402.883643763		406.159071721		
1477352259.46		405.088599194		404.001260106		407.328326415		
1477385902.7		406.189343106		405.114590971		408.459970501		
1477419545.95		407.245984506		406.184693034		409.553455708		
1477453189.19		408.292269096		407.23141024		410.64017372		
1477486832.43		409.327003949		408.253079366		411.69571727		
1477520475.68		410.331901577		409.274340394		412.713633868		
1477554118.92		411.279866018		410.241284488		413.685963601		
1477587762.16		412.07597734		411.039098845		414.475160709		
1477621405.41		413.116506653		412.063435366		415.553996857		
1477655048.65		414.033635806		412.983755173		416.492919216		
1477688691.89		414.866014705		413.816590914		417.342011682		
1477722335.14		415.689277211		414.683910863		418.225027471		
1477755978.38		416.531730838		415.526817371		419.093913698		
1477789621.62		417.351746867		416.356766326		419.957874867		
1477823264.86		418.146134125		417.161221236		420.799612722		
1477856908.11		418.925947455		417.931267724		421.607754129		
1477890551.35		419.700058367		418.702320836		422.409124459		
1477924194.59		420.423621665		419.436103862		423.152817062		
1477957837.84		421.163136907		420.178393768		423.904795872		
1477991481.08		421.896847679		420.911537847		424.645299152		
1478025124.32		422.608565849		421.620784546		425.362302955		
1478058767.57		423.313557549		422.327307111		426.08237258		
1478092410.81		423.977209366		422.987989085		426.747305871		
1478126054.05		424.656807709		423.662108579		427.434903218		
1478159697.3		425.288965517		424.286871904		428.060106823		
1478193340.54		425.983125207		424.970683714		428.75978399		
1478226983.78		426.621865574		425.604368078		429.414479228		
1478260627.03		427.254506058		426.239136603		430.058639101		
1478294270.27		427.891784417		426.875183319		430.696512982		
1478327913.51		428.525993073		427.497476637		431.338677709		
1478361556.76		429.122700376		428.090308584		431.939963842		
1478395200.0		429.737458291		428.705376855		432.564291838		
1478428843.24		430.319058771		429.295663769		433.158945466		
1478462486.49		430.897535369		429.878249898		433.740005675		
1478496129.73		431.478416626		430.454749568		434.316201127		
1478529772.97		432.061568002		431.04142157		434.902269564		
1478563416.22		432.652547337		431.632136264		435.488281475		
1478597059.46		433.22815435		432.206648828		436.061044362		
1478630702.7		433.795257586		432.779333828		436.632535891		
1478664345.95		434.366722674		433.347879862		437.210630758		
1478697989.19		434.91723595		433.895262608		437.754633509		
1478731632.43		435.474139983		434.448544257		438.302964805		
1478765275.68		436.040341064		435.011232443		438.866268116		
1478798918.92		436.585683149		435.554392887		439.395729146		
1478832562.16		437.144978446		436.120146342		439.945014799		
1478866205.41		437.679247029		436.665006188		440.471722278		
1478899848.65		438.215495791		437.20758223		441.011254586		
1478933491.89		438.758568879		437.75459231		441.54437615		
1478967135.14		439.304184951		438.304965015		442.08026951		
1479000778.38		439.822830044		438.833888083		442.59038391		
1479034421.62		440.372393954		439.381177335		443.141843422		
1479068064.86		440.903759072		439.904875174		443.65589753		
1479101708.11		441.427908221		440.427761719		444.162857722		
1479135351.35		441.964040819		440.973095889		444.68862175		
1479168994.59		442.486754637		441.496930006		445.193930252		
1479202637.84		443.00182197		442.011658061		445.69381649		
1479236281.08		443.531884389		442.536031685		446.201745924		
1479269924.32		444.042620538		443.047438199		446.693605845		
1479303567.57		444.55833626		443.567020885		447.186680541		
1479337210.81		445.071803666		444.088281813		447.686153356		
1479370854.05		445.587247816		444.609292979		448.18514848		
1479404497.3		446.102449603		445.122337677		448.681467272		
1479438140.54		446.632601921		445.655225143		449.193753015		
1479471783.78		447.135425211		446.163629318		449.677669333		
1479505427.03		447.66078417		446.699867227		450.186174832		
1479539070.27		448.177399465		447.218079189		450.672430413		
1479572713.51		448.694870064		447.737655584		451.160782766		
1479606356.76		449.218976472		448.26194466		451.655595274		
1479640000.0		449.724278543		448.775403586		452.144599744		
1479673643.24		450.224418394		449.277479586		452.615654575		
1479707286.49		450.724976902		449.787038891		453.102165782		
1479740929.73		451.232880117		450.305309984		453.588787965		
1479774572.97		426.036975116		424.82335572		427.412220764		
1479808216.22		365.757258373		364.513745235		367.173937855		
1479841859.46		367.029820518		365.902180823		368.400853045		
1479875502.7		381.120051451		379.967883593		382.513881273		
1479909145.95		384.579628998		383.461669275		385.92722996		
1479942789.19		387.948724969		386.840352206		389.219836374		
1479976432.43		391.212406234		390.132957014		392.440660093		
1480010075.68		394.404002084		393.343635701		395.58982173		
1480043718.92		397.488332155		396.456756225		398.623400659		
1480077362.16		400.475733865		399.475914209		401.587305557		
1480111005.41		403.377827946		402.401172447		404.448869834		
1480144648.65		406.084295749		405.139253182		407.134372687		
1480178291.89		405.252046579		404.365981634		406.209108463		
1480211935.14		404.410441616		403.567730698		405.306408188		
1480245578.38		403.619607406		402.83722586		404.408361331		
1480279221.62		402.898148404		402.163339089		403.656795148		
1480312864.86		402.241407898		401.51360511		402.916242374		
1480346508.11		401.600895311		400.905775515		402.238579323		
1480380151.35		400.995507724		400.333446854		401.633251456		
1480413794.59		400.45277515		399.814691714		401.049579072		
1480447437.84		399.949660721		399.308671297		400.551193306		
1480481081.08		399.494609298		398.825906663		400.116665123		
1480514724.32		399.083491953		398.414111582		399.730125534		
1480548367.57		398.712407579		398.036731724		399.369589467		
1480582010.81		398.383057357		397.699315909		399.078620044		
1480615654.05		398.077762112		397.393583351		398.795794571		
1480649297.3		397.790202815		397.106993377		398.555079596		
1480682940.54		397.544835323		396.823815316		398.339387694		
1480716583.78		397.312117774		396.577122942		398.122789829		
1480750227.03		397.147333953		396.368461034		397.997876874		
1480783870.27		396.97561078		396.17905724		397.87424871		
1480817513.51		396.845604031		396.038222271		397.785495885		
1480851156.76		396.748843702		395.888525226		397.705061053		
1480884800.0		396.67021291		395.776061174		397.665786921		
1480918443.24		396.611773274		395.713439083		397.661614841		
1480952086.49		399.402679309		398.516186886		400.428491479		
1480985729.73		402.830030675		401.968494696		403.800951811		
1481019372.97		406.166792693		405.313324597		407.0835561		
1481053016.22		409.388057667		408.557006246		410.271359952		
1481086659.46		412.481521747		411.681556062		413.333283573		
1481120302.7		415.50926444		414.722495293		416.319107162		
1481153945.95		418.456008213		417.68039415		419.225391759		
1481187589.19		421.320661094		420.567363369		422.04318816		
1481221232.43		424.120972934		423.39224638		424.818155021		
1481254875.68		426.766082966		426.054118975		427.435971625		
1481288518.92		429.309839823		428.626346518		429.956005082		
1481322162.16		431.77042391		431.104634258		432.383266937		
1481355805.41		434.155193125		433.510945195		434.74445711		
1481389448.65		436.446319265		435.829590973		437.009631495		
1481423091.89		438.679688168		438.07670278		439.219302627		
1481456735.14		440.853101471		440.28374643		441.370620047		
1481490378.38		442.973338406		442.427592153		443.475585556		
1481524021.62		445.001996146		444.471128515		445.487345741		
1481557664.86		446.912743217		446.403756441		447.392186935		
1481591308.11		448.58535999		448.093000854		449.058783205		
1481624951.35		450.098833712		449.61921192		450.571621547		
1481658594.59		451.585244878		451.093546418		452.045542499		
1481692237.84		453.029293037		452.54472672		453.475873562		
1481725881.08		454.437137631		453.963766044		454.878218479		
1481759524.32		455.866869861		455.386002821		456.301411559		
1481793167.57		457.272319355		456.807970519		457.719801314		
1481826810.81		458.539937083		458.075859311		459.002068611		
1481860454.05		459.814725373		459.340267239		460.259935514		
1481894097.3		461.071468544		460.578369892		461.517406912		
1481927740.54		462.282786878		461.789200937		462.746427988		
1481961383.78		463.454683001		462.945812426		463.915897781		
1481995027.03		464.588997867		464.061897505		465.053845299		
1482028670.27		465.678940055		465.137153229		466.145522348		
1482062313.51		466.767400292		466.213124427		467.241209288		
1482095956.76		467.842038794		467.275757734		468.337874834		
1482129600.0		468.897449387		468.320803753		469.396002709		
1482163243.24		469.880585778		469.290553031		470.391012369		
1482196886.49		461.224049566		460.798795161		461.611117927		
1482230529.73		451.867523491		451.530819603		452.200428034		
1482264172.97		443.24781098		442.947938684		443.563805525		
1482297816.22		435.183592978		434.842791134		435.566837317		
1482331459.46		427.62022741		427.247743537		428.052787454		
1482365102.7		422.741388716		422.322117722		423.226249275		
1482398745.95		425.887271375		425.46680454		426.367136575		
1482432389.19		429.044400974		428.651715373		429.512895171		
1482466032.43		432.080591899		431.664377895		432.531947916		
1482499675.68		435.021753804		434.616592145		435.46257108		
1482533318.92		437.860551189		437.449646396		438.286813502		
1482566962.16		440.609369647		440.176225043		441.022020432		
1482600605.41		443.306896346		442.843591378		443.702693942		
1482634248.65		445.903042306		445.411456578		446.296198167		
1482667891.89		448.369088059		447.859648372		448.762276033		
1482701535.14		450.747362299		450.195500619		451.126070075		
1482735178.38		453.036510447		452.443496748		453.413688398		
1482768821.62		455.263305903		454.623148444		455.643575002		
1482802464.86		457.374839965		456.690517212		457.757741		
1482836108.11		459.41980955		458.712729503		459.819878594		
1482869751.35		461.384638295		460.634981731		461.787395511		
1482903394.59		463.303383512		462.517331999		463.71427364		
1482937037.84		465.187763136		464.369040237		465.607063494		
1482970681.08		464.547226706		463.650583278		464.971830456		
1483004324.32		466.426695561		465.498421922		466.864827127		
1483037967.57		468.262879005		467.301879693		468.708852297		
1483071610.81		470.020155855		469.039129766		470.496196092		
1483105254.05		471.740081112		470.731002077		472.230096235		
1483138897.3		473.361296677		472.326677175		473.867204572		
1483172540.54		474.922838507		473.856124786		475.436867479		
1483206183.78		476.421679996		475.331572825		476.963291138		
1483239827.03		477.880551657		476.77149379		478.4377779		
1483273470.27		479.308459641		478.171423192		479.896576571		
1483307113.51		480.714238402		479.558587382		481.318571824		
1483340756.76		482.084004454		480.902504387		482.717918595		
1483374400.0		483.409899198		482.200975301		484.057171728		
1483408043.24		484.677754131		483.44759462		485.343139382		
1483441686.49		485.906553637		484.64270441		486.591170662		
1483475329.73		487.077175623		485.789624978		487.773455316		
1483508972.97		488.200682519		486.881544222		488.91685889		
1483542616.22		489.321329767		487.976920805		490.064888712		
1483576259.46		490.433550154		489.06190672		491.201837964		
1483609902.7		491.499204873		490.099971779		492.290097574		
1483643545.95		492.514997289		491.089895383		493.326117131		
1483677189.19		493.515638174		492.0642495		494.354896085		
1483710832.43		494.512981983		493.029612226		495.375360772		
1483744475.68		495.51267176		494.000576954		496.396590133		
1483778118.92		496.500143906		494.95251659		497.399077771		
1483811762.16		497.468027533		495.88307008		498.372783732		
1483845405.41		498.40460067		496.805147291		499.343358577		
1483879048.65		499.309796931		497.681120092		500.277045431		
1483912691.89		500.200908971		498.536272477		501.183694926		
1483946335.14		501.077355899		499.385707474		502.079247006		
1483979978.38		501.953126205		500.230410105		502.981412705		
1484013621.62		502.871969481		501.116673874		503.919120837		
1484047264.86		503.775240261		501.990434421		504.842590153		
1484080908.11		504.608135542		502.782622806		505.69464327		
1484114551.35		505.395601826		503.529033802		506.497902576		
1484148194.59		506.155682302		504.252596009		507.276365192		
1484181837.84		506.897501982		504.958897226		508.036621895		
1484215481.08		507.673585912		505.699289156		508.831577716		
1484249124.32		508.417842409		506.40382553		509.587840887		
1484282767.57		509.098858879		507.029894995		510.273551128		
1484316410.81		509.770473739		507.673578685		510.960321544		
1484350054.05		510.408416518		508.268345066		511.612137363		
1484383697.3		511.085240654		508.905341148		512.29841047		
1484417340.54		511.769342788		509.539216877		512.995027781		
1484450983.78		512.461648723		510.197119999		513.698134449		
1484484627.03		513.169272893		510.869826678		514.422114264		
1484518270.27		513.814633908		511.472999319		515.084672168		
1484551913.51		514.442813627		512.054509681		515.725638686		
1484585556.76		515.071139263		512.643485739		516.370411887		
1484619200.0		515.655497352		513.179589643		516.968794076		
1484652843.24		516.271614781		513.75419883		517.601425644		
1484686486.49		516.926710876		514.362994803		518.270140572		
1484720129.73		517.578691359		514.962454909		518.939056154		
1484753772.97		518.185699447		515.521155508		519.562471101		
1484787416.22		410.817496029		408.682553604		411.916415856		
1484821059.46		411.307101228		409.138894734		412.41783191		
1484854702.7		411.785883876		409.578408023		412.909796483		
1484888345.95		412.269310072		410.028952908		413.403299169		
1484921989.19		412.766105284		410.490789998		413.909328229		
1484955632.43		493.70091173		490.934957916		495.077785009		
1484989275.68		494.31991711		491.509373107		495.710360493		
1485022918.92		494.937748941		492.07850136		496.341902385		
1485056562.16		495.526174621		492.617781477		496.946035689		
1485090205.41		496.099192484		493.146345615		497.539967427		
1485123848.65		496.699030985		493.700083952		498.160092921		
1485157491.89		497.261602576		494.211677937		498.734229088		
1485191135.14		497.809026231		494.718753451		499.294792		
1485224778.38		493.03976707		489.998577228		494.526906366		
1485258421.62		481.743196812		478.815277965		483.217693619		
1485292064.86		471.21357159		468.349402608		472.670876504		
1485325708.11		466.773857123		463.875096728		468.224762968		
1485359351.35		468.406636895		465.406521976		469.865524518		
1485392994.59		469.989361413		466.895874964		471.45976052		
1485426637.84		471.578903659		468.426944616		473.061929388		
1485460281.08		396.026983299		393.326873845		397.273684106		
1485493924.32		397.358692712		394.591883819		398.62049032		
1485527567.57		398.662722905		395.822829215		399.938584084		
1485561210.81		399.930031672		397.010982787		401.227289036		
1485594854.05		401.141164418		398.122494566		402.44457961		
1485628497.3		402.321247715		399.208445095		403.634623286		
1485662140.54		403.478287955		400.291659534		404.793896058		
1485695783.78		404.622706434		401.37096643		405.949125774		
1485729427.03		405.73466335		402.418851318		407.073520417		
1485763070.27		406.817789268		403.438206216		408.17048796		
1485796713.51		407.867498905		404.424126105		409.238015805		
1485830356.76		469.695326821		465.63009888		471.289702625		
1485864000.0		470.824943384		466.667149721		472.433969652		
1485897643.24		471.928569437		467.690252661		473.556146071		
1485931286.49		472.999254003		468.700776772		474.646635916		
1485964929.73		464.783457987		462.935796366		466.39982177		
1485998572.97		461.859272881		458.718589057		465.643308217		
1486032216.22		463.323139741		460.316544059		466.83628574		
1486065859.46		474.704236182		471.80425007		477.839925865		
1486099502.7		476.133764142		473.463988455		478.970170111		
1486133145.95		477.446199683		474.927502597		479.884633084		
1486166789.19		478.691749362		476.333048747		480.792582699		
1486200432.43		479.968480078		477.75881136		481.798112123		
1486234075.68		481.102982665		479.138045711		482.722976449		
1486267718.92		482.23366022		480.488303146		483.687682911		
1486301362.16		483.325040294		481.776000799		484.628953835		
1486335005.41		484.374282383		482.989108526		485.55551166		
1486368648.65		485.33195604		484.150269093		486.484369493		
1486402291.89		486.279779554		485.226119661		487.398116572		
1486435935.14		487.298491219		486.270786792		488.354184549		
1486469578.38		488.263632027		487.266040472		489.338958424		
1486503221.62		489.302085969		488.253382961		490.388046086		
1486536864.86		490.30309148		489.066742704		491.364474927		
1486570508.11		491.270149071		489.930851782		492.407477891		
1486604151.35		492.241738688		490.68139029		493.420341152		
1486637794.59		493.2312114		491.415744164		494.383112404		
1486671437.84		494.164988352		492.119941986		495.303590807		
1486705081.08		495.019383771		492.743146099		496.185411593		
1486738724.32		495.906884153		493.351758441		497.066713454		
1486772367.57		496.756024217		493.953230961		497.902221418		
1486806010.81		497.639597577		494.600169902		498.781731335		
1486839654.05		498.496129391		495.22931968		499.648784362		
1486873297.3		499.339307501		495.853511307		500.512107306		
1486906940.54		500.235763193		496.51973169		501.41361481		
1486940583.78		501.094910126		497.179848475		502.308982704		
1486974227.03		501.920776317		497.784288392		503.164034292		
1487007870.27		502.727363232		498.415418307		503.995019206		
1487041513.51		503.524927302		499.017562155		504.83183726		
1487075156.76		504.291168066		499.599315846		505.648013853		
1487108800.0		505.065013769		500.194840963		506.456690904		
1487142443.24		505.866113812		500.839439422		507.307733413		
1487176086.49		506.650752279		501.468538018		508.146244429		
1487209729.73		507.492722441		502.122199695		509.016280712		
1487243372.97		508.283161236		502.735953929		509.850998742		
1487277016.22		509.865293381		503.941284467		511.464348832		
1487310659.46		510.538345185		504.287855631		512.164783636		
1487344302.7		511.213700867		504.842529857		512.893813373		
1487377945.95		511.897954302		505.414987131		513.634397027		
1487411589.19		512.562322208		505.988212547		514.362059879		
1487445232.43		513.196949023		506.508217124		515.045535396		
1487478875.68		513.875516504		507.071285283		515.770639223		
1487512518.92		514.619445891		507.690454052		516.561698621		
1487546162.16		515.290866269		508.248392342		517.280721542		
1487579805.41		515.988366484		508.854793653		518.026615323		
1487613448.65		516.648537637		509.422038787		518.743748207		
1487647091.89		517.333242842		510.035608957		519.49840644		
1487680735.14		518.052995455		510.661321242		520.266330667		
1487714378.38		518.758022122		511.265373256		521.000736033		
1487748021.62		519.487229511		511.887132227		521.753812151		
1487781664.86		520.210196316		512.497132998		522.502105363		
1487815308.11		521.009361074		513.189793766		523.33710371		
1487848951.35		521.744434139		513.82805867		524.122983377		
1487882594.59		522.465175048		514.467042233		524.894812244		
1487916237.84		523.186556431		515.097660812		525.667620117		
1487949881.08		523.839778704		515.661997281		526.365314023		
1487983524.32		524.526181323		516.260032982		527.088720114		
1488017167.57		525.207248251		516.850125759		527.800976266		
1488050810.81		525.931356685		517.461633446		528.556958235		
1488084454.05		526.645785536		518.073671109		529.288827277		
1488118097.3		527.320701805		518.676969041		529.992580961		
1488151740.54		528.036252196		519.299004682		530.729988441		
1488185383.78		528.755339271		519.932118044		531.427864149		
1488219027.03		529.445711198		520.567960226		532.162957717		
1488252670.27		530.191628978		521.254275672		532.946807006		
1488286313.51		530.912135901		521.899330652		533.717948811		
1488319956.76		531.523196885		522.511008618		534.410611903		
1488353600.0		532.156128911		523.145258433		535.088850232		
1488387243.24		532.806188051		523.786553454		535.781747477		
1488420886.49		533.461653771		524.501000301		536.50292793		
1488454529.73		534.099115036		525.178294649		537.189983764		
1488488172.97		534.709747329		525.88980883		537.869945947		
1488521816.22		535.274518982		526.545890046		538.475436503		
1488555459.46		535.838762725		527.260665138		539.112685212		
1488589102.7		536.373461349		527.937981407		539.681349881		
1488622745.95		536.946376098		528.66017251		540.31143771		
1488656389.19		537.467552761		529.34294324		540.830891208		
1488690032.43		537.93180413		529.979460555		541.298999695		
1488723675.68		538.381666462		530.614623825		541.752508034		
1488757318.92		537.633343105		530.065819514		540.976460074		
1488790962.16		537.751734166		530.342103927		541.082981428		
1488824605.41		538.415602848		531.20762249		541.723110883		
1488858248.65		539.084424026		532.085194807		542.34977202		
1488891891.89		539.765573311		532.996056154		542.994193033		
1488925535.14		540.392509835		533.862987705		543.593944348		
1488959178.38		540.979291592		534.706883874		544.111436195		
1488992821.62		541.587029346		535.57198335		544.651719414		
1489026464.86		542.254072947		536.510091507		545.286145671		
1489060108.11		542.852337372		537.390222134		545.840684193		
1489093751.35		544.366274369		538.994116358		547.358501148		
1489127394.59		544.784416216		539.643758403		547.731457409		
1489161037.84		545.304131992		540.477997076		548.186022366		
1489194681.08		545.809070731		541.320006936		548.599180451		
1489228324.32		546.37116272		542.220782484		549.095858543		
1489261967.57		546.941569586		543.133820454		549.579522381		
1489295610.81		547.487436717		544.009090672		550.016030633		
1489329254.05		548.00252658		544.893087733		550.445316148		
1489362897.3		548.427507012		545.698138737		550.81731069		
1489396540.54		548.838141305		546.462669643		551.148590798		
1489430183.78		549.26975098		547.242892262		551.471169736		
1489463827.03		549.713020643		548.030733405		551.790312006		
1489497470.27		550.138298843		548.762420171		552.058213579		
1489531113.51		550.68928174		549.450411203		552.376310135		
1489564756.76		551.216577443		550.13424883		552.68389963		
1489598400.0		551.789041925		550.789818227		553.02314564		
1489632043.24		552.350970796		551.308726948		553.345181646		
1489665686.49		552.932732728		551.864012803		553.839259258		
1489699329.73		553.385795483		552.260368583		554.281997486		
1489732972.97		553.853074782		552.574873536		554.779592971		
1489766616.22		554.268195306		552.90307675		555.455432539		
1489800259.46		554.622765592		553.235332871		556.205158831		
1489833902.7		554.893230276		553.564363521		556.976426299		
1489867545.95		555.097863773		553.824300677		557.726574544		
1489901189.19		555.33974014		554.092227684		558.444126307		
1489934832.43		555.55039115		554.289795189		559.156041413		
1489968475.68		555.823783785		554.530698486		559.93625111		
1490002118.92		556.072839316		554.777736994		560.71376703		
1490035762.16		556.311358458		555.022934988		561.479256655		
1490069405.41		556.563944829		555.238148851		562.249171587		
1490103048.65		556.851425069		555.456023003		563.056702694		
1490136691.89		557.102022745		555.668366675		563.831237751		
1490170335.14		557.344165732		555.884737092		564.595826603		
1490203978.38		557.562106386		556.031597109		565.326573973		
1490237621.62		557.829672624		556.225706474		566.115225265		
1490271264.86		558.132371592		556.443018796		566.937369501		
1490304908.11		558.483497784		556.663290649		567.786837835		
1490338551.35		558.739142764		556.806812681		568.552888851		
1490372194.59		558.990219266		556.931222955		569.303043337		
1490405837.84		559.34250417		557.132602669		570.160128156		
1490439481.08		559.650940209		557.311494713		570.994673253		
1490473124.32		559.940301178		557.459617962		571.773774464		
1490506767.57		560.254103385		557.602899298		572.582340562		
1490540410.81		560.551732675		557.752937849		573.382272404		
1490574054.05		560.818109047		557.897136798		574.178134038		
1490607697.3		561.107585045		558.023544622		574.976361997		
1490641340.54		561.501417275		558.220271404		575.863756305		
1490674983.78		561.869451742		558.421116412		576.742283852		
1490708627.03		562.246309764		558.644323998		577.647131873		
1490742270.27		562.543914366		558.786628496		578.46772095		
1490775913.51		562.891982744		558.980216298		579.342958427		
1490809556.76		563.334015768		559.260808466		580.316513778		
1490843200.0		563.745359941		559.515801245		581.26477766		
1490876843.24		564.097220863		559.693335044		582.140194988		
1490910486.49		564.393188		559.848216533		582.992250459		
1490944129.73		564.729089729		560.02313265		583.86503146		
1490977772.97		565.069467225		560.198921447		584.739525868		
1491011416.22		565.399148504		560.361280588		585.618870531		
1491045059.46		565.750226397		560.523113585		586.502817329		
1491078702.7		566.104927781		560.683802172		587.391298228		
1491112345.95		566.453631612		560.850260439		588.284252881		
1491145989.19		566.814136983		561.018790297		589.18163204		
1491179632.43		567.185686005		561.184954924		590.083383234		
1491213275.68		567.537555256		561.35741381		590.990660104		
1491246918.92		567.882171342		561.526579731		591.901698897		
1491280562.16		568.221752904		561.697903145		592.814741575		
1491314205.41		568.580069663		561.874308628		593.733201085		
1491347848.65		568.948585915		562.039753734		594.656141817		
1491381491.89		569.318371364		562.207487396		595.583216918		
1491415135.14		569.689109079		562.371526383		596.514383359		
1491448778.38		570.051136852		562.54161454		597.449614989		
1491482421.62		570.393966582		562.713853622		598.38887937		
1491516064.86		570.747013663		562.894443101		599.332150246		
1491549708.11		571.09432644		563.071349916		600.279406646		
1491583351.35		571.446279286		563.247831672		601.230622131		
1491616994.59		571.807490287		563.424141776		602.185776446		
1491650637.84		572.176793942		563.598436922		603.144852673		
1491684281.08		572.547094383		563.766744099		604.1073956		
1491717924.32		572.912939305		563.945261754		605.071089986		
1491751567.57		573.274740032		564.12738621		606.038653128		
1491785210.81		573.63101901		564.309974555		607.010068837		
1491818854.05		573.992623525		564.485856931		607.992719236		
1491852497.3		574.363540799		564.664630201		608.975188437		
1491886140.54		574.735341706		564.846247725		609.957690621		
1491919783.78		575.100960181		565.026080486		610.947878608		
1491953427.03		575.453854199		565.198353767		611.94378979		
1491987070.27		575.821463337		565.370965909		612.94354348		
1492020713.51		576.198444023		565.544495458		613.947135487		
1492054356.76		576.582790853		565.733222273		614.954515535		
1492088000.0		576.956584652		565.922303069		615.963446106		
1492121643.24		577.315897141		566.114579465		616.976169756		
1492155286.49		577.689402203		566.304766763		617.992684882		
1492188929.73		578.066470187		566.491573712		619.012990932		
1492222572.97		578.444505806		566.677936974		620.037090032		
1492256216.22		578.823281792		566.861356783		621.06498288		
1492289859.46		579.202788422		567.044565492		622.096671613		
1492323502.7		579.581144854		567.222275585		623.132160708		
1492357145.95		579.957418513		567.405309134		624.171452966		
1492390789.19		580.346354019		567.588588366		625.192275852		
1492424432.43		580.73718184		567.769141235		626.2413583		
1492458075.68		581.128720075		567.949502259		627.294286481		
1492491718.92		581.520962027		568.131370413		628.35106686		
1492525362.16		581.913901804		568.316986884		629.411707316		
1492559005.41		582.299343323		568.509333228		630.476214372		
1492592648.65		582.68403954		568.693363404		631.544596431		
1492626291.89		583.079287885		568.875633044		632.611368791		
1492659935.14		583.475493642		569.061071458		633.688260224		
1492693578.38		583.860052112		569.244647996		634.768717624		
1492727221.62		584.245555282		569.421589155		635.850349967		
1492760864.86		584.6443403		569.601140841		636.934409799		
1492794508.11		585.008260967		569.781687608		638.021887151		
1492828151.35		585.409236276		569.964542		639.112959199		
1492861794.59		585.805207594		570.146452526		640.207417098		
1492895437.84		586.195065296		570.328590638		641.308191387		
1492929081.08		586.585535146		570.510907729		642.410210688		
1492962724.32		586.949111269		570.693808682		643.516137005		
1492996367.57		587.327211163		570.880191766		644.627428382		
1493030010.81		587.71471622		571.071551412		645.742715394		
1493063654.05		588.109213392		571.263585263		646.86200457		
1493097297.3		588.496665841		571.456126192		647.984723396		
1493130940.54		588.898682058		571.653536456		649.111478481		
1493164583.78		589.30573126		571.848737648		650.224420961		
1493198227.03		589.713408204		572.025907219		651.363913426		
1493231870.27		590.113848282		572.204932653		652.510633216		
1493265513.51		590.508793574		572.390648778		653.657725352		
1493299156.76		590.902968133		572.566454539		654.806359235		
1493332800.0		591.283474932		572.748826837		655.933128886		
1493366443.24		591.668102174		572.933500321		657.090784974		
1493400086.49		592.057290487		573.121973726		658.249741591		
1493433729.73		592.45322069		573.317635044		659.368163428		
1493467372.97		592.847336169		573.516381439		660.52726504		
1493501016.22		593.246667326		573.710661732		661.66730642		
1493534659.46		593.65294896		573.90835619		662.850275987		
1493568302.7		594.05592882		574.119131285		664.037564622		
1493601945.95		594.446689613		574.315024123		665.176015871		
1493635589.19		594.837998169		574.502654659		666.370498057		
1493669232.43		595.229854112		574.696495121		667.569103438		
1493702875.68		595.622257125		574.898403604		668.770536071		
1493736518.92		596.015206843		575.097993583		669.968991686		
1493770162.16		596.412925664		575.294832585		671.116414831		
1493803805.41		596.815709882		575.490471621		672.32748897		
1493837448.65		597.219064823		575.681329243		673.544516285		
1493871091.89		597.622990527		575.875617092		674.760233506		
1493904735.14		598.032269819		576.07249157		675.983309819		
1493938378.38		598.44363387		576.255097165		677.211386003		
1493972021.62		598.855585634		576.438406742		678.443975471		
1494005664.86		599.268796075		576.62201951		679.681101101		
1494039308.11		599.679948672		576.807412152		680.922786026		
1494072951.35		600.09594389		577.000602125		682.111269912		
1494106594.59		600.508109966		577.196451704		683.348871617		
1494140237.84		600.921920494		577.392447935		684.610217522		
1494173881.08		601.344147984		577.588590387		685.868510602		
1494207524.32		601.766985607		577.784878579		687.136947247		
1494241167.57		602.190433911		577.983249642		688.410116536		
1494274810.81		602.614493544		578.181856181		689.689655275		
1494308454.05		603.039165073		578.380610535		690.968248476		
1494342097.3		603.463541884		578.579070036		692.24514392		
1494375740.54		603.886078329		578.774899805		693.461019873		
1494409383.78		604.309218678		578.966010189		694.713820748		
1494443027.03		604.732963681		579.164629972		695.974012648		
1494476670.27		605.157314131		579.36532212		697.280951225		
1494510313.51		605.582270787		579.548153254		698.59032481		
1494543956.76		606.007834477		579.735274651		699.797317923		
1494577600.0		606.431872558		579.919457687		701.097153985		
1494611243.24		606.859390959		580.104760273		702.424698238		
1494644886.49		607.276729278		580.290632955		703.746327605		
1494678529.73		607.698017694		580.476630229		704.992093153		
1494712172.97		608.121059167		580.662751954		706.218100443		
1494745816.22		608.544846243		580.850207008		707.562447403		
1494779459.46		608.969231317		581.039229079		708.867275724		
1494813102.7		609.394215319		581.236908569		710.21215879		
1494846745.95		609.819799226		581.434900995		711.511088426		
1494880389.19		610.245984007		581.633033379		712.737595386		
1494914032.43		610.672770649		581.831427112		714.103073531		
1494947675.68		611.100160173		582.028596407		715.277408847		
1494981318.92		611.523012589		582.225945149		716.589088943		
1495014962.16		611.946197268		582.423431944		717.949181358		
1495048605.41		612.369973052		582.621056756		719.246633653		
1495082248.65		612.794340938		582.818819535		720.632929606		
1495115891.89		613.21930194		583.016720248		722.025570432		
1495149535.14		613.644857106		583.214758885		723.333893013		
1495183178.38		614.064249864		583.412935417		724.584722028		
1495216821.62		614.473645966		583.611249836		725.841354586		
1495250464.86		614.896507149		583.810038059		727.231518445		
1495284108.11		615.32986662		584.010002394		728.611390362		
1495317751.35		615.763840869		584.210523961		730.032363849		
1495351394.59		616.198431053		584.411185839		731.445716199		
1495385037.84		616.633638319		584.611988048		732.791419086		
1495418681.08		617.069463837		584.812930625		734.078600308		
1495452324.32		617.506247289		585.014013614		735.426621289		
1495485967.57		617.942598955		585.215237053		736.756520458		
1495519610.81		618.379570569		585.416600994		738.10418664		
1495553254.05		618.821335706		585.618105493		739.545287209		
1495586897.3		619.267040796		585.819750603		740.758405158		
1495620540.54		619.711793016		586.016828677		742.039105165		
1495654183.78		620.146995727		586.213640803		743.430026328		
1495687827.03		620.589111092		586.410074981		744.571383801		
1495721470.27		621.034379958		586.604946174		745.719606814		
1495755113.51		621.472936117		586.800137241		747.101757316		
1495788756.76		621.912114168		586.995459315		748.463791598		
1495822400.0		622.351915357		587.193103416		749.538396903		
1495856043.24		622.792340931		587.39756767		750.650594429		
1495889686.49		623.233392143		587.601856699		751.620839545		
1495923329.73		623.674010132		587.806430497		752.617018113		
1495956972.97		624.11729177		588.01116025		753.587096196		
1495990616.22		624.561205361		588.216033853		754.532209207		
1496024259.46		625.0057522		588.421051408		755.453335402		
1496057902.7		625.453737122		588.626213013		756.3515742		
1496091545.95		625.901913282		588.822582868		757.227922183		
1496125189.19		626.349737714		589.018113176		758.067684995		
1496158832.43		626.798204719		589.213774052		758.886013961		
1496192475.68		627.254287545		589.409565597		759.686065968		
1496226118.92		627.706049085		589.605487914		760.468575854		
1496259762.16		628.158462911		589.801541103		761.234383095		
1496293405.41		628.611530395		589.997967198		761.993614572		
1496327048.65		629.065252913		590.195311488		762.774674003		
1496360691.89		629.519631843		590.392788388		763.540778109		
1496394335.14		629.974668573		590.590398008		764.292575238		
1496427978.38		630.432194659		590.788140461		765.030678177		
1496461621.62		630.891105788		590.986015856		765.755743061		
1496495264.86		631.350686261		591.184024308		766.46833555		
1496528908.11		631.810937512		591.383878173		767.169006381		
1496562551.35		632.271860977		591.5871636		767.8583269		
1496596194.59		632.733458102		591.783311559		768.536789969		
1496629837.84		633.195730335		591.979589941		769.204889559		
1496663481.08		633.660163706		592.17599886		769.863122619		
1496697124.32		634.133944838		592.372538435		770.511918079		
1496730767.57		634.608435668		592.569208783		771.151718226		
1496764410.81		635.083637767		592.766010021		771.769895807		
1496798054.05		635.559552711		592.971752326		772.377911385		
1496831697.3		636.031527405		593.169420165		772.979849997		
1496865340.54		636.501046479		593.367237873		773.576012406		
1496898983.78		636.971260313		593.565343457		774.166658524		
1496932627.03		637.442170431		593.765121353		774.752071434		
1496966270.27		637.913778366		593.97208527		775.332511848		
1496999913.51		638.382032401		594.180122705		775.908205183		
1497033556.76		638.848212582		594.38830617		776.479403725		
1497067200.0		639.31507461		594.596635811		777.04633335		
