1463457600.0		5.24077800906		3.15854891098		16.9710546578		
1463491243.24		2.9673679831		2.8822838809		3.10832938072		
1463524886.49		2.98111676864		2.94398174083		3.02338231354		
1463558529.73		3.11363469296		3.07626559996		3.15007132513		
1463592172.97		3.22931372827		3.1904145049		3.26705766844		
1463625816.22		3.38413576061		3.34148297151		3.42278536827		
1463659459.46		3.54588836404		3.49988577723		3.5865219769		
1463693102.7		3.68074853965		3.63326261183		3.72295090418		
1463726745.95		3.85800415986		3.80840395446		3.90205858522		
1463760389.19		4.00421043992		3.95287190057		4.04979358041		
1463794032.43		4.1952112765		4.1416952257		4.24301385298		
1463827675.68		4.39446181409		4.33871706357		4.4443816466		
1463861318.92		4.57042861862		4.51160928509		4.62139462927		
1463894962.16		4.78729638433		4.7278081566		4.84030372705		
1463928605.41		5.01424982922		4.95305040722		5.06963001886		
1463962248.65		5.21357807601		5.15004869926		5.27171337633		
1463995891.89		5.4598526649		5.39432960584		5.5211289989		
1464029535.14		5.66113151444		5.59340319254		5.72384866095		
1464063178.38		5.84072313387		5.77171994585		5.90547383042		
1464096821.62		6.00868913802		5.9367946909		6.07445961973		
1464130464.86		6.20889670517		6.13587153878		6.27668045771		
1464164108.11		6.53258146353		6.45635016239		6.6037949587		
1464197751.35		6.81096666634		6.73122334386		6.88486935159		
1464231394.59		7.07479293254		6.99220976657		7.15108798555		
1464265037.84		7.34824807402		7.26369767457		7.42831093144		
1464298681.08		7.60580581257		7.51820565297		7.68795630771		
1464332324.32		7.92386258375		7.83257082791		8.00925890629		
1464365967.57		8.20763967121		8.11348130216		8.29618431643		
1464399610.81		8.55022528509		8.45148194136		8.64144305215		
1464433254.05		8.9055596371		8.80294987267		9.0007991028		
1464466897.3		9.22075424099		9.11457233874		9.32000360257		
1464500540.54		9.6021360887		9.4913243403		9.70539548929		
1464534183.78		9.95889492411		9.84408003033		10.0687811611		
1464567827.03		10.350033193		10.2307188661		10.4645402358		
1464601470.27		10.775424504		10.6514791345		10.8946521529		
1464635113.51		11.1307465719		11.0038104346		11.2539234018		
1464668756.76		11.5876010347		11.4557375151		11.7155040435		
1464702400.0		12.0216825931		11.8849943376		12.1550151606		
1464736043.24		12.4819453609		12.3404646032		12.6214536887		
1464769686.49		12.9882202165		12.8413886748		13.133495198		
1464803329.73		13.411166168		13.2616549138		13.5601842571		
1464836972.97		13.9510681544		13.7960304629		14.1069652458		
1464870616.22		14.5104693778		14.3507176084		14.6727900398		
1464904259.46		15.0056600824		14.8415941939		15.1731989902		
1464937902.7		15.6035127968		15.4340656855		15.7771648012		
1464971545.95		16.0844752592		15.9104580408		16.2631860309		
1465005189.19		16.7062342328		16.5261831875		16.8920877658		
1465038832.43		17.3661755315		17.1804054466		17.5584503287		
1465072475.68		17.9803764933		17.786820428		18.1766527811		
1465106118.92		19.0058576908		18.8025672129		19.2118598215		
1465139762.16		20.0864805445		19.8729537646		20.3029301011		
1465173405.41		21.2211439701		20.9971807834		21.4482631576		
1465207048.65		22.4051160485		22.1737251396		22.6451136318		
1465240691.89		23.6462897783		23.4047801542		23.8987828113		
1465274335.14		24.8506855106		24.6034583893		25.1158054151		
1465307978.38		26.242113472		25.9826604928		26.521966935		
1465341621.62		27.7025620984		27.429711937		28.0049015792		
1465375264.86		29.230487046		28.9429373743		29.549967951		
1465408908.11		30.8240125943		30.5208907429		31.1602108337		
1465442551.35		32.4846261919		32.1665596584		32.8358344222		
1465476194.59		34.2170686247		33.8820261397		34.5831060412		
1465509837.84		36.0200789466		35.6668265465		36.4063423303		
1465543481.08		37.8988494521		37.5272184094		38.3056006139		
1465577124.32		39.8556318586		39.4722042044		40.2854152798		
1465610767.57		41.889079918		41.4876940646		42.3363479701		
1465644410.81		44.0021380935		43.5810687685		44.4470179705		
1465678054.05		46.1988857524		45.7565659958		46.6599058611		
1465711697.3		48.4819097044		48.0196883741		48.9623973635		
1465745340.54		50.8472627438		50.363316211		51.3477860616		
1465778983.78		53.2988804361		52.7936237569		53.8260802892		
1465812627.03		55.8350174719		55.3087942765		56.3810996954		
1465846270.27		58.4740330738		57.9235366167		59.0404510107		
1465879913.51		61.1257404781		60.5581478418		61.7173267978		
1465913556.76		63.8497725627		63.2681257128		64.4747288265		
1465947200.0		44.9493704411		43.3756275326		47.5583683928		
1465980843.24		34.7634456209		33.6086866511		35.9554866512		
1466014486.49		35.1560598304		33.9581453782		36.2427173897		
1466048129.73		35.8242270796		34.6031908937		36.9086115947		
1466081772.97		36.5176745312		35.2842584088		37.6086591103		
1466115416.22		37.2198416157		35.9763693702		38.3158766596		
1466149059.46		37.9268926499		36.6690128259		39.0319209652		
1466182702.7		38.6399228396		37.3620076756		39.7590468917		
1466216345.95		39.3581569406		38.0655921366		40.4831450316		
1466249989.19		40.0861135163		38.7820382015		41.2180793358		
1466283632.43		40.8180671956		39.497836628		41.958284772		
1466317275.68		41.5583187902		40.220251823		42.7008961222		
1466350918.92		42.3033521838		40.9502324123		43.448907858		
1466384562.16		43.046289183		41.6871677094		44.2068782378		
1466418205.41		43.7987806314		42.433481441		44.9728346492		
1466451848.65		44.5678853953		43.185185658		45.7479537697		
1466485491.89		45.3354202669		43.9391941966		46.5252288817		
1466519135.14		46.1092754006		44.7060785449		47.31693213		
1466552778.38		47.6906179517		46.2440238389		48.9266652572		
1466586421.62		49.9389329058		48.4374366871		51.2224330243		
1466620064.86		52.2650021733		50.7128263897		53.6058732017		
1466653708.11		54.6758440877		53.0729315206		56.0713758879		
1466687351.35		57.1748257645		55.5142594781		58.6118602047		
1466720994.59		59.7604300943		58.0435424547		61.2437687954		
1466754637.84		62.4199435117		60.651797571		63.9470078667		
1466788281.08		65.1587637501		63.3508347491		66.7520711539		
1466821924.32		67.9846013959		66.1253439923		69.6203268027		
1466855567.57		70.8849855184		68.9721806629		72.57903491		
1466889210.81		73.8529144884		71.903788849		75.6107377547		
1466922854.05		76.907636834		74.8931516252		78.7095612892		
1466956497.3		80.0473302234		77.9767426752		81.8911747494		
1466990140.54		83.2650358071		81.1456368706		85.152150649		
1467023783.78		86.5413639884		84.3845818875		88.4680260318		
1467057427.03		89.8776904552		87.6960089955		91.852152427		
1467091070.27		93.294292521		91.0793197977		95.3246773693		
1467124713.51		96.7863794013		94.5291956658		98.863787718		
1467158356.76		100.302792698		98.0205689483		102.443770302		
1467192000.0		103.894473811		101.582838193		106.08136497		
1467225643.24		107.5718617		105.233029987		109.779509058		
1467259286.49		111.28388209		108.933604		113.548074051		
1467292929.73		107.597409027		105.402357423		109.747200601		
1467326572.97		111.127333256		108.921925055		113.290095435		
1467360216.22		122.519273078		120.178104121		124.815457821		
1467393859.46		126.333808032		124.012655785		128.658423306		
1467427502.7		130.228402462		127.881764613		132.598740514		
1467461145.95		134.073937662		131.697982486		136.481155846		
1467494789.19		137.940948517		135.56842702		140.391416214		
1467528432.43		141.778803436		139.460573759		144.271332176		
1467562075.68		145.66687034		143.312552709		148.156666489		
1467595718.92		149.552651977		147.142231116		152.074264583		
1467629362.16		153.38067198		151.030783403		155.908325181		
1467663005.41		157.229118562		154.864525501		159.765768811		
1467696648.65		161.026020104		158.608843607		163.591695652		
1467730291.89		164.812924229		162.410958877		167.392780834		
1467763935.14		168.542200035		166.172342935		171.173553659		
1467797578.38		172.211219493		169.740748567		174.881409884		
1467831221.62		175.881949115		173.325116638		178.490641804		
1467864864.86		179.52100625		176.918403025		182.050108994		
1467898508.11		183.068412263		180.421182925		185.630153166		
1467932151.35		186.993282491		184.364168434		189.595671432		
1467965794.59		190.06557629		187.461947242		192.627935045		
1467999437.84		193.433229913		190.838793086		196.004803333		
1468033081.08		196.759562137		194.167646224		199.264488737		
1468066724.32		200.028370684		197.396526877		202.485051508		
1468100367.57		203.185554508		200.550397884		205.687486308		
1468134010.81		206.229321845		203.563889764		208.731432407		
1468167654.05		209.24052302		206.607062359		211.758924104		
1468201297.3		212.184466891		209.551098021		214.673219894		
1468234940.54		215.053964516		212.302403684		217.520759935		
1468268583.78		217.821537762		215.022230047		220.259768601		
1468302227.03		220.589614624		217.859027365		223.081624218		
1468335870.27		223.250454763		220.447822895		225.786247291		
1468369513.51		225.855630277		223.02326099		228.41946063		
1468403156.76		228.353942418		225.462992284		230.954045587		
1468436800.0		230.756347723		227.851462571		233.345032594		
1468470443.24		249.543367622		246.42390218		252.312818007		
1468504086.49		251.938013786		248.829647346		254.765264333		
1468537729.73		254.212850735		251.074125323		257.0306259		
1468571372.97		256.457047437		253.239963147		259.276958191		
1468605016.22		176.100369009		169.520058434		186.300066973		
1468638659.46		137.246129816		132.879477063		143.11126012		
1468672302.7		138.581374333		134.673492578		143.720806109		
1468705945.95		142.458135278		138.639801747		147.665345404		
1468739589.19		146.639129845		142.855264748		151.710694362		
1468773232.43		150.841158425		147.093836761		155.875419533		
1468806875.68		155.055130596		151.350397352		160.013124039		
1468840518.92		159.253902748		155.584977879		164.14267928		
1468874162.16		163.362051043		159.761793339		168.107368487		
1468907805.41		167.548727921		163.975875492		172.159721118		
1468941448.65		171.699398984		168.176303715		176.190747463		
1468975091.89		173.899975709		170.46663463		178.339764313		
1469008735.14		178.06675174		174.710475959		182.341986962		
1469042378.38		182.141028903		178.858697466		186.407345904		
1469076021.62		186.252978381		183.004328734		190.479841219		
1469109664.86		190.322570253		187.081606366		194.40529595		
1469143308.11		194.317371778		191.098573082		198.333953472		
1469176951.35		198.262260004		195.115296665		202.174716299		
1469210594.59		181.812919612		179.11767416		185.210537082		
1469244237.84		185.096027817		182.444229288		188.418485912		
1469277881.08		188.212791307		185.615077771		191.435768025		
1469311524.32		191.260959749		188.755329324		194.37098045		
1469345167.57		194.268436834		191.787264526		197.242260871		
1469378810.81		197.21816397		194.86240348		200.067955601		
1469412454.05		200.096387766		197.85881403		202.775902236		
1469446097.3		202.912419589		200.7671445		205.446566282		
1469479740.54		205.660063391		203.596501373		208.046243214		
1469513383.78		208.320046489		206.315827986		210.577337092		
1469547027.03		201.804103542		199.853735134		203.854024165		
1469580670.27		204.244606319		202.386096633		206.236709408		
1469614313.51		206.602146608		204.788599914		208.630548218		
1469647956.76		208.908322275		207.144090458		210.934338211		
1469681600.0		211.16339382		209.337367848		213.186736626		
1469715243.24		213.34372689		211.55001178		215.216780766		
1469748886.49		220.468619535		218.668442942		222.374306691		
1469782529.73		222.572859137		220.682825372		224.419864078		
1469816172.97		224.645124715		222.688326926		226.498601093		
1469849816.22		240.566372164		238.497695737		242.62521856		
1469883459.46		242.554450625		240.426624398		244.663157228		
1469917102.7		244.512188579		242.313423567		246.618145389		
1469950745.95		246.458573326		244.141610967		248.513289893		
1469984389.19		248.326595704		245.885515536		250.346395219		
1470018032.43		250.044749503		247.620375916		252.073974343		
1470051675.68		251.742157392		249.310628809		253.79919266		
1470085318.92		238.033492081		235.715819409		239.97355475		
1470118962.16		255.013495365		252.46601578		257.094173206		
1470152605.41		256.471093398		253.908782862		258.596829454		
1470186248.65		239.807294093		237.429659635		241.756041671		
1470219891.89		241.318720217		238.915404527		243.242487463		
1470253535.14		242.776994467		240.41331724		244.681406227		
1470287178.38		244.178719983		241.846874926		246.078792182		
1470320821.62		245.494381634		243.182957257		247.394389		
1470354464.86		246.260761332		243.93029032		248.210818523		
1470388108.11		247.781757517		245.482919648		249.711773272		
1470421751.35		249.06105348		246.814666328		250.977539117		
1470455394.59		250.263325971		248.028825328		252.144893102		
1470489037.84		251.424247764		249.19506687		253.304697222		
1470522681.08		249.77055065		247.585874208		251.6347001		
1470556324.32		250.891962568		248.687471041		252.761128277		
1470589967.57		252.018618305		249.814796652		253.871513648		
1470623610.81		253.104888594		250.909179729		254.961659101		
1470657254.05		254.197081153		251.98440308		256.043910611		
1470690897.3		255.252223073		253.027556117		257.083073529		
1470724540.54		275.685271741		273.305180219		277.694649909		
1470758183.78		258.250206058		256.050202036		260.12445587		
1470791827.03		277.608856821		275.297392253		279.601138571		
1470825470.27		277.837519618		275.529107429		279.822116375		
1470859113.51		277.923678596		275.621039274		279.908072158		
1470892756.76		277.985397938		275.653130892		279.962804794		
1470926400.0		278.025639042		275.767682307		280.030726425		
1470960043.24		278.323900766		276.229045521		280.23582779		
1470993686.49		278.72122851		276.788540994		280.535579735		
1471027329.73		279.029351675		277.211303325		280.797871832		
1471060972.97		279.446048482		277.691766406		281.16392934		
1471094616.22		279.760237774		278.109478692		281.511879502		
1471128259.46		280.153192436		278.565236661		281.900934547		
1471161902.7		280.549337535		278.928403412		282.252899355		
1471195545.95		280.908773		279.319523014		282.579178878		
1471229189.19		281.233783647		279.702174517		282.978329333		
1471262832.43		281.533266931		280.042374958		283.279743391		
1471296475.68		281.848876831		280.419844296		283.669571566		
1471330118.92		282.242633386		280.821756791		284.093115022		
1471363762.16		282.506480336		281.052137354		284.417533141		
1471397405.41		282.838674072		281.368369957		284.833941965		
1471431048.65		283.10158704		281.604590437		285.158067756		
1471464691.89		283.471270917		281.91266155		285.614277313		
1471498335.14		283.842835		282.25900041		286.012082981		
1471531978.38		284.147939626		282.537168526		286.345677247		
1471565621.62		284.484381111		282.875561287		286.723523811		
1471599264.86		284.825056145		283.168163361		287.141590215		
1471632908.11		285.15208018		283.476161463		287.583134733		
1471666551.35		285.450224261		283.769385728		287.986661276		
1471700194.59		285.724779163		284.02078344		288.354260463		
1471733837.84		286.015011937		284.267346109		288.693839938		
1471767481.08		286.270844592		284.521200548		289.027668292		
1471801124.32		286.532517491		284.766691967		289.365652826		
1471834767.57		286.866906897		285.092789227		289.785221524		
1471868410.81		287.027290786		285.245624128		290.069400714		
1471902054.05		286.017828867		284.347234468		288.247183076		
1471935697.3		277.010406641		275.529455003		278.767131205		
1471969340.54		268.733536711		267.191796033		270.415613596		
1472002983.78		261.093393503		259.26692585		262.869548969		
1472036627.03		253.899539915		251.824891109		255.836414818		
1472070270.27		238.739344561		236.357234258		240.750918211		
1472103913.51		241.362141785		238.953753627		243.476865914		
1472137556.76		217.30935646		215.114889795		219.159863982		
1472171200.0		230.755829023		228.509348987		232.762161699		
1472204843.24		225.813941031		223.632834588		227.837567368		
1472238486.49		221.14665353		219.014999973		223.12552496		
1472272129.73		216.662738175		214.629871751		218.676143979		
1472305772.97		212.398348121		210.491290135		214.382294314		
1472339416.22		208.36136811		206.527049425		210.28664251		
1472373059.46		204.501345067		202.707283681		206.360383482		
1472406702.7		200.796584137		199.105190857		202.633757412		
1472440345.95		197.284598978		195.614618241		199.095027999		
1472473989.19		193.924090515		192.300627187		195.710317551		
1472507632.43		190.673938226		189.066967206		192.448748869		
1472541275.68		187.531890997		185.943198489		189.345407719		
1472574918.92		184.531917693		182.953354953		186.288036696		
1472608562.16		181.656149282		180.121666615		183.383586606		
1472642205.41		178.869705976		177.366326012		180.514195261		
1472675848.65		176.173591689		174.705732789		177.776647682		
1472709491.89		173.578519243		172.131979006		175.120834386		
1472743135.14		171.096251645		169.702978859		172.62101603		
1472776778.38		168.68031684		167.29514728		170.273726551		
1472810421.62		166.266317043		164.924644984		167.849473641		
1472844064.86		164.51301567		163.292252109		165.966957574		
1472877708.11		168.566616037		167.33130949		170.013456608		
1472911351.35		172.449956483		171.208394583		173.868192594		
1472944994.59		176.322203168		175.079490574		177.698934142		
1472978637.84		180.203746472		178.949773922		181.548776428		
1473012281.08		184.02635387		182.777179358		185.364897822		
1473045924.32		187.797123155		186.56584871		189.152332577		
1473079567.57		191.56285965		190.35741658		192.949926412		
1473113210.81		195.545854144		194.332218701		196.892564269		
1473146854.05		199.175319236		197.979520096		200.557365175		
1473180497.3		202.912122579		201.723903043		204.342520063		
1473214140.54		206.579147007		205.397979003		207.985163917		
1473247783.78		210.219006054		209.028171925		211.632416502		
1473281427.03		213.795410323		212.625653574		215.259088264		
1473315070.27		217.322828323		216.156651776		218.815516213		
1473348713.51		220.816379792		219.636472172		222.297959164		
1473382356.76		224.036142999		222.883145561		225.535260217		
1473416000.0		227.507634523		226.352371062		229.133087956		
1473449643.24		230.801053844		229.641581578		232.534621413		
1473483286.49		234.039195977		232.857332193		235.850060493		
1473516929.73		237.235916033		236.049603122		239.114106344		
1473550572.97		240.39510803		239.17973869		242.340554103		
1473584216.22		243.453459316		242.233512668		245.447630457		
1473617859.46		246.443955382		245.220357925		248.494763399		
1473651502.7		249.383510219		248.172687502		251.5311717		
1473685145.95		252.298025499		251.091762084		254.520945457		
1473718789.19		255.139944055		253.920487736		257.46865099		
1473752432.43		257.918368396		256.716051125		260.377418918		
1473786075.68		260.640230552		259.450086756		263.280887591		
1473819718.92		263.682071195		262.516753813		266.110529705		
1473853362.16		266.412187075		265.267169792		268.447274432		
1473887005.41		268.989382773		267.864645264		270.726541199		
1473920648.65		271.147967689		270.011755849		272.796916183		
1473954291.89		273.565862317		272.417355272		275.290596049		
1473987935.14		275.990202078		274.833317934		277.807024447		
1474021578.38		278.336475625		277.180202236		280.199005224		
1474055221.62		280.603220715		279.423331794		282.616707741		
1474088864.86		274.024837058		272.87417822		276.031264305		
1474122508.11		276.124051749		274.966046583		278.259601679		
1474156151.35		278.194059798		277.014130649		280.423433765		
1474189794.59		280.234656997		279.06086126		282.596121991		
1474223437.84		282.202118507		281.0069363		284.68946267		
1474257081.08		284.125435633		282.911715881		286.741828863		
1474290724.32		285.984674432		284.773273926		288.781335459		
1474324367.57		287.809832972		286.609929491		290.78324665		
1474358010.81		289.593333439		288.396542079		292.652726605		
1474391654.05		289.363637428		288.158097487		292.535579854		
1474425297.3		291.089232421		289.872139509		294.329204877		
1474458940.54		292.78809912		291.554691706		296.097645675		
1474492583.78		294.454795006		293.214645152		297.89386542		
1474526227.03		294.9236159		293.694966576		298.390335528		
1474559870.27		296.856920956		295.609938152		300.424337068		
1474593513.51		298.781314783		297.526610524		302.435867549		
1474627156.76		300.577871464		299.31771344		304.335735698		
1474660800.0		297.642597224		296.417421632		301.459005699		
1474694443.24		299.273944839		298.006019898		303.148889296		
1474728086.49		300.774388905		299.461450379		304.720971477		
1474761729.73		302.219055265		300.88071986		306.241664529		
1474795372.97		303.609316434		302.248396541		307.721199098		
1474829016.22		304.956063944		303.60166495		309.155733916		
1474862659.46		306.255581136		304.908940454		310.580214696		
1474896302.7		307.522107844		306.162360895		311.927785912		
1474929945.95		308.737485064		307.373329112		313.196717014		
1474963589.19		309.920662982		308.542087966		314.449652433		
1474997232.43		311.093904175		309.711160382		315.696300809		
1475030875.68		312.2372795		310.852884044		316.895297748		
1475064518.92		313.346140655		311.96283438		318.021022275		
1475098162.16		314.581418619		313.181105804		319.365336383		
1475131805.41		315.81503766		314.392891528		320.750428137		
1475165448.65		317.023297615		315.590918538		322.084906297		
1475199091.89		311.667209025		310.414701558		316.379629474		
1475232735.14		301.640975898		300.614572818		305.056602688		
1475266378.38		292.097049179		291.12309408		294.307367627		
1475300021.62		273.657928797		272.726405496		274.979963201		
1475333664.86		274.555813838		273.608186904		275.746989108		
1475367308.11		268.813698928		267.731962117		270.091587627		
1475400951.35		266.16586655		264.871720203		267.678661457		
1475434594.59		263.976734879		262.555444209		265.679901989		
1475468237.84		261.866237926		260.3130231		263.749505643		
1475501881.08		259.858786439		258.133268461		261.938350659		
1475535524.32		254.941702396		253.085845676		257.172109406		
1475569167.57		253.160321674		251.129109958		255.493976373		
1475602810.81		251.673942274		249.511239382		254.167983496		
1475636454.05		249.976335131		247.695119346		252.602347445		
1475670097.3		249.502367151		247.106565852		252.316708951		
1475703740.54		253.176808129		250.785887637		256.008481959		
1475737383.78		258.92065277		256.56983759		261.706326351		
1475771027.03		264.751934785		262.444936198		267.500913114		
1475804670.27		270.473591476		268.225647685		273.148406595		
1475838313.51		276.133544178		273.983699199		278.786068968		
1475871956.76		281.595119936		279.479969343		284.173846644		
1475905600.0		286.374719077		284.335713105		288.902056522		
1475939243.24		291.05985597		289.085812012		293.517602157		
1475972886.49		295.684444977		293.798362334		298.070336314		
1476006529.73		300.204326103		298.394861715		302.50862075		
1476040172.97		304.670679033		302.883158476		306.841507909		
1476073816.22		308.995618787		307.312206725		311.103824409		
1476107459.46		313.230945491		311.615896009		315.270951042		
1476141102.7		317.373673076		315.838028808		319.325859982		
1476174745.95		321.470355623		319.97489898		323.407944403		
1476208389.19		325.39970043		323.933083546		327.231791631		
1476242032.43		329.232082474		327.815924401		331.052071506		
1476275675.68		332.996683878		331.59387995		334.750383839		
1476309318.92		336.629265836		335.255907814		338.315374756		
1476342962.16		339.429232861		338.083710576		341.086868003		
1476376605.41		342.282060545		340.964502082		343.936967524		
1476410248.65		345.396156014		344.080450798		346.990338099		
1476443891.89		348.416256119		347.0962277		349.993887033		
1476477535.14		351.18760088		349.873770746		352.831841787		
1476511178.38		354.318127198		353.058949021		356.013744612		
1476544821.62		357.367879249		356.094376307		359.108442805		
1476578464.86		360.303095074		359.038564015		362.058425049		
1476612108.11		363.147138065		361.906424622		364.905332911		
1476645751.35		365.912047348		364.677503414		367.702623013		
1476679394.59		368.595054408		367.367302324		370.460437548		
1476713037.84		371.185200735		369.966683165		373.113596441		
1476746681.08		373.681197756		372.472688794		375.728857596		
1476780324.32		376.099835123		374.87051951		378.208383701		
1476813967.57		378.427315901		377.187125916		380.606041399		
1476847610.81		380.703681373		379.46076099		382.942909585		
1476881254.05		382.891974888		381.660537806		385.140640981		
1476914897.3		385.003673914		383.768945011		387.320947443		
1476948540.54		386.978558678		385.73676355		389.359521481		
1476982183.78		388.836438568		387.578129161		391.326236032		
1477015827.03		390.401504863		389.116975137		392.967051517		
1477049470.27		391.881598048		390.62386696		394.520314689		
1477083113.51		393.346283151		392.081262438		396.004126014		
1477116756.76		394.76309578		393.49121632		397.499353283		
1477150400.0		396.143137769		394.852254742		398.916794415		
1477184043.24		397.48714779		396.174880992		400.295997667		
1477217686.49		398.783906855		397.491361539		401.634625075		
1477251329.73		400.061976274		398.743528932		402.92763631		
1477284972.97		401.295118831		399.947689255		404.180378415		
1477318616.22		402.483975758		401.122490371		405.393810052		
1477352259.46		403.633390808		402.248168642		406.57055795		
1477385902.7		404.759938494		403.357147424		407.717181885		
1477419545.95		405.842544832		404.403934238		408.795018733		
1477453189.19		406.90549639		405.458383912		409.855796231		
1477486832.43		407.943289021		406.478867456		410.901593313		
1477520475.68		408.966890294		407.475228613		411.924666617		
1477554118.92		409.950659386		408.435990309		412.892023949		
1477587762.16		410.777155957		409.246823338		413.566337787		
1477621405.41		411.826511286		410.2819201		414.70662456		
1477655048.65		412.763157159		411.197958678		415.635832824		
1477688691.89		413.612893791		412.028324449		416.521428314		
1477722335.14		414.481834279		412.888750119		417.477981527		
1477755978.38		415.32985769		413.742858119		418.397211424		
1477789621.62		416.176348038		414.578613149		419.291106113		
1477823264.86		416.998404287		415.387836302		420.219556231		
1477856908.11		417.78135393		416.171763242		421.093895029		
1477890551.35		418.570621195		416.960179839		421.946240366		
1477924194.59		419.313456564		417.706194268		422.728273279		
1477957837.84		420.075238807		418.450380081		423.529551892		
1477991481.08		420.821837796		419.189833329		424.325349764		
1478025124.32		421.548084807		419.913856866		425.086701284		
1478058767.57		422.272302735		420.635913828		425.832168998		
1478092410.81		422.958618565		421.31691513		426.543315061		
1478126054.05		423.663148728		422.006346845		427.29089044		
1478159697.3		424.322275		422.648091094		427.931424101		
1478193340.54		425.034179475		423.363708813		428.679551919		
1478226983.78		425.691849971		424.012790763		429.348637922		
1478260627.03		426.34825688		424.657770012		430.026463208		
1478294270.27		427.014307271		425.320020561		430.686562951		
1478327913.51		427.677550457		425.981323996		431.352698477		
1478361556.76		428.301749103		426.608516938		431.974308077		
1478395200.0		428.940072543		427.254180416		432.614395291		
1478428843.24		429.557729414		427.872366213		433.227510088		
1478462486.49		430.163601411		428.477127619		433.823841807		
1478496129.73		430.752915232		429.073749856		434.412154182		
1478529772.97		431.355508571		429.676701729		435.01239334		
1478563416.22		431.960616715		430.297243794		435.607307105		
1478597059.46		432.553875217		430.900503122		436.193341378		
1478630702.7		433.152586263		431.501908405		436.778154333		
1478664345.95		433.755328188		432.106490096		437.361784661		
1478697989.19		434.33404742		432.68796219		437.924250388		
1478731632.43		434.921425844		433.269899732		438.486873728		
1478765275.68		435.510811563		433.857512721		439.061459142		
1478798918.92		436.076110177		434.426126875		439.594727858		
1478832562.16		436.6597703		435.017424086		440.166800287		
1478866205.41		437.233212419		435.581704361		440.704683207		
1478899848.65		437.812443564		436.152177246		441.240804063		
1478933491.89		438.387612643		436.725996297		441.785637936		
1478967135.14		438.963794305		437.305757076		442.329400219		
1479000778.38		439.507914288		437.857834053		442.847984709		
1479034421.62		440.089335588		438.438624006		443.401051984		
1479068064.86		440.643344822		438.988976642		443.924654918		
1479101708.11		441.191572594		439.53682743		444.437723941		
1479135351.35		441.761834507		440.104358971		444.974321732		
1479168994.59		442.307641371		440.656758985		445.48154459		
1479202637.84		442.849988526		441.211734874		445.981904368		
1479236281.08		443.401919992		441.762521336		446.497704466		
1479269924.32		443.938276695		442.3018803		446.992903305		
1479303567.57		444.472468839		442.841507919		447.482016925		
1479337210.81		445.01729206		443.389386184		448.000075919		
1479370854.05		445.556217416		443.947128831		448.549305592		
1479404497.3		446.089680525		444.492577153		449.07055335		
1479438140.54		446.637322763		445.050891538		449.609523809		
1479471783.78		447.172050121		445.592554316		450.075595786		
1479505427.03		447.72105275		446.149470218		450.623284719		
1479539070.27		448.263674734		446.690247108		451.106747865		
1479572713.51		448.805994533		447.246625185		451.61798213		
1479606356.76		449.355066332		447.799889051		452.161105105		
1479640000.0		449.897402619		448.338869823		452.64443193		
1479673643.24		450.413393429		448.853303421		453.096854699		
1479707286.49		450.951465574		449.393190258		453.579054602		
1479740929.73		451.490674336		449.9381509		454.06449985		
1479774572.97		424.51829288		422.379986492		427.665828105		
1479808216.22		360.042899649		354.779880863		366.64121616		
1479841859.46		361.421429561		356.159890304		367.61393026		
1479875502.7		375.464729624		370.318331108		381.753567889		
1479909145.95		379.122148714		374.133489265		385.188500862		
1479942789.19		382.680837619		377.886137486		388.491570819		
1479976432.43		386.102101995		381.440485932		391.712551209		
1480010075.68		389.459703253		384.972302788		394.867381355		
1480043718.92		392.729465578		388.381009353		397.96074367		
1480077362.16		395.89178297		391.709047429		400.941306562		
1480111005.41		398.9638911		394.922267665		403.824439571		
1480144648.65		401.982120655		398.054866465		406.599355364		
1480178291.89		404.882747236		401.079174137		409.325715559		
1480211935.14		407.70378951		404.057384259		411.936040655		
1480245578.38		410.415367975		406.968466642		414.492648656		
1480279221.62		413.076625489		409.727834405		416.994571212		
1480312864.86		415.628320632		412.448671665		419.448002141		
1480346508.11		417.527426333		414.499336004		421.129698442		
1480380151.35		415.754848145		412.983802371		419.167121719		
1480413794.59		413.914063552		411.429435402		417.06908018		
1480447437.84		412.227510145		409.992708636		415.231912986		
1480481081.08		410.795980744		408.50077492		413.574945148		
1480514724.32		409.338700189		406.960221413		412.1858508		
1480548367.57		408.028380126		405.450378184		410.927641731		
1480582010.81		406.801086703		404.120116017		409.75870991		
1480615654.05		405.636391258		402.87033195		408.694191609		
1480649297.3		404.51218484		401.642290982		407.840408464		
1480682940.54		403.459631557		400.46716252		406.968961469		
1480716583.78		402.428274573		399.301826584		406.241312731		
1480750227.03		401.564855972		398.171282861		405.599790098		
1480783870.27		400.791933775		397.170596046		405.008731919		
1480817513.51		400.081299217		396.134444404		404.487326754		
1480851156.76		399.307523959		395.161652409		403.960585995		
1480884800.0		398.607299871		394.382041424		403.487825248		
1480918443.24		398.029212802		393.658159902		403.20571345		
1480952086.49		400.695687012		396.364632506		405.814079492		
1480985729.73		404.13164458		399.910398956		409.055081629		
1481019372.97		407.436931549		403.359139271		412.228915188		
1481053016.22		410.661596819		406.745447832		415.268436023		
1481086659.46		413.781536471		409.953602157		418.204405007		
1481120302.7		416.793575073		413.133656844		421.008960621		
1481153945.95		419.751803199		416.196472236		423.793974258		
1481187589.19		422.614801189		419.17976537		426.474202927		
1481221232.43		425.455260637		422.106710642		429.152135227		
1481254875.68		428.139832949		424.88526925		431.715491303		
1481288518.92		430.728852183		427.556380455		434.087462497		
1481322162.16		433.205550578		430.145797912		436.504722969		
1481355805.41		435.606568407		432.668199479		438.642423575		
1481389448.65		437.937206508		435.111097737		440.833526359		
1481423091.89		440.198540072		437.448315183		443.02182705		
1481456735.14		442.432125543		439.763054604		445.16141073		
1481490378.38		444.609705709		442.002384274		447.237188815		
1481524021.62		446.67604636		444.10761318		449.15820154		
1481557664.86		448.611200877		446.106945883		450.964766971		
1481591308.11		450.320684116		447.918523656		452.566390106		
1481624951.35		451.879435663		449.518909799		454.032107558		
1481658594.59		453.397977702		451.054619026		455.523772075		
1481692237.84		454.908334911		452.551446818		456.959094582		
1481725881.08		456.345636227		454.004030434		458.362894696		
1481759524.32		457.809798047		455.509969368		459.797532282		
1481793167.57		459.255333481		457.009153913		461.225101016		
1481826810.81		460.555149502		458.324000056		462.507653484		
1481860454.05		461.868445919		459.632385172		463.80918045		
1481894097.3		463.144929007		460.892403511		465.069298146		
1481927740.54		464.389534507		462.101780746		466.315028292		
1481961383.78		465.60974362		463.360654387		467.519099772		
1481995027.03		466.784206959		464.571003722		468.694674985		
1482028670.27		467.952879554		465.698072982		469.83434199		
1482062313.51		469.090526926		466.840826434		470.980386681		
1482095956.76		470.247867354		468.01025837		472.096542232		
1482129600.0		471.349791178		469.068265221		473.191096411		
1482163243.24		472.378274335		470.111522544		474.225175969		
1482196886.49		462.196278743		460.572518077		463.820053953		
1482230529.73		451.540204929		449.092398364		453.923759386		
1482264172.97		441.719862475		438.088066827		445.515643512		
1482297816.22		432.51052459		427.815450073		437.567790387		
1482331459.46		423.867071387		418.144564402		429.946395089		
1482365102.7		418.188169283		411.81110505		425.141715533		
1482398745.95		421.603304383		415.452619666		428.181722641		
1482432389.19		425.074024022		419.109595142		431.363013511		
1482466032.43		428.34019753		422.640148743		434.401345969		
1482499675.68		431.574257769		426.150654229		437.350364648		
1482533318.92		434.692105782		429.460682341		440.210573961		
1482566962.16		437.769541276		432.638565701		443.030178522		
1482600605.41		440.710761521		435.822611848		445.75010047		
1482634248.65		443.572388009		438.810550822		448.491470659		
1482667891.89		446.269291147		441.721904361		450.987889791		
1482701535.14		448.856445927		444.527451155		453.361504303		
1482735178.38		451.353338161		447.203350772		455.675968564		
1482768821.62		453.767683166		449.867843774		457.950510848		
1482802464.86		456.104246392		452.345610136		460.055321113		
1482836108.11		458.354636791		454.725118094		462.010894127		
1482869751.35		460.514978381		457.024027213		463.853773666		
1482903394.59		462.611095599		459.263745686		465.74405035		
1482937037.84		464.666639408		461.466999937		467.681880117		
1482970681.08		464.19339114		461.151474431		467.054738637		
1483004324.32		466.246399722		463.308982697		469.029639826		
1483037967.57		468.23991667		465.47136653		470.904635894		
1483071610.81		470.187835053		467.489557868		472.776514113		
1483105254.05		472.077707855		469.475894818		474.601764455		
1483138897.3		473.833756877		471.310016433		476.299311329		
1483172540.54		475.519255196		473.050329109		477.940980637		
1483206183.78		477.175811058		474.73943276		479.502913852		
1483239827.03		478.87281859		476.434137342		481.126305752		
1483273470.27		480.473840465		478.05235455		482.710764686		
1483307113.51		482.018783162		479.616968929		484.270594739		
1483340756.76		483.569433671		481.176936324		485.787253547		
1483374400.0		485.043513445		482.671129146		487.254804508		
1483408043.24		486.490158522		484.084641922		488.670123752		
1483441686.49		487.877978185		485.384816134		490.033663717		
1483475329.73		489.186124411		486.704939726		491.339980195		
1483508972.97		490.45220641		487.943880162		492.592303572		
1483542616.22		491.742325124		489.17515302		493.845213263		
1483576259.46		492.969985294		490.401569495		495.093948769		
1483609902.7		494.154872905		491.536667101		496.300973963		
1483643545.95		495.337318966		492.661770685		497.4735819		
1483677189.19		496.5167655		493.793169841		498.675855629		
1483710832.43		497.645863637		494.947336831		499.821180898		
1483744475.68		498.761544921		496.051475658		500.941403944		
1483778118.92		499.872259177		497.225193712		502.104034385		
1483811762.16		500.975013446		498.393557151		503.172456471		
1483845405.41		502.048884126		499.488394425		504.240238578		
1483879048.65		503.05113221		500.535306299		505.273235276		
1483912691.89		504.072482783		501.541725038		506.302006699		
1483946335.14		505.073326861		502.509380102		507.342218741		
1483979978.38		506.054318757		503.476789349		508.353863975		
1484013621.62		507.082337432		504.505966579		509.411081947		
1484047264.86		508.091030204		505.54885217		510.454525838		
1484080908.11		509.029765239		506.437487814		511.395274391		
1484114551.35		509.909173678		507.308343553		512.315791789		
1484148194.59		510.767446964		508.134875468		513.182954371		
1484181837.84		511.613610573		508.973087753		514.040736683		
1484215481.08		512.484151475		509.810238101		514.930636223		
1484249124.32		513.308003452		510.608517266		515.80551132		
1484282767.57		514.083962342		511.336230522		516.609540387		
1484316410.81		514.8470185		512.090537694		517.392925325		
1484350054.05		515.574879919		512.832892132		518.149133506		
1484383697.3		516.340792184		513.591342916		518.948592458		
1484417340.54		517.110515983		514.316457799		519.745435096		
1484450983.78		517.906023222		515.060503314		520.566095028		
1484484627.03		518.720956102		515.823652769		521.384833412		
1484518270.27		519.463615421		516.515968991		522.148799593		
1484551913.51		520.176721941		517.179962577		522.873491246		
1484585556.76		520.88578112		517.85152873		523.628783697		
1484619200.0		521.545306379		518.506629738		524.324110775		
1484652843.24		522.251947264		519.185549218		525.045596571		
1484686486.49		522.980249817		519.924587386		525.816079055		
1484720129.73		523.716042485		520.660770548		526.585366124		
1484753772.97		524.402431721		521.293350161		527.299188713		
1484787416.22		415.803498478		413.299196396		418.120084121		
1484821059.46		416.362463804		413.835294345		418.689452207		
1484854702.7		416.91193852		414.335695421		419.254641265		
1484888345.95		417.456908609		414.842005398		419.814789224		
1484921989.19		418.013048787		415.361097321		420.384384825		
1484955632.43		500.042755085		496.828598333		502.89483899		
1484989275.68		500.732324165		497.477635813		503.608389705		
1485022918.92		501.436997434		498.123952012		504.332167314		
1485056562.16		502.114526633		498.741758179		505.022648282		
1485090205.41		502.763508069		499.349439418		505.69434879		
1485123848.65		503.439897783		499.983889669		506.387831498		
1485157491.89		504.072345105		500.582973199		507.049770978		
1485191135.14		504.682239851		501.165490957		507.691987787		
1485224778.38		499.887332647		496.385989475		502.889742784		
1485258421.62		488.472329419		485.031763831		491.405155919		
1485292064.86		477.812161654		474.459447442		480.716497618		
1485325708.11		473.349150196		469.998994051		476.251684415		
1485359351.35		475.055174092		471.669675932		477.988710001		
1485392994.59		476.7183448		473.299554319		479.677718601		
1485426637.84		478.374698231		474.91873661		481.366422997		
1485460281.08		401.767705113		398.834801167		404.307177301		
1485493924.32		403.169343959		400.181399084		405.733008269		
1485527567.57		404.549429018		401.504936155		407.130809281		
1485561210.81		405.890367574		402.790163972		408.485575882		
1485594854.05		407.171064225		404.023509574		409.784078259		
1485628497.3		408.420673677		405.234721261		411.03999863		
1485662140.54		409.644356773		406.418669216		412.277343905		
1485695783.78		410.854101627		407.598670415		413.509591849		
1485729427.03		412.031174945		408.740571028		414.710389553		
1485763070.27		413.183692309		409.854794628		415.892282283		
1485796713.51		414.297347428		410.934845634		417.043522292		
1485830356.76		477.154430704		473.261181994		480.331740934		
1485864000.0		478.355826963		474.43341401		481.55274276		
1485897643.24		479.532900658		475.583100522		482.767704085		
1485931286.49		480.676480543		476.691827063		483.941327743		
1485964929.73		459.54729467		453.392683396		465.315857437		
1485998572.97		451.413129927		443.318918614		463.441772422		
1486032216.22		453.398287498		445.602680143		464.683855824		
1486065859.46		465.389706612		457.645373857		475.612128134		
1486099502.7		467.627656116		460.134072674		476.856806796		
1486133145.95		469.72124867		462.463528241		478.208552355		
1486166789.19		471.698955884		464.770561463		479.203873922		
1486200432.43		473.622129012		467.111938268		480.271930823		
1486234075.68		475.487514466		469.343426842		481.553832959		
1486267718.92		477.28503507		471.533722654		482.497000677		
1486301362.16		479.017646345		473.544514986		483.712753809		
1486335005.41		480.668698726		475.64615014		485.103507372		
1486368648.65		482.020013544		477.460092562		486.560198508		
1486402291.89		483.489232705		479.276922937		487.964803699		
1486435935.14		484.83672812		481.01190424		489.370581999		
1486469578.38		486.310755993		482.805847055		490.743052178		
1486503221.62		487.836950565		484.261564888		492.253641161		
1486536864.86		489.404291115		485.455796408		493.590366343		
1486570508.11		490.945817649		486.894760081		494.946389095		
1486604151.35		492.430556696		488.071603017		496.287431297		
1486637794.59		493.888036165		489.083187594		497.599715622		
1486671437.84		495.298895698		490.406865857		498.857747093		
1486705081.08		496.657452516		491.739339512		500.09603131		
1486738724.32		497.981643289		493.16242896		501.335610746		
1486772367.57		499.190894731		494.465149113		502.474862332		
1486806010.81		500.410315001		495.772711155		503.655465465		
1486839654.05		501.654226363		497.146561823		504.786347555		
1486873297.3		502.858135909		498.447032477		505.966921413		
1486906940.54		504.070926992		499.740043876		507.206852988		
1486940583.78		505.256278212		501.141675708		508.354483216		
1486974227.03		506.393144689		502.290962433		509.492127875		
1487007870.27		507.490624013		503.505946475		510.622898903		
1487041513.51		508.594992242		504.606580579		511.790387141		
1487075156.76		509.690378602		505.686986151		512.956086618		
1487108800.0		510.801341142		506.748268569		513.97507547		
1487142443.24		511.925846038		507.808237275		515.136966143		
1487176086.49		512.986366296		508.79134384		516.257110348		
1487209729.73		514.078885494		509.793710108		517.411204298		
1487243372.97		515.109533899		510.85074065		518.51704989		
1487277016.22		517.077283124		512.756101644		520.48506413		
1487310659.46		517.956179867		513.575428183		521.486134516		
1487344302.7		518.920142524		514.424164067		522.440318193		
1487377945.95		519.838597954		515.294466909		523.427500929		
1487411589.19		520.733735298		516.087984671		524.285298909		
1487445232.43		521.561061017		516.822070453		525.137642061		
1487478875.68		522.477749278		517.598503166		525.983662727		
1487512518.92		523.421065814		518.456776611		526.886539438		
1487546162.16		524.261681986		519.30568921		527.741660352		
1487579805.41		525.175650125		520.115219734		528.602582722		
1487613448.65		525.97102503		520.782324325		529.428633151		
1487647091.89		526.843017334		521.59047786		530.304240253		
1487680735.14		527.703054222		522.412112116		531.202194354		
1487714378.38		528.460350928		523.192323093		531.94942174		
1487748021.62		529.257953328		523.995225083		532.740165878		
1487781664.86		530.04334565		524.82370523		533.535911072		
1487815308.11		530.886579401		525.768038214		534.330390988		
1487848951.35		531.646903123		526.63411195		535.061429101		
1487882594.59		532.347459323		527.472687556		535.758988025		
1487916237.84		533.083967208		528.290251325		536.441377572		
1487949881.08		533.703377267		528.99945088		537.097554401		
1487983524.32		534.348366802		529.735348666		537.689176464		
1488017167.57		534.916242674		530.470221826		538.221842133		
1488050810.81		535.553860583		531.134628781		538.83198385		
1488084454.05		536.132261914		531.785116819		539.376581134		
1488118097.3		536.710760974		532.3314099		539.877422803		
1488151740.54		537.248769906		532.905460064		540.457298884		
1488185383.78		537.841490899		533.529098724		540.970744406		
1488219027.03		538.414196271		534.080531955		541.452765112		
1488252670.27		538.954280522		534.525842937		541.95393771		
1488286313.51		539.452457757		534.937184868		542.49410402		
1488319956.76		539.925197844		535.373577208		542.989198748		
1488353600.0		540.409744307		535.819797844		543.463224181		
1488387243.24		540.842392738		536.172276706		543.866947706		
1488420886.49		541.322485079		536.596354403		544.377482756		
1488454529.73		541.751750592		537.067410246		544.885594637		
1488488172.97		542.211610679		537.456949565		545.347701816		
1488521816.22		542.603214587		537.812355407		545.741194785		
1488555459.46		543.010536108		538.230779834		546.157982617		
1488589102.7		543.406970552		538.592345818		546.588129232		
1488622745.95		543.77544584		538.991376418		546.993092192		
1488656389.19		544.101538845		539.326893188		547.354434397		
1488690032.43		544.362564966		539.601534953		547.647625404		
1488723675.68		544.621833635		539.881818256		547.938025338		
1488757318.92		543.68045719		538.951786937		546.971293395		
1488790962.16		543.647486097		538.902952341		546.935962525		
1488824605.41		544.114316931		539.383105331		547.433459531		
1488858248.65		544.561701829		539.81655795		547.927483272		
1488891891.89		545.052349174		540.310023483		548.427358858		
1488925535.14		545.486577692		540.759919267		548.905612214		
1488959178.38		545.886042379		541.183230269		549.299125047		
1488992821.62		546.300146101		541.582894514		549.695791498		
1489026464.86		546.789404209		542.060638178		550.176049273		
1489060108.11		547.194759923		542.501027736		550.609302392		
1489093751.35		548.624614141		543.968601047		552.079608792		
1489127394.59		548.904238036		544.235695264		552.343966659		
1489161037.84		549.240200597		544.568966504		552.663351167		
1489194681.08		549.543547453		544.887701339		552.948808059		
1489228324.32		549.901483056		545.303981563		553.301727679		
1489261967.57		550.280106324		545.682887227		553.667988453		
1489295610.81		550.621955649		546.007543435		554.037046625		
1489329254.05		550.974706416		546.339465133		554.358287028		
1489362897.3		551.231460355		546.597446608		554.63045638		
1489396540.54		551.48350355		546.82892855		554.852708572		
1489430183.78		551.715085527		547.065960195		555.063769553		
1489463827.03		551.947873952		547.30719526		555.25450518		
1489497470.27		552.137953282		547.507083947		555.442337227		
1489531113.51		552.363946212		547.742458453		555.709796939		
1489564756.76		552.558703674		547.971489256		555.909894861		
1489598400.0		552.797024472		548.264390586		556.13672406		
1489632043.24		553.016826332		548.517386865		556.311640544		
1489665686.49		553.254265393		548.75390729		556.523945986		
1489699329.73		553.420245537		548.891399034		556.661621915		
1489732972.97		553.560929504		549.13411575		556.763470619		
1489766616.22		553.741576743		549.467025291		556.949625016		
1489800259.46		553.95111338		549.799855913		557.145642436		
1489833902.7		554.098875038		550.159874028		557.292561674		
1489867545.95		554.185387019		550.441001099		557.351066873		
1489901189.19		554.297914323		550.741588545		557.449162715		
1489934832.43		554.377644056		550.891238628		557.491773578		
1489968475.68		554.517219655		551.278303247		557.647146279		
1490002118.92		554.657690472		551.579312612		557.768057693		
1490035762.16		554.787519478		551.891065753		557.886124639		
1490069405.41		554.930493946		552.10825283		558.038408695		
1490103048.65		555.141062681		552.351121209		558.17183278		
1490136691.89		555.32702985		552.629071488		558.342104367		
1490170335.14		555.497831248		552.923035484		558.489662024		
1490203978.38		555.618899452		553.132115759		558.611445614		
1490237621.62		555.790707634		553.353946674		558.789284004		
1490271264.86		556.023670399		553.560870894		558.952085501		
1490304908.11		556.261261162		553.831301179		559.23703453		
1490338551.35		556.455864074		553.973641303		559.551112123		
1490372194.59		556.613175269		554.054574657		559.813214245		
1490405837.84		556.85795005		554.298409561		560.062422469		
1490439481.08		557.045412356		554.461399267		560.382277545		
1490473124.32		557.195936357		554.619678415		560.694780808		
1490506767.57		557.320090048		554.752070718		561.098372385		
1490540410.81		557.432308193		554.856445718		561.438146255		
1490574054.05		557.540518951		554.953675749		561.96736935		
1490607697.3		557.644059633		555.051500159		562.492892243		
1490641340.54		557.850828955		555.217939898		563.121109908		
1490674983.78		558.034492033		555.365194711		563.721595916		
1490708627.03		558.237812879		555.573651789		564.502125346		
1490742270.27		558.356743688		555.68708213		565.24364475		
1490775913.51		558.495620342		555.827743222		565.953931123		
1490809556.76		558.733916833		556.048755607		566.851728258		
1490843200.0		558.935709613		556.236939671		567.726338707		
1490876843.24		559.066011435		556.3865133		568.527079766		
1490910486.49		559.174659522		556.500390072		569.304940215		
1490944129.73		559.385921281		556.637011386		570.151158122		
1490977772.97		559.572247707		556.83579248		571.01966306		
1491011416.22		559.778044137		557.017392052		571.88672851		
1491045059.46		560.083357446		557.309833268		572.866503244		
1491078702.7		560.357254552		557.578828334		573.804966969		
1491112345.95		560.597145091		557.786421962		574.706090652		
1491145989.19		560.777628492		557.901153726		575.538897538		
1491179632.43		560.932869587		557.976774041		576.337983774		
1491213275.68		561.032073234		558.008263632		577.103750398		
1491246918.92		561.138018967		558.132141595		577.911720757		
1491280562.16		561.27795838		558.266056656		578.768189917		
1491314205.41		561.438673867		558.358928137		579.600469273		
1491347848.65		561.662042489		558.548247899		580.479709486		
1491381491.89		561.776676798		558.63419605		581.292299687		
1491415135.14		561.985032369		558.774278281		582.173888439		
1491448778.38		562.162666957		558.880290098		583.000965379		
1491482421.62		562.330066484		559.000335301		583.843558595		
1491516064.86		560.718236927		557.322646044		582.738907074		
1491549708.11		560.831934522		557.418275565		583.563319022		
1491583351.35		561.013958117		557.612111693		584.468750953		
1491616994.59		561.192406615		557.748854753		585.37064231		
1491650637.84		561.443763006		557.936748046		586.31102855		
1491684281.08		561.652451832		558.082820636		587.211934663		
1491717924.32		561.841537358		558.21234528		588.102681548		
1491751567.57		561.979628811		558.33024694		588.968629771		
1491785210.81		562.13018592		558.476133092		589.848942829		
1491818854.05		562.371156276		558.711496881		590.826933877		
1491852497.3		562.640718452		558.906656773		591.791715253		
1491886140.54		562.835520849		559.029488749		592.681875921		
1491919783.78		562.972134927		559.120195538		593.552759844		
1491953427.03		563.142037336		559.243402212		594.439519009		
1491987070.27		563.259930241		559.319245728		595.281469781		
1492020713.51		563.430621393		559.468934462		596.183581561		
1492054356.76		563.549660307		559.554868538		597.042987417		
1492088000.0		563.638092755		559.606225733		597.866571599		
1492121643.24		565.179780083		561.151160901		598.62925982		
1492155286.49		565.223270209		561.168612351		599.0605314		
1492188929.73		565.315559614		561.21307325		599.817996945		
1492222572.97		565.37912017		561.199950578		600.69216181		
1492256216.22		565.484940383		561.243011814		601.645392467		
1492289859.46		565.628526219		561.271871039		602.556919518		
1492323502.7		565.781606801		561.401381944		603.519132159		
1492357145.95		565.869090382		561.466040587		604.445543246		
1492390789.19		565.970012158		561.519981249		605.376381425		
1492424432.43		566.039632162		561.558521352		606.272098659		
1492458075.68		566.217262764		561.6868354		607.266470233		
1492491718.92		566.384654489		561.860681806		608.290284888		
1492525362.16		566.554578542		561.982038585		609.309899935		
1492559005.41		566.720637458		562.111766232		610.423942758		
1492592648.65		566.88524832		562.233457941		611.50248807		
1492626291.89		567.058766089		562.321832343		612.491362281		
1492659935.14		567.232605899		562.42153101		613.476981653		
1492693578.38		567.400756374		562.545783266		614.464796823		
1492727221.62		567.579746988		562.717286947		615.464038623		
1492760864.86		567.776454497		562.842918716		616.490669809		
1492794508.11		567.965445528		562.96006693		617.518566207		
1492828151.35		568.169207968		563.106661796		618.547821628		
1492861794.59		568.356277383		563.234537314		619.562850124		
1492895437.84		568.530301604		563.328999066		620.571918487		
1492929081.08		568.708072845		563.452513619		621.587924049		
1492962724.32		568.896318529		563.572080675		622.635669789		
1492996367.57		569.089729359		563.655172762		623.685259424		
1493030010.81		569.295915137		563.74596687		624.736773297		
1493063654.05		569.492548592		563.869307173		625.790289808		
1493097297.3		569.670578152		564.003781058		626.845878337		
1493130940.54		569.85136337		564.103435512		627.903612878		
1493164583.78		570.042977597		564.205805134		628.963563933		
1493198227.03		570.223228204		564.308375896		630.025794197		
1493231870.27		570.399414185		564.460611295		631.090371994		
1493265513.51		570.568583602		564.563227614		632.108378639		
1493299156.76		570.733908562		564.69080147		632.862146437		
1493332800.0		570.946985644		564.788333394		633.902964527		
1493366443.24		571.157390922		564.900725046		634.946552478		
1493400086.49		571.37061353		565.012774765		635.992948842		
1493433729.73		571.565384958		565.108937838		637.042195932		
1493467372.97		571.725186993		565.234491636		638.096685583		
1493501016.22		571.911213582		565.368762655		639.178799736		
1493534659.46		572.081762968		565.517836026		640.263748551		
1493568302.7		572.248196703		565.628753113		641.351580158		
1493601945.95		572.440229771		565.741315627		642.442340819		
1493635589.19		572.61618972		565.853841881		643.536079441		
1493669232.43		572.777191254		565.966335432		644.632840511		
1493702875.68		572.960516893		566.083048513		645.732667743		
1493736518.92		573.136383216		566.1893283		646.835606331		
1493770162.16		573.316361099		566.294502375		647.941697654		
1493803805.41		573.525616688		566.401917638		649.050983176		
1493837448.65		573.70971242		566.520592438		650.163504924		
1493871091.89		573.891529126		566.626399334		651.279301639		
1493904735.14		574.073366607		566.742937689		652.398412805		
1493938378.38		574.28644632		566.820125423		653.52087776		
1493972021.62		574.483573437		566.897278948		654.646733013		
1494005664.86		574.68925381		566.989207732		655.776016318		
1494039308.11		574.89005796		567.061031907		656.908764739		
1494072951.35		575.090958956		567.158495874		658.045012909		
1494106594.59		575.28917575		567.265584919		659.184797077		
1494140237.84		575.484658827		567.374483672		660.328152398		
1494173881.08		575.669742377		567.483364511		661.475111939		
1494207524.32		575.843771733		567.592780117		662.625710649		
1494241167.57		576.017862314		567.701083772		663.77998209		
1494274810.81		576.192016076		567.799764118		664.937958038		
1494308454.05		576.366235209		567.90590242		666.099672327		
1494342097.3		576.544048424		568.016596566		667.265157117		
1494375740.54		576.739491554		568.128487383		668.433832291		
1494409383.78		576.937450591		568.246924792		669.605296323		
1494443027.03		577.135518793		568.355728613		670.780628904		
1494476670.27		577.332873901		568.463264902		671.959859865		
1494510313.51		577.515066954		568.552457919		673.143020132		
1494543956.76		577.707075944		568.638435837		674.330139397		
1494577600.0		577.899823675		568.751793712		675.521247082		
1494611243.24		578.10713192		568.886597567		676.716373333		
1494644886.49		578.314571363		569.001315926		677.915547246		
1494678529.73		578.521849627		569.116033256		679.118797934		
1494712172.97		578.707569582		569.225776197		680.326154937		
1494745816.22		578.910250809		569.335236153		681.537646911		
1494779459.46		579.119268793		569.444128934		682.753302747		
1494813102.7		579.31068129		569.55303838		683.973151534		
1494846745.95		579.493231684		569.661965593		685.197221622		
1494880389.19		579.675626293		569.7709117		686.418159032		
1494914032.43		579.858125513		569.879877792		687.635613152		
1494947675.68		580.04569475		569.988864821		688.857293848		
1494981318.92		580.255910706		570.097873785		690.083227921		
1495014962.16		580.467527152		570.230599996		691.313442115		
1495048605.41		580.664655721		570.348067793		692.547962807		
1495082248.65		580.861910082		570.474062578		693.786816895		
1495115891.89		581.051586669		570.569382963		695.030031143		
1495149535.14		581.234966544		570.667763746		696.277632026		
1495183178.38		581.426848216		570.788357922		697.529646591		
1495216821.62		581.626916074		570.910487762		698.786101697		
1495250464.86		581.827112866		571.019341775		700.047023995		
1495284108.11		582.027439171		571.116340741		701.310060342		
1495317751.35		582.227895508		571.213365009		702.577582992		
1495351394.59		582.428482359		571.310414922		703.849644339		
1495385037.84		582.629200242		571.407989321		705.126271345		
1495418681.08		582.830049626		571.517353872		706.407490845		
1495452324.32		583.030683981		571.631421445		707.693329736		
1495485967.57		583.225668911		571.740984223		708.94068822		
1495519610.81		583.420779087		571.859147447		709.946207831		
1495553254.05		583.619564819		571.980399696		711.041385258		
1495586897.3		583.819005689		572.09935076		712.359907451		
1495620540.54		584.016321953		572.211455598		713.683276714		
1495654183.78		584.211943967		572.336232735		715.011522208		
1495687827.03		584.403868891		572.456487582		716.344673346		
1495721470.27		584.59480651		572.577000348		717.68275946		
1495755113.51		584.785863073		572.697559127		719.025810133		
1495788756.76		584.963051192		572.815134652		720.373855145		
1495822400.0		585.138669862		572.934595735		721.710366896		
1495856043.24		585.32888847		573.051240329		723.031510315		
1495889686.49		585.521157548		573.167928676		724.165409501		
1495923329.73		585.717955209		573.285348656		725.483750772		
1495956972.97		585.914882308		573.405816804		726.861449461		
1495990616.22		586.11193911		573.504799832		728.244355181		
1496024259.46		586.304618198		573.603813636		729.632499055		
1496057902.7		586.493941174		573.718602322		731.025912588		
1496091545.95		586.683384347		573.85182562		732.424627381		
1496125189.19		586.872947925		573.985108367		733.828675089		
1496158832.43		587.062632127		574.098440092		735.238087773		
1496192475.68		587.252437161		574.210550232		736.652897572		
1496226118.92		587.442363222		574.321996349		738.073136733		
1496259762.16		587.63737861		574.430463869		739.49883789		
1496293405.41		587.843330548		574.53581694		740.930033763		
1496327048.65		588.04942546		574.648172019		742.366757241		
1496360691.89		588.246749957		574.759531256		743.808465952		
1496394335.14		588.441008694		574.86932038		745.245451198		
1496427978.38		588.63539401		574.979149689		746.687953322		
1496461621.62		588.829906113		575.083792102		748.136006491		
1496495264.86		589.024545204		575.183526185		749.589644849		
1496528908.11		589.214922825		575.283049066		751.048902747		
1496562551.35		589.403201297		575.404335543		752.51381486		
1496596194.59		589.591598759		575.524820501		753.984415882		
1496629837.84		589.7801154		575.638975042		755.460740775		
1496663481.08		589.977020238		575.749088371		756.942824776		
1496697124.32		590.182454833		575.859242621		758.430703184		
1496730767.57		590.388031339		575.971748594		759.821047151		
1496764410.81		590.586252757		576.092558619		761.202153507		
1496798054.05		590.78204335		576.219322698		762.704065184		
1496831697.3		590.972341344		576.339558574		764.211901065		
1496865340.54		591.160228281		576.445252718		765.725696954		
1496898983.78		591.348233595		576.550984571		767.245488854		
1496932627.03		591.53635746		576.656754205		768.777193885		
1496966270.27		591.733357645		576.762561688		770.315357234		
1496999913.51		591.937208281		576.868407084		771.859676468		
1497033556.76		592.141198729		576.974290458		773.410189188		
1497067200.0		592.345697854		577.080211874		774.966933248		
