1463457600.0		6.30503829509		3.28134398077		28.6478263579		
1463493837.84		2.97529547531		2.8986172728		3.11175998375		
1463530075.68		3.00438103292		2.96417215214		3.04201355363		
1463566313.51		3.1480444198		3.1118905963		3.18381761436		
1463602551.35		3.27857357978		3.24036776707		3.31389123483		
1463638789.19		3.44792438867		3.40798038586		3.4852545688		
1463675027.03		3.5913341848		3.54955801211		3.63002209881		
1463711264.86		3.77788720006		3.73380856437		3.81846700848		
1463747502.7		3.96917693457		3.92268803594		4.01147740154		
1463783740.54		4.13923019584		4.09063910943		4.18355580501		
1463819978.38		4.35136813265		4.30027400941		4.3982247555		
1463856216.22		4.54127592114		4.48763667759		4.59054548754		
1463892454.05		4.77367966863		4.71736170515		4.82584587918		
1463928691.89		5.01798728876		4.95904174334		5.07278945073		
1463964929.73		5.23623079137		5.17429809633		5.29328465096		
1464001167.57		5.50343450973		5.43900726833		5.56384400316		
1464037405.41		5.72055564583		5.65424688732		5.78325853242		
1464073643.24		5.89614983576		5.82790843897		5.96059887777		
1464109881.08		6.07789536718		6.0073365042		6.14395187979		
1464146118.92		6.36065734861		6.28721011495		6.4298438581		
1464182356.76		6.71517733446		6.63799869194		6.78842938975		
1464218594.59		6.97574292221		6.89629171969		7.05185110991		
1464254832.43		7.26666354617		7.18327897342		7.34577671214		
1464291070.27		7.53762522644		7.45173015691		7.61891252677		
1464327308.11		7.87746886675		7.78850915553		7.9627726953		
1464363545.95		8.19071322654		8.09794678654		8.27982940966		
1464399783.78		8.55299270575		8.45576070787		8.6460820549		
1464436021.62		8.93591867601		8.83516671555		9.03376866338		
1464472259.46		9.28144835949		9.17661311304		9.38286102841		
1464508497.3		9.69487591482		9.58580626919		9.80098498342		
1464544735.14		10.0681653261		9.95585074089		10.1784521492		
1464580972.97		10.5148732137		10.3985073313		10.6298198283		
1464617210.81		10.9146251425		10.7951251289		11.0342979959		
1464653448.65		11.3782572771		11.2545027084		11.5031059413		
1464689686.49		11.8801928089		11.7527478067		12.0117207455		
1464725924.32		12.3322794603		12.200559436		12.4691703294		
1464762162.16		12.872118289		12.7344954108		13.0144534749		
1464798400.0		13.3460842422		13.2042880893		13.4934214136		
1464834637.84		13.9111753473		13.7628809053		14.0643421679		
1464870875.68		14.5135309921		14.3590123832		14.6731579975		
1464907113.51		15.0545110408		14.894853652		15.2198847001		
1464943351.35		15.702335777		15.535203278		15.8742407238		
1464979589.19		16.2208313402		16.0482605109		16.3984118257		
1465015827.03		16.9117753471		16.7323686701		17.09778343		
1465052064.86		17.5343367243		17.350558594		17.7292156122		
1465088302.7		18.449474153		18.2577017542		18.6529913807		
1465124540.54		19.584690442		19.3804865105		19.7999153779		
1465160778.38		20.7830509955		20.5668975756		21.0110646782		
1465197016.22		22.0376338445		21.8107643946		22.2810414011		
1465233254.05		23.3601242161		23.1211915433		23.6178731333		
1465269491.89		24.645878142		24.3967225275		24.9178808964		
1465305729.73		26.1386072303		25.8758584921		26.4261097327		
1465341967.57		27.70922709		27.4310364068		28.0127765841		
1465378205.41		29.3583330349		29.0651503168		29.6768535148		
1465414443.24		31.082584395		30.7727514202		31.4183340988		
1465450681.08		32.8858339283		32.5571477016		33.2393066142		
1465486918.92		34.7683857122		34.4248782205		35.1422802884		
1465523156.76		36.7406838012		36.3813972472		37.128971906		
1465559394.59		38.7983128269		38.4232951838		39.2038903173		
1465595632.43		40.9447256275		40.5449427302		41.3710221844		
1465631870.27		43.185834829		42.7565647474		43.6329005753		
1465668108.11		45.5158030623		45.0682390917		45.9896218147		
1465704345.95		47.9464374114		47.4783126478		48.4426077535		
1465740583.78		50.4785835958		49.9871586675		51.0023969243		
1465776821.62		53.1020915287		52.5841707418		53.6541681321		
1465813059.46		55.825842413		55.2902200507		56.4055817337		
1465849297.3		58.6730791702		58.1090922999		59.2850098544		
1465885535.14		61.5297656672		60.9440877072		62.1576109247		
1465921772.97		64.4797671728		63.8620356138		65.111817241		
1465937519.0		65.7905541538		65.1519893107		66.4409669425		
1465937520.0		65.7906383193		65.1520726758		66.4410524705		
1465937521.0		65.790722485		65.152156041		66.4411379988		
1465958010.81		37.5210493531		36.2789549073		39.6344525149		
1465994248.65		34.5778305668		33.732825867		35.6399560618		
1466030486.49		35.1625224761		34.3478800795		36.1591033818		
1466066724.32		35.8808338337		35.0692122887		36.8747684647		
1466102962.16		36.6175861572		35.7992786778		37.6331544365		
1466139200.0		37.3711228503		36.5375753272		38.4019715652		
1466175437.84		38.1288235982		37.2787761822		39.1718483885		
1466211675.68		38.8962502471		38.0387887321		39.9527445956		
1466247913.51		39.6762353308		38.8093157728		40.746409074		
1466284151.35		40.4630898711		39.5859867154		41.5384430012		
1466320389.19		41.2561080688		40.363268783		42.3404761806		
1466356627.03		42.0524321505		41.1478336998		43.1459740024		
1466392864.86		42.8448935235		41.9328374692		43.9499289767		
1466429102.7		43.6575140935		42.7362538961		44.768181921		
1466465340.54		44.481615146		43.5498879719		45.6010944759		
1466501578.38		45.3074448198		44.3716934334		46.4293547175		
1466537816.22		46.3089517286		45.3744328225		47.4531364725		
1466574054.05		48.6635083842		47.6950138971		49.8535119351		
1466610291.89		51.1227497908		50.1225655183		52.3586130115		
1466646529.73		53.6770271677		52.6454512713		54.9659531783		
1466682767.57		56.3284071619		55.2609661466		57.6642709603		
1466719005.41		59.0737103501		57.9756324799		60.4511059901		
1466755243.24		61.9114862356		60.7779713351		63.3315139155		
1466791481.08		64.8543664027		63.6831201715		66.3164252674		
1466827718.92		67.8899769561		66.6790584007		69.4010844633		
1466863956.76		71.0114783233		69.7455899402		72.5756464191		
1466900194.59		74.2319157107		72.9140290525		75.8361110896		
1466936432.43		77.5371465208		76.1751265411		79.1748842995		
1466972670.27		80.9326821454		79.5402706284		82.6345118417		
1467008908.11		84.4138192784		83.0009611048		86.1653327834		
1467045145.95		87.9827063066		86.543764045		89.7550095623		
1467081383.78		91.629862348		90.1522899578		93.4367876079		
1467117621.62		95.3332748666		93.8274058189		97.1964825395		
1467153859.46		99.1062189206		97.5429462035		101.010146422		
1467190097.3		102.953449774		101.35873798		104.88837774		
1467226335.14		106.905478236		105.248995095		108.871107841		
1467262572.97		110.908370017		109.200414574		112.894786393		
1467298810.81		107.528564353		105.861424718		109.4047314		
1467335048.65		118.924653822		117.091125092		120.951631898		
1467371286.49		123.029675988		121.183211591		125.08894273		
1467407524.32		127.185878772		125.293469772		129.251356493		
1467443762.16		131.369978608		129.454199668		133.429861362		
1467480000.0		135.504869579		133.586912774		137.589561941		
1467516237.84		139.671018973		137.681341064		141.765329172		
1467552475.68		143.794670807		141.842207835		145.949930979		
1467588713.51		147.971704847		145.902771447		150.128334236		
1467624951.35		152.101161787		149.947008957		154.327610641		
1467661189.19		156.224893248		154.068775747		158.483836444		
1467697427.03		160.316528602		158.048197667		162.600010626		
1467733664.86		164.385222921		162.12314419		166.709227045		
1467769902.7		168.406032224		166.085146094		170.773474881		
1467806140.54		172.382056055		170.044817021		174.732989475		
1467842378.38		176.29244353		173.925210421		178.674324341		
1467878616.22		180.17925967		177.786064506		182.55802412		
1467914854.05		183.976295834		181.547946958		186.390795353		
1467951091.89		187.835558647		185.392808204		190.264152763		
1467987329.73		191.387486301		188.788841451		193.823767305		
1468023567.57		194.972433126		192.236864605		197.417701025		
1468059805.41		198.477285905		195.628442102		200.945159051		
1468096043.24		201.928209088		199.007114081		204.38241694		
1468132281.08		205.256987096		202.305951837		207.739592646		
1468168518.92		208.530382017		205.551617826		211.031171375		
1468204756.76		211.702797363		208.712267919		214.217260343		
1468240994.59		214.788873334		211.689244218		217.32581328		
1468277232.43		217.788308271		214.607130441		220.3534515		
1468313470.27		220.768719098		217.499036605		223.37934529		
1468349708.11		223.602022022		220.23816588		226.229028514		
1468385945.95		226.340068386		222.906559017		229.013978763		
1468422183.78		228.994229666		225.531555108		231.696887545		
1468458421.62		247.9157599		244.130587707		250.832469953		
1468494659.46		250.549931807		246.651254776		253.473077401		
1468530897.3		253.042299505		249.048551105		256.029303747		
1468567135.14		255.459062228		251.429543645		258.465827717		
1468597799.0		257.420214632		253.317549194		260.432445158		
1468597800.0		257.420276975		253.317608007		260.432508934		
1468597801.0		257.420339317		253.31766682		260.43257271		
1468603372.97		194.141937565		187.658911832		203.867727369		
1468639610.81		137.617559186		133.277246535		144.540943564		
1468675848.65		139.333056735		135.653861599		144.539346449		
1468712086.49		143.542174476		140.010267484		148.198463512		
1468748324.32		148.02308621		144.515917259		152.515129202		
1468784562.16		152.556755712		149.062694093		156.96622476		
1468820800.0		157.069275315		153.622055098		161.418436594		
1468857037.84		161.550341406		158.163703061		165.86912042		
1468893275.68		166.032434421		162.674102206		170.174583518		
1468929513.51		170.457195168		167.188555193		174.582047606		
1468965751.35		172.944082463		169.744985352		176.823214137		
1469001989.19		177.523989336		174.379541737		181.26697854		
1469038227.03		182.003140528		178.871082729		185.456060415		
1469074464.86		186.42915902		183.319845169		189.712694877		
1469110702.7		190.777354484		187.729843938		193.983205324		
1469146940.54		195.057359924		192.09211201		198.185973727		
1469183178.38		199.232197636		196.424355851		202.237489174		
1469219416.22		182.904325761		180.450596599		185.52898631		
1469255654.05		186.377377643		183.896220846		188.7860445		
1469291891.89		189.7400518		187.325183453		191.962855286		
1469328129.73		192.982880922		190.699500302		195.118496406		
1469364367.57		196.148949282		193.979226929		198.248764349		
1469400605.41		199.207652023		197.177683291		201.330558689		
1469436843.24		202.222665862		200.271966436		204.27605642		
1469473081.08		205.153270162		203.260818901		207.223740775		
1469509318.92		208.018959289		206.180268194		210.063182607		
1469545556.76		201.823131872		199.995903388		203.776632024		
1469581794.59		204.332016784		202.363566284		206.188401975		
1469618032.43		206.923541709		204.769228705		208.688487982		
1469654270.27		209.416626142		207.120616893		211.12289893		
1469690508.11		211.818596918		209.369571142		213.510617507		
1469726745.95		214.131567582		211.501359355		215.790234037		
1469762983.78		221.433644536		218.749492472		223.108185811		
1469799221.62		223.686249645		220.93654059		225.314561156		
1469835459.46		239.778627103		236.809664839		241.511666628		
1469871697.3		241.97860139		239.027988821		243.715729302		
1469907935.14		244.117204874		241.095798449		245.884552468		
1469944172.97		246.177232336		243.106757153		247.9897935		
1469980410.81		248.127508786		245.032462806		249.925346375		
1470016648.65		249.984833603		246.850134422		251.834391425		
1470052886.49		251.794746497		248.578494546		253.673877287		
1470089124.32		233.109279005		230.115282103		234.880915105		
1470125362.16		255.246882386		251.90063398		257.223528283		
1470161600.0		256.820098841		253.413597733		258.810791729		
1470197837.84		240.283685873		237.094719735		242.125648607		
1470234075.68		241.878931971		238.735249801		243.665511179		
1470270313.51		243.440324816		240.3536936		245.212657545		
1470306551.35		244.914636735		241.876172478		246.698384751		
1470342789.19		245.99687445		242.999721159		247.816799995		
1470379027.03		247.335849441		244.316806763		249.182657943		
1470415264.86		248.729932376		245.79603473		250.584263841		
1470451502.7		250.034343317		247.136149383		251.888471893		
1470487740.54		251.27595084		248.419720977		253.12972957		
1470523978.38		249.702638393		246.94233881		251.553160266		
1470560216.22		250.878232277		248.09924089		252.759572544		
1470596454.05		252.079128057		249.336054511		253.96266206		
1470632691.89		253.244815454		250.508976404		255.111487241		
1470668929.73		254.388192372		251.715999639		256.266723059		
1470705167.57		274.937977201		272.102705102		276.949831111		
1470741405.41		276.014998384		273.25839741		278.006831766		
1470777643.24		277.295783617		274.585487593		279.269608113		
1470813881.08		277.589805344		274.865697288		279.546442788		
1470850118.92		277.716153396		274.998288162		279.664241938		
1470886356.76		277.785540672		275.047941388		279.748286061		
1470922594.59		277.854664005		275.146427883		279.78964352		
1470958832.43		278.131992782		275.578694681		280.023197166		
1470995070.27		278.511021034		276.229421979		280.376702862		
1471031308.11		278.871541406		276.796935924		280.648106704		
1471067545.95		279.31218072		277.356632978		280.999760459		
1471103783.78		279.625586133		277.848778844		281.254145452		
1471140021.62		280.031581732		278.362181085		281.628515456		
1471176259.46		280.402786134		278.849068144		281.97090499		
1471212497.3		280.811340133		279.351270191		282.291811172		
1471248735.14		281.167108861		279.791005818		282.608341454		
1471284972.97		281.555976961		280.200526305		282.964611437		
1471321210.81		282.025236154		280.656599111		283.375123287		
1471357448.65		282.394292445		280.949882543		283.711682527		
1471393686.49		282.782009124		281.284365345		284.179725315		
1471429924.32		283.10901596		281.543923675		284.617485558		
1471466162.16		283.505963892		281.86109192		285.195375354		
1471502400.0		283.894510592		282.190245201		285.743816296		
1471538637.84		284.226899092		282.491325077		286.08695461		
1471574875.68		284.571381862		282.841115994		286.571994412		
1471611113.51		284.906515087		283.129732438		287.044072881		
1471647351.35		285.212268184		283.436002008		287.420867502		
1471683589.19		285.502099506		283.727596121		287.801468258		
1471719827.03		285.821303838		284.017878452		288.250801049		
1471756064.86		286.106717719		284.288295896		288.639199882		
1471792302.7		286.375646297		284.534053038		289.01899586		
1471828540.54		286.637794925		284.796471002		289.349385583		
1471864778.38		286.913066276		285.064388441		289.691262302		
1471879999.0		287.203000479		285.346363995		290.014685321		
1471880000.0		287.203021899		285.346388978		290.014708773		
1471880001.0		287.203043318		285.34641396		290.014732225		
1471901016.22		286.2609817		284.546734651		288.3805485		
1471937254.05		276.56757565		275.026903367		278.250568708		
1471973491.89		267.756197699		266.324568133		269.133845069		
1472009729.73		259.515143214		258.068457885		260.96459007		
1472045967.57		251.9271235		250.172041416		253.458960773		
1472082205.41		244.916726561		242.863785261		246.537204673		
1472118443.24		238.851177789		236.832237695		240.40182776		
1472154681.08		233.112978728		231.170489921		234.627215968		
1472190918.92		227.654086115		225.779611916		229.17104477		
1472227156.76		206.11015189		204.433000491		207.523183163		
1472263394.59		217.605422827		215.8727459		219.093768619		
1472299632.43		212.961993968		211.273568565		214.471660123		
1472335870.27		208.582585285		206.920209935		210.086352774		
1472372108.11		204.396391125		202.782177173		205.888452184		
1472408345.95		200.39257352		198.813907548		201.90376141		
1472444583.78		196.57882344		195.010099131		198.076734144		
1472480821.62		192.907688117		191.421753681		194.429069217		
1472517059.46		189.450491957		187.951441103		190.918861968		
1472553297.3		186.128308165		184.669549032		187.534524456		
1472589535.14		182.926577296		181.461375376		184.283871057		
1472625772.97		179.868600077		178.386341119		181.200776843		
1472662010.81		176.91295055		175.468105114		178.204224137		
1472698248.65		174.062577353		172.63744747		175.341701625		
1472734486.49		171.322927574		169.912496418		172.547939286		
1472770724.32		168.686435189		167.264666661		169.92144895		
1472799999.0		166.624419203		165.213811805		167.83795856		
1472800000.0		166.624350051		165.213742236		167.837889653		
1472800001.0		166.6242809		165.213672667		167.837820746		
1472806962.16		166.117506682		164.700657353		167.334714904		
1472843200.0		163.960975087		162.614989896		165.150922398		
1472879437.84		168.348710826		167.038204081		169.491142778		
1472915675.68		172.556705248		171.253328882		173.692362105		
1472951913.51		176.678837969		175.390107749		177.830278201		
1472988151.35		180.834934429		179.589901753		182.015891567		
1473024389.19		184.974325645		183.718222729		186.14144477		
1473060627.03		189.038730229		187.816318447		190.228455722		
1473096864.86		193.321269338		192.09301337		194.523482909		
1473133102.7		197.266774919		196.05263929		198.468921837		
1473169340.54		201.268772253		200.098334536		202.481935013		
1473205578.38		205.223745207		204.087338711		206.448387821		
1473241816.22		209.167323196		208.005873628		210.388752394		
1473278054.05		213.049732819		211.865870009		214.284018501		
1473314291.89		216.867298388		215.667800558		218.15762445		
1473350529.73		220.632628882		219.413180475		221.958019542		
1473386767.57		224.153182025		222.956958481		225.538942587		
1473423005.41		227.838697322		226.634452221		229.313884444		
1473459243.24		231.339108591		230.11637573		232.878031832		
1473495481.08		234.804808917		233.58227798		236.458950992		
1473531718.92		238.235447377		236.987032143		239.946750641		
1473567956.76		241.577859713		240.361590986		243.380500888		
1473604194.59		244.839382916		243.601211534		246.674555108		
1473640432.43		248.03371364		246.802662181		249.926383604		
1473676670.27		251.171954532		249.928182612		253.119298913		
1473712908.11		254.274160618		253.034733605		256.318525156		
1473749145.95		257.28457352		256.025886976		259.384645472		
1473785383.78		260.234046309		258.969314341		262.373342973		
1473821621.62		263.534157459		262.30938461		265.617929325		
1473857859.46		266.481700325		265.282480873		268.374493477		
1473894097.3		269.086174121		267.855103211		270.644305399		
1473930335.14		271.586149146		270.3315255		273.10119253		
1473966572.97		274.218208442		272.928084978		275.814571969		
1474002810.81		276.767112886		275.479428683		278.502493138		
1474039048.65		279.272569193		277.959308592		281.041195307		
1474075286.49		272.933698084		271.627827009		274.675888759		
1474111524.32		275.219347609		273.907482734		276.971358318		
1474147762.16		277.464481234		276.145413492		279.219451179		
1474184000.0		279.691283273		278.345451962		281.457884451		
1474220237.84		281.823320957		280.461330713		283.603739129		
1474256475.68		283.902844011		282.547541716		285.696608004		
1474292713.51		285.9224349		284.565522905		287.709688857		
1474328951.35		287.886344395		286.515951562		289.656991482		
1474365189.19		289.802538487		288.407403628		291.54982223		
1474401427.03		289.637347227		288.238043827		291.342904138		
1474437664.86		291.541742121		290.117163343		293.234434605		
1474473902.7		293.346221327		291.910594254		295.037547402		
1474510140.54		293.849595532		292.414466027		295.55075799		
1474546378.38		295.898106269		294.452281797		297.601455348		
1474582616.22		297.960924538		296.503971462		299.672165002		
1474618854.05		299.959185104		298.475347261		301.670933165		
1474655091.89		297.200265117		295.72338541		298.870173129		
1474691329.73		298.938279285		297.45540805		300.621499867		
1474727567.57		300.563597775		299.053425591		302.244494105		
1474763805.41		302.113510465		300.599183011		303.799672544		
1474800043.24		303.610849078		302.092303029		305.309855314		
1474836281.08		305.050685583		303.524272541		306.770052608		
1474872518.92		306.446058347		304.913408475		308.169124141		
1474908756.76		312.594947521		311.036893601		314.372796503		
1474944994.59		309.079664974		307.55050449		310.835212055		
1474981232.43		310.356436178		308.817618584		312.126035054		
1475017470.27		311.599483053		310.061767344		313.387709697		
1475053708.11		312.829941073		311.275625267		314.60045278		
1475089945.95		314.085361137		312.531815696		315.874947658		
1475126183.78		315.418325815		313.867641743		317.23586389		
1475162421.62		316.710887245		315.159188805		318.557058999		
1475179999.0		317.061971627		315.520004992		318.911576022		
1475180000.0		317.061685584		315.519724665		318.911283971		
1475180001.0		317.06139954		315.519444338		318.910991921		
1475198659.46		311.675796226		310.270469078		313.348467058		
1475234897.3		300.94650623		299.79371022		302.198293776		
1475271135.14		290.733647719		289.713201416		291.855846173		
1475307372.97		281.16811504		280.199869942		282.257530824		
1475343610.81		272.106800127		271.109557548		273.034692545		
1475379848.65		267.64167457		266.385133829		268.793226967		
1475416086.49		265.13212921		263.594954373		266.358625105		
1475452324.32		262.815918909		261.11080804		264.213423768		
1475488562.16		260.58244663		258.732768296		262.10997153		
1475524800.0		257.003663874		255.040764437		258.724275438		
1475561037.84		253.473949194		251.275185789		255.290934761		
1475597275.68		251.843783007		249.447015694		253.765558549		
1475633513.51		249.973465078		247.377572223		252.035226115		
1475669751.35		249.520228738		246.793033288		251.6961791		
1475679999.0		249.040896147		246.281532965		251.263591166		
1475680000.0		249.041072105		246.281712252		251.263765171		
1475680001.0		249.041248063		246.281891538		251.263939177		
1475705989.19		253.588211716		250.846281434		255.775801375		
1475742227.03		259.737351385		257.063302901		261.935013823		
1475778464.86		265.993227973		263.454486128		268.153632317		
1475814702.7		272.120523025		269.680317696		274.227260553		
1475850940.54		278.146478238		275.820434876		280.202068471		
1475887178.38		283.680636484		281.432542264		285.711012369		
1475923416.22		288.79298189		286.619104179		290.775539542		
1475959654.05		293.806025268		291.734572834		295.753405022		
1475995891.89		298.807688248		296.777942598		300.690922011		
1476032129.73		303.577951257		301.665613191		305.382737354		
1476068367.57		308.278185123		306.442571408		309.987692906		
1476104605.41		312.898207931		311.116905286		314.489429735		
1476140843.24		317.4330942		315.659830378		318.890033352		
1476177081.08		321.834743687		320.194395483		323.236510937		
1476213318.92		326.033286407		324.506140589		327.420560853		
1476249556.76		330.145302128		328.671596509		331.502919905		
1476285794.59		334.174630759		332.781900825		335.523033262		
1476322032.43		337.770337611		336.393441426		339.071644167		
1476358270.27		340.713936848		339.370401791		341.983924823		
1476394508.11		343.979675506		342.654726162		345.234515626		
1476430745.95		347.290796504		345.976875936		348.540512561		
1476466983.78		350.354166451		349.067325884		351.669152119		
1476503221.62		353.627175		352.355597057		354.989807514		
1476539459.46		356.904219857		355.665763989		358.294779084		
1476575697.3		360.063680326		358.857095893		361.490934117		
1476611935.14		363.104552804		361.936928095		364.592069751		
1476648172.97		366.103808923		364.957473691		367.607860906		
1476684410.81		368.964300447		367.845002196		370.465951345		
1476720648.65		371.745133359		370.605185305		373.289278193		
1476756886.49		374.435097269		373.282024212		375.986013241		
1476793124.32		376.990177567		375.863472602		378.517952281		
1476829362.16		379.480659806		378.339245137		381.028979912		
1476865600.0		381.90897895		380.745522353		383.452206031		
1476901837.84		384.216674136		383.035498873		385.784528601		
1476938075.68		386.419632812		385.227291341		387.964067348		
1476974313.51		388.509823473		387.298491511		390.044584846		
1477010551.35		390.214304457		389.021046239		391.750397727		
1477046789.19		391.828787798		390.624820579		393.359512959		
1477083027.03		393.402946162		392.17665155		394.933361693		
1477119264.86		394.943860504		393.663944974		396.512705995		
1477155502.7		396.427831017		395.121860484		398.003943559		
1477191740.54		397.855271136		396.530332005		399.448970943		
1477227978.38		399.243717847		397.919328596		400.871082926		
1477264216.22		400.599483089		399.247152029		402.25334316		
1477300454.05		401.908969682		400.555007221		403.571695579		
1477336691.89		403.158101121		401.802399769		404.875098258		
1477372929.73		404.356997163		402.973268092		406.114536491		
1477409167.57		405.55156175		404.14932975		407.324392121		
1477445405.41		406.715228865		405.28192454		408.492751716		
1477481643.24		407.826314259		406.384371903		409.633353576		
1477517881.08		408.933791101		407.494551161		410.760677449		
1477554118.92		409.985407403		408.534412781		411.838747047		
1477590356.76		410.90258564		409.444769781		412.806782581		
1477626594.59		412.005456812		410.528557125		413.901997464		
1477662832.43		413.019179084		411.532535065		414.909447272		
1477699070.27		413.925472404		412.435905455		415.830073464		
1477735308.11		414.852365648		413.35627652		416.774509532		
1477771545.95		415.74070634		414.23168483		417.694001053		
1477807783.78		416.659693883		415.150146158		418.616805801		
1477844021.62		417.504930998		416.000663114		419.495147784		
1477880259.46		418.365748659		416.851203844		420.349491331		
1477916497.3		419.195748768		417.676961472		421.202346047		
1477952735.14		419.997525601		418.474493408		421.998698028		
1477988972.97		420.807326301		419.287879783		422.8168767		
1478025210.81		421.597989444		420.064457838		423.614306998		
1478061448.65		422.375325302		420.851897517		424.416197719		
1478097686.49		423.118469688		421.593002275		425.175635951		
1478133924.32		423.878205421		422.343562217		425.923232252		
1478170162.16		424.616040065		423.088949388		426.65091167		
1478206400.0		425.343378239		423.820851088		427.386933347		
1478242637.84		426.066872092		424.555856838		428.125914447		
1478278875.68		426.782817626		425.27572819		428.854030601		
1478315113.51		427.508914632		426.000981029		429.570819969		
1478351351.35		428.187302815		426.672938623		430.258181328		
1478387589.19		428.890931954		427.371067339		430.973489158		
1478423827.03		429.572389807		428.032548785		431.658269799		
1478460064.86		430.245894263		428.68714146		432.330001459		
1478496302.7		430.893110653		429.340769673		432.996121821		
1478532540.54		431.557862256		430.005804325		433.675341972		
1478568778.38		432.216237029		430.667492223		434.348915549		
1478605016.22		432.863515464		431.313128957		435.000905155		
1478641254.05		433.510066026		431.966661123		435.655553835		
1478677491.89		434.150631919		432.607833021		436.296859852		
1478713729.73		434.785534948		433.243886349		436.962199397		
1478749967.57		435.422098794		433.878981363		437.579462685		
1478786205.41		436.055745274		434.513435927		438.212721694		
1478822443.24		436.678687093		435.136983619		438.838787718		
1478858681.08		437.29746148		435.750114963		439.455224566		
1478894918.92		437.925694598		436.377071451		440.088170587		
1478931156.76		438.539593036		437.004333501		440.713039529		
1478967394.59		439.169198552		437.625757439		441.343055649		
1479003632.43		439.775041173		438.228072565		441.946412206		
1479039870.27		440.405266125		438.854740154		442.577622908		
1479076108.11		441.006247188		439.454394947		443.180128135		
1479112345.95		441.608658848		440.057612151		443.78503435		
1479148583.78		442.21572433		440.669702123		444.403900656		
1479184821.62		442.821565958		441.274443358		445.006935004		
1479221059.46		443.419638961		441.870589516		445.589834696		
1479257297.3		444.013675618		442.450290125		446.18762863		
1479293535.14		444.603001011		443.040910775		446.777463672		
1479329772.97		445.19979249		443.652929762		447.384249178		
1479366010.81		445.791500009		444.252579879		447.975668031		
1479402248.65		446.377233588		444.829875858		448.550746704		
1479438486.49		446.985035548		445.430660366		449.124164498		
1479474724.32		447.580012808		446.034090983		449.719410237		
1479510962.16		448.172812547		446.6271482		450.248838462		
1479547200.0		448.777311271		447.225033272		450.85128112		
1479583437.84		449.370832721		447.812759123		451.451098734		
1479619675.68		449.969538814		448.40897166		452.030159326		
1479655913.51		450.560179409		448.997267977		452.612444502		
1479692151.35		451.131724763		449.566486266		453.186788991		
1479728389.19		451.72274911		450.159680324		453.77442751		
1479764627.03		439.587063325		438.081179906		441.577788879		
1479772378.0		439.721245651		438.21856645		441.712066178		
1479772379.0		439.721264203		438.218584978		441.712084825		
1479772380.0		439.721282755		438.218603506		441.712103473		
1479800864.86		362.59722371		357.144120763		367.75224531		
1479837102.7		360.942806766		356.214318096		365.760906159		
1479873340.54		375.154420369		370.369033049		379.906710557		
1479909578.38		379.143555658		374.434890347		383.721666165		
1479945816.22		382.991440044		378.488991647		387.409925909		
1479982054.05		386.707042127		382.415245894		390.987070628		
1480018291.89		390.344467516		386.233374237		394.474564248		
1480054529.73		393.856824417		389.879291367		397.899884805		
1480090767.57		397.280518687		393.481051967		401.2054473		
1480127005.41		400.593712974		396.982765085		404.392829518		
1480163243.24		403.789588704		400.300478603		407.463735184		
1480199481.08		406.884689452		403.51755406		410.442375307		
1480235718.92		409.883208147		406.641554038		413.314332428		
1480271956.76		412.76814458		409.690615375		416.079734431		
1480308194.59		415.596045786		412.633947269		418.759779021		
1480344348.0		417.960704369		415.127604684		421.003201728		
1480344349.0		417.960644066		415.127550503		421.003140003		
1480344350.0		417.960583764		415.127496323		421.003078278		
1480344432.43		417.955612959		415.123030124		420.99799018		
1480380670.27		415.882403527		413.320681954		418.676058397		
1480416908.11		413.866949243		411.59266962		416.498523264		
1480453145.95		411.985419174		409.780220028		414.403091139		
1480489383.78		410.369719341		408.06535869		412.579883119		
1480525621.62		408.729477492		406.419228327		410.959550769		
1480561859.46		407.159669252		404.758550794		409.40785659		
1480598097.3		405.758098468		403.254930046		408.147819318		
1480634335.14		404.399382663		401.829985943		406.891914188		
1480670572.97		403.140409926		400.568099796		405.851107158		
1480706810.81		401.934383438		399.309177373		404.813015534		
1480743048.65		400.918333474		398.205663758		403.887485202		
1480779286.49		399.839953303		396.988885442		403.047460572		
1480815524.32		398.892833343		395.849408532		402.33643154		
1480851762.16		397.971496697		394.883304509		401.667769901		
1480888000.0		397.184210407		393.904845874		401.079411432		
1480924237.84		396.43381605		392.969614217		400.540335647		
1480926699.0		396.621346905		393.15496063		400.706103585		
1480926700.0		396.621452131		393.15506544		400.706199734		
1480926701.0		396.621557357		393.155170249		400.706295883		
1480960475.68		400.188173525		396.85658844		404.170536887		
1480996713.51		403.938485902		400.745296699		407.74400923		
1481032951.35		407.559777524		404.47832443		411.190618256		
1481069189.19		411.055780507		408.121032793		414.539483035		
1481105427.03		414.448690686		411.575751481		417.772492347		
1481141664.86		417.759838576		414.973299318		420.965667593		
1481177902.7		420.945392674		418.271147741		423.977639198		
1481214140.54		424.082717797		421.525199357		427.026604087		
1481250378.38		427.063177187		424.539347699		429.843985664		
1481286616.22		429.955194132		427.52902692		432.589077743		
1481322854.05		432.711831865		430.329448229		435.207834988		
1481359091.89		435.391658372		433.068805062		437.763029536		
1481395329.73		437.947981992		435.710910372		440.18913697		
1481431567.57		440.467232294		438.264744961		442.618651422		
1481467805.41		442.877230711		440.76204395		445.014065864		
1481504043.24		445.17656204		443.167690178		447.271001287		
1481540281.08		447.39546709		445.458527712		449.483704823		
1481576518.92		449.475781928		447.519290146		451.489529045		
1481612756.76		451.207009815		449.225247232		453.137780057		
1481648994.59		452.924495707		450.984436402		454.788976511		
1481685232.43		454.538086507		452.675985437		456.40548481		
1481721470.27		456.17689145		454.231984159		457.983983125		
1481757708.11		457.802050991		455.852989762		459.581835006		
1481793945.95		459.414901538		457.439571711		461.204460101		
1481830183.78		460.897388671		458.893559244		462.670199161		
1481866421.62		462.35430153		460.337928812		464.110043504		
1481902659.46		463.796451939		461.756264621		465.512512376		
1481938897.3		465.200278993		463.163097904		466.905238672		
1481975135.14		466.554370798		464.30183986		468.23395998		
1482011372.97		467.837033746		465.525263269		469.486772084		
1482047610.81		469.132807689		466.778015154		470.739757481		
1482083848.65		470.409533468		468.03449146		472.012941687		
1482120086.49		471.655345989		469.244103433		473.257110158		
1482156324.32		472.829435581		470.38433426		474.412621316		
1482168544.0		472.535983467		470.109081319		474.095822776		
1482168545.0		472.535642518		470.108743057		474.095392457		
1482168546.0		472.535301569		470.108404795		474.09496214		
1482192562.16		463.991078845		462.184429039		465.484467784		
1482228800.0		451.853925555		449.863882106		453.964324688		
1482265037.84		440.805985226		437.792543844		444.281162428		
1482301275.68		430.466040644		426.401804601		435.151490896		
1482337513.51		420.881348593		415.869214008		426.78907635		
1482359159.0		416.047175557		410.40898334		422.50532298		
1482359160.0		416.047275375		410.409089388		422.505386676		
1482359161.0		416.047375194		410.409195436		422.505450373		
1482373751.35		417.464233985		412.000562743		423.814200973		
1482409989.19		421.248529917		416.062921554		427.337158632		
1482446227.03		425.021960341		420.043963339		430.880918864		
1482482464.86		428.637911253		423.816010159		434.281989596		
1482518702.7		432.152662919		427.548093775		437.563951184		
1482554940.54		435.508441619		431.098083801		440.712675516		
1482591178.38		438.788338999		434.580169728		443.795625439		
1482627416.22		441.9862843		437.911163467		446.683102351		
1482663654.05		445.028137546		441.009439771		449.404202805		
1482699891.89		447.927050387		444.078708556		451.974192848		
1482736129.73		450.689660436		447.072245447		454.560521764		
1482772367.57		453.304116785		449.874438749		457.052909209		
1482808605.41		455.837480619		452.635055431		459.355532842		
1482844843.24		458.351800499		455.302546684		461.612234118		
1482881081.08		460.747504871		457.80619095		463.860615898		
1482917318.92		463.054048343		460.218510119		465.978946321		
1482953556.76		462.834566532		460.145015454		465.562031053		
1482989794.59		465.144954328		462.598505519		467.756218477		
1483026032.43		467.384372335		464.944108308		469.950938862		
1483062270.27		469.601548285		467.199028142		472.076246286		
1483098508.11		471.702364664		469.322675752		474.085389923		
1483134745.95		473.681356009		471.353851491		476.041249286		
1483170983.78		475.638059907		473.239093505		477.968425603		
1483207221.62		477.534393308		475.087063447		479.741410975		
1483243459.46		479.37438308		476.839699186		481.544500588		
1483279697.3		481.156915331		478.609889054		483.253523956		
1483315935.14		482.904720744		480.256671495		484.932258674		
1483352172.97		484.632702539		482.00233237		486.571313783		
1483388410.81		486.256188199		483.629223763		488.162625847		
1483424648.65		487.845497383		485.202103844		489.747618116		
1483460886.49		489.351478287		486.672104944		491.238522886		
1483497124.32		490.782547116		488.160728592		492.686137201		
1483533362.16		492.212778789		489.635831319		494.064346963		
1483569600.0		493.615456114		491.046351625		495.478693687		
1483605837.84		495.000531922		492.346491123		496.829698301		
1483642075.68		496.292785834		493.6533587		498.110439125		
1483678313.51		497.535409735		494.944818276		499.394294111		
1483714551.35		498.782717632		496.21459501		500.679146179		
1483750789.19		500.025932865		497.488272836		501.956247377		
1483787027.03		501.271208861		498.713883442		503.206648975		
1483823264.86		502.476298787		499.867228546		504.425818012		
1483859502.7		503.665234405		500.952034209		505.651839487		
1483895740.54		504.781103611		502.054663025		506.75555266		
1483931978.38		505.880692506		503.10001565		507.887133407		
1483968216.22		506.977454214		504.209902109		509.014095714		
1484004454.05		508.119114047		505.328578978		510.1682379		
1484040691.89		509.247017962		506.394688348		511.302290026		
1484076929.73		510.289116689		507.372313962		512.386773722		
1484113167.57		511.278119674		508.324749851		513.394351578		
1484149405.41		512.225705158		509.273487449		514.383129119		
1484185643.24		513.129556214		510.153448574		515.316047995		
1484221881.08		514.082601511		511.049457639		516.296782105		
1484258118.92		514.97078457		511.913400119		517.230022322		
1484294356.76		515.835835839		512.727695364		518.109692393		
1484330594.59		516.669999705		513.482039173		518.973532535		
1484366832.43		517.488754157		514.259617029		519.849466839		
1484403070.27		518.321655422		514.984268332		520.732862229		
1484439308.11		519.182423466		515.761338233		521.609391328		
1484475545.95		520.058646461		516.604977626		522.524352101		
1484511783.78		520.855942688		517.379943287		523.359455694		
1484548021.62		521.657713908		518.138532757		524.197495284		
1484584259.46		522.42667621		518.893561568		525.008873434		
1484620497.3		523.166543007		519.599757885		525.758661428		
1484656735.14		523.944352428		520.343728991		526.562272351		
1484692972.97		524.760298544		521.122141514		527.409492648		
1484729210.81		525.577750615		521.899260304		528.24024005		
1484765448.65		526.319856782		522.611784677		529.02622793		
1484801686.49		417.36905421		414.407277995		419.538621412		
1484837924.32		417.968094699		414.986045157		420.155933657		
1484874162.16		418.565127943		415.567584772		420.789936233		
1484910400.0		419.174875517		416.152604818		421.42499625		
1484946637.84		419.763888725		416.719085446		422.026669759		
1484982875.68		502.244224894		498.573411598		504.973080928		
1485019113.51		503.012700105		499.311440714		505.769436916		
1485055351.35		503.747921888		500.017902549		506.531699759		
1485091589.19		504.45795395		500.699178927		507.270648351		
1485127827.03		505.196535089		501.404626424		508.041278015		
1485164064.86		505.894830599		502.076118736		508.783743689		
1485200302.7		506.586323884		502.730745551		509.504617599		
1485236540.54		497.549912857		493.701009688		500.370903898		
1485272778.38		485.552775665		481.8467833		488.336150992		
1485309016.22		474.425641039		470.778652197		477.135498415		
1485345254.05		476.07419382		472.37929131		478.812086115		
1485381491.89		477.897821699		474.159921751		480.668156335		
1485417729.73		479.693373227		475.915297992		482.492647219		
1485453967.57		402.984777002		399.795866707		405.360470602		
1485490205.41		404.512794306		401.276662307		406.909250931		
1485526443.24		406.012445143		402.662883734		408.439625861		
1485562681.08		407.463351144		404.076645159		409.913935811		
1485598918.92		408.844507164		405.427456652		411.326917772		
1485635156.76		410.202085589		406.750959415		412.713215191		
1485671394.59		411.541995891		408.056614311		414.084347906		
1485707632.43		412.848823139		409.334309388		415.417359576		
1485743870.27		414.1028886		410.564780489		416.707606708		
1485780108.11		415.339484496		411.779474718		417.981851444		
1485816345.95		478.502952794		474.374319021		481.567463441		
1485852583.78		479.83492914		475.665836802		482.928016938		
1485888821.62		481.140386776		476.932804705		484.271807647		
1485925059.46		482.392335156		478.15330541		485.569900745		
1485951099.0		483.297879496		479.028393552		486.497130566		
1485951100.0		483.297914191		479.028426883		486.497165855		
1485951101.0		483.297948885		479.028460215		486.497201144		
1485961297.3		462.544938673		459.076511694		466.428498362		
1485997535.14		448.008371777		441.365671923		456.618816914		
1486033772.97		450.424142721		443.839285262		458.523423744		
1486070010.81		462.797270231		456.307575456		470.508220572		
1486106248.65		465.332521453		459.192420496		472.547622143		
1486142486.49		467.762961871		461.973792458		474.27049903		
1486178724.32		470.012165899		464.595698189		475.879063957		
1486214962.16		472.247138167		467.178506562		477.16098012		
1486251200.0		474.466671111		469.575615055		478.636215012		
1486287437.84		476.563678487		471.894463221		480.377522851		
1486323675.68		478.346082064		474.137178297		482.294628563		
1486359913.51		479.886913485		476.256775666		484.083548947		
1486396151.35		481.678177986		478.187929474		485.893567235		
1486432389.19		483.547454644		479.881016463		487.670600905		
1486468627.03		485.521335039		481.190788201		489.438044721		
1486504864.86		487.499730775		482.63850244		491.277031466		
1486541102.7		489.312077302		484.420229385		492.95411282		
1486577340.54		491.08522709		486.319614231		494.629560713		
1486613578.38		492.776378078		488.226536274		496.17901534		
1486649816.22		494.401851183		490.021749472		497.760391877		
1486686054.05		495.97858224		491.702329432		499.265427737		
1486722291.89		497.509687001		493.284619919		500.722168523		
1486758529.73		499.007740136		494.904764146		502.091600368		
1486794767.57		500.44496031		496.461549414		503.462480556		
1486831005.41		501.929587987		498.053885118		504.856515265		
1486867243.24		503.32433502		499.402176999		506.232498216		
1486903481.08		504.741076854		500.842669773		507.708722889		
1486939718.92		506.16183829		502.168866891		509.120267347		
1486975956.76		507.462356185		503.43595644		510.437753853		
1487012194.59		508.770799374		504.665353699		511.774928279		
1487048432.43		510.016235652		505.896886187		513.057260441		
1487084670.27		511.304872557		507.099921286		514.222370195		
1487120908.11		512.483822457		508.203147665		515.479250298		
1487157145.95		513.752149598		509.34908892		516.647028453		
1487193383.78		515.017207249		510.592378876		517.872349234		
1487229621.62		516.247396658		511.70354261		519.086644504		
1487265859.46		517.878055578		513.17424161		520.684407924		
1487302097.3		519.370186046		514.702099389		522.26442833		
1487338335.14		520.466107071		515.600245623		523.290851117		
1487374572.97		521.500085413		516.687720779		524.308766516		
1487410810.81		522.437417355		517.642446715		525.29031287		
1487447048.65		523.323086322		518.584929738		526.184370514		
1487483286.49		524.272728009		519.579843467		527.196514854		
1487519524.32		525.202062616		520.514594949		528.072160584		
1487555762.16		526.078664731		521.419546835		528.983562285		
1487592000.0		527.017626085		522.385196731		529.837214519		
1487628237.84		527.837534135		523.30280066		530.761122129		
1487664475.68		528.687748873		524.235079338		531.540727026		
1487700713.51		529.477639105		524.999935745		532.349812869		
1487736951.35		530.31460032		525.843164408		533.065093612		
1487773189.19		531.063108877		526.648495757		533.808866397		
1487809427.03		531.895696466		527.581254557		534.682144639		
1487845664.86		532.641462006		528.416246065		535.46010357		
1487881902.7		533.362150807		529.209125318		536.103661798		
1487918140.54		534.012272566		529.850067306		536.783003953		
1487954378.38		534.583229124		530.668527818		537.431420984		
1487990616.22		535.177548184		531.336965054		538.011037718		
1488026854.05		535.78794153		531.912346053		538.609283204		
1488063091.89		536.403867284		532.394092598		539.160989698		
1488099329.73		536.936820714		533.004341183		539.717760177		
1488135567.57		537.494128317		533.435602849		540.26656188		
1488171805.41		537.974890055		533.791838765		540.76111156		
1488208043.24		538.454502772		534.201711736		541.247519741		
1488244281.08		539.021526504		534.642915529		541.809705981		
1488280518.92		539.490433748		535.159681413		542.344843458		
1488316756.76		539.928758849		535.664184516		542.785210011		
1488352994.59		540.323567471		535.977737808		543.184166964		
1488389232.43		540.722482825		536.307280159		543.617344366		
1488425470.27		541.157620898		536.668922842		544.107125332		
1488461708.11		541.645874064		537.073491144		544.568471804		
1488497945.95		542.06002112		537.473804755		545.012717212		
1488534183.78		542.423108083		537.798365871		545.411746791		
1488570421.62		542.852249732		538.223781319		545.876847237		
1488606659.46		543.245072629		538.595759263		546.280683396		
1488642897.3		543.589403914		538.937815493		546.646291495		
1488679135.14		543.877655322		539.21384734		546.950392253		
1488715372.97		544.155992345		539.482924317		547.212153621		
1488751610.81		544.409088869		539.716306237		547.478453935		
1488787848.65		543.111022913		538.406623541		546.163511703		
1488824086.49		543.605018275		538.868320106		546.698452698		
1488860324.32		544.114915833		539.335045111		547.237631059		
1488896562.16		544.589598937		539.819116487		547.709054107		
1488932800.0		545.027584969		540.23325883		548.140066315		
1488969037.84		545.50074805		540.70096759		548.626274453		
1489005275.68		545.969854084		541.166367606		549.093394684		
1489041513.51		546.408350325		541.600322381		549.531120976		
1489077751.35		547.196308034		542.394380075		550.343584054		
1489113989.19		548.20499608		543.461590758		551.374451423		
1489150227.03		548.588644131		543.84608074		551.734886917		
1489186464.86		548.937325614		544.234468416		552.09005308		
1489222702.7		549.298232204		544.614512394		552.447750688		
1489258940.54		549.744505659		545.048253858		552.857201466		
1489295178.38		550.075046273		545.390471792		553.167791718		
1489331416.22		550.441726961		545.771397375		553.519568018		
1489367654.05		550.73840416		546.151543935		553.792136362		
1489403891.89		550.970241949		546.41001873		553.990211875		
1489440129.73		551.259737521		546.664957702		554.245446372		
1489476367.57		551.476497147		546.975803704		554.451168284		
1489512605.41		551.676165807		547.213921364		554.627313398		
1489548843.24		551.947793624		547.505367702		554.871738773		
1489585081.08		552.236903272		547.817006329		555.134879415		
1489621318.92		552.476253657		548.071539629		555.347400483		
1489657556.76		552.744835709		548.363095246		555.604357263		
1489693794.59		552.888181214		548.56010285		555.729993577		
1489730032.43		553.048227762		548.768276064		555.874564227		
1489766270.27		553.319628599		549.050368462		556.110453421		
1489802508.11		553.540916348		549.293974543		556.3217773		
1489838745.95		553.721707336		549.492801791		556.479507837		
1489874983.78		553.842391323		549.629445798		556.575121656		
1489911221.62		553.95373435		549.784802509		556.671453696		
1489947459.46		554.060018274		549.948542378		556.763452353		
1489983697.3		554.203196193		550.156512041		556.890671862		
1490019935.14		554.353862644		550.382518761		557.025463213		
1490056172.97		554.50321678		550.563295186		557.148562394		
1490092410.81		554.665070542		550.775957894		557.287899653		
1490128648.65		554.772112404		550.922466888		557.388642053		
1490164886.49		554.920555193		551.120749883		557.500540887		
1490201124.32		555.029376232		551.261424989		557.592779968		
1490237362.16		555.15481026		551.396795104		557.676361897		
1490273600.0		555.351901414		551.644729696		557.879145783		
1490309837.84		555.530984052		551.852103229		558.020894283		
1490346075.68		555.630088853		551.965106368		558.115852		
1490382313.51		555.766263896		552.158592707		558.21962679		
1490418551.35		555.947728233		552.365935668		558.381497203		
1490454789.19		556.140026493		552.569791633		558.53897109		
1490491027.03		556.306059263		552.770440893		558.687840416		
1490527264.86		556.395793846		552.949470826		558.761547399		
1490563502.7		556.56063077		553.104498681		558.913428813		
1490599740.54		556.653778641		553.18878268		558.97846294		
1490635978.38		556.888133641		553.641156693		559.135809831		
1490672216.22		557.131931514		554.067709054		559.329705062		
1490708454.05		557.347564834		554.417144081		559.552187853		
1490744691.89		557.503328137		554.80547474		559.679688413		
1490780929.73		557.691650707		555.186366955		559.826597058		
1490817167.57		557.966494172		555.584590325		560.095194013		
1490853405.41		558.253601548		556.125357493		560.312810398		
1490889643.24		558.490306082		556.443938737		560.465524105		
1490925881.08		558.696310404		556.811923361		560.612178796		
1490962118.92		559.017788982		557.142219093		560.891730144		
1490998356.76		559.375220255		557.533673668		561.244577864		
1491034594.59		559.756827649		557.849159158		561.546062562		
1491070832.43		560.124223116		558.180281284		562.004533218		
1491107070.27		560.497056904		558.490046187		562.460072946		
1491143308.11		560.69233387		558.656388836		562.788470136		
1491179545.95		560.877394246		558.825985815		563.108549014		
1491215783.78		560.970174641		558.924550163		563.373518202		
1491252021.62		561.135637765		559.103225569		563.6928919		
1491288259.46		561.3580613		559.311955038		564.094891094		
1491324497.3		561.590693991		559.515230173		564.384826911		
1491360735.14		561.820144108		559.759416942		564.59590497		
1491396972.97		561.99597181		559.952533129		564.755293618		
1491433210.81		562.171825315		560.115810077		564.989694158		
1491469448.65		562.341763114		560.27905455		565.1759432		
1491505686.49		560.713155936		558.682224649		563.574338903		
1491541924.32		560.913829951		558.844617237		563.748243447		
1491578162.16		561.119190674		559.020548246		564.014500305		
1491614400.0		561.427118374		559.246300683		564.300703828		
1491650637.84		561.701616513		559.43821894		564.591846718		
1491686875.68		561.89618464		559.653311323		564.848750226		
1491723113.51		562.100180376		559.859316814		565.148028814		
1491759351.35		562.252841409		559.996778951		565.375369818		
1491795589.19		562.483965459		560.207849013		565.605253128		
1491831827.03		562.749706758		560.470292779		565.935502761		
1491868064.86		562.986383386		560.688639395		566.208833122		
1491904302.7		563.111645092		560.815346503		566.386893202		
1491940540.54		563.309633662		560.979958217		566.585939994		
1491976778.38		563.408626462		561.071972134		566.712745725		
1492013016.22		563.634633678		561.289886947		566.959477031		
1492049254.05		563.746704188		561.398858501		567.104614313		
1492085491.89		563.884753185		561.514559264		567.329146501		
1492121729.73		565.445864824		563.042958351		569.000559964		
1492157967.57		565.498755128		563.064266545		569.017903678		
1492194205.41		565.642417675		563.197199284		569.155874208		
1492230443.24		565.733955549		563.229758836		569.249217139		
1492266681.08		565.857068726		563.316010056		569.367748087		
1492302918.92		566.045757135		563.508724201		569.61938466		
1492339156.76		566.171379279		563.588393009		569.777108056		
1492375394.59		566.272474969		563.611841819		569.938396159		
1492411632.43		566.353642888		563.691682566		570.071344157		
1492447870.27		566.516231345		563.834394561		570.272344434		
1492484108.11		566.682517438		563.949142255		570.485909477		
1492520345.95		566.705518533		563.935219733		570.584844089		
1492556583.78		566.834300377		564.022272279		570.811802243		
1492592821.62		567.011525455		564.154129743		571.071430464		
1492629059.46		567.241976362		564.357886546		571.361146038		
1492665297.3		567.446420349		564.503871879		571.634513791		
1492701535.14		567.677502365		564.707484639		571.944929586		
1492737772.97		567.939616078		564.947712084		572.318369962		
1492774010.81		568.11985866		565.073578385		572.612974394		
1492810248.65		568.312615126		565.221227375		572.917968611		
1492846486.49		568.505486527		565.351178233		573.176822087		
1492882724.32		568.583475176		565.372997416		573.369898777		
1492918962.16		568.758924297		565.448520969		573.611164809		
1492955200.0		568.943932037		565.562591113		573.872946092		
1492991437.84		569.068411975		565.61320146		574.075498875		
1493027675.68		569.094753498		565.578980498		574.136824342		
1493063913.51		569.203893479		565.625048208		574.359051175		
1493100151.35		569.386003764		565.752260661		574.565106947		
1493136389.19		569.507971553		565.860907701		574.710619218		
1493172627.03		569.659273343		565.965331709		574.871369347		
1493208864.86		569.850230178		566.080523704		575.087011335		
1493245102.7		569.977578324		566.136734332		575.238964654		
1493281340.54		570.0302236		566.135939855		575.328375058		
1493317578.38		570.044148797		566.107163203		575.376555157		
1493353816.22		570.13394947		566.150679907		575.484352373		
1493390054.05		570.145258063		566.11912046		575.55380914		
1493426291.89		570.228593882		566.15620077		575.721147165		
1493462529.73		570.337204993		566.187289239		575.878843629		
1493498767.57		570.461647175		566.258321156		576.029963921		
1493535005.41		570.540425223		566.311135426		576.171328513		
1493571243.24		570.660463614		566.361839869		576.330962775		
1493607481.08		570.849232458		566.460811684		576.550274982		
1493643718.92		571.044304122		566.560826039		576.800270602		
1493679956.76		571.312077977		566.762799124		577.155043689		
1493716194.59		571.522686339		566.936700489		577.483014747		
1493752432.43		571.789711534		567.147931647		577.8306027		
1493788670.27		571.991266727		567.266854707		578.104580141		
1493824908.11		572.182873281		567.380370508		578.36375648		
1493861145.95		572.382034827		567.507362038		578.606572413		
1493897383.78		572.567616369		567.6329324		578.880612525		
1493933621.62		572.743492379		567.768301524		579.156400821		
1493969859.46		572.936854438		567.878834038		579.434418138		
1494006097.3		573.123238496		568.001353008		579.722806802		
1494042335.14		573.318222184		568.126845345		580.011817286		
1494078572.97		573.535535297		568.285641785		580.301987025		
1494114810.81		573.74363759		568.414861373		580.593544738		
1494151048.65		573.964169125		568.565165681		580.882915762		
1494187286.49		574.163484426		568.715450061		581.175068455		
1494223524.32		574.375130742		568.867402765		581.474209226		
1494259762.16		574.587199418		569.020485266		581.770210743		
1494296000.0		574.799308556		569.152932406		582.067429848		
1494332237.84		575.003695353		569.28582936		582.367768801		
1494368475.68		575.206624073		569.412925611		582.669200562		
1494404713.51		575.403006773		569.566580261		582.971689342		
1494440951.35		575.612949786		569.697075092		583.275201121		
1494477189.19		575.813520671		569.855290724		583.573927797		
1494513427.03		576.027614282		570.032805918		583.853816889		
1494549664.86		576.215708008		570.174168094		584.152015475		
1494585902.7		576.427257966		570.302490648		584.45106731		
1494622140.54		576.639781145		570.438581516		584.75077997		
1494658378.38		576.83590402		570.591647534		585.046511896		
1494694616.22		577.037464154		570.722608687		585.343019061		
1494730854.05		577.255673657		570.855380427		585.639132637		
1494767091.89		577.47507628		571.00115843		585.921718189		
1494803329.73		577.689070777		571.154089173		586.201793386		
1494839567.57		577.896762387		571.306602737		586.481771251		
1494875805.41		578.114665963		571.464271318		586.783226253		
1494912043.24		578.341354081		571.622360508		587.090816842		
1494948281.08		578.555347727		571.780518153		587.399092407		
1494984518.92		578.768626826		571.932632236		587.705183742		
1495020756.76		578.981181275		572.095653497		588.013311799		
1495056994.59		579.173331235		572.254572482		588.326711558		
1495093232.43		579.403762538		572.413839566		588.638732025		
1495129470.27		579.640857118		572.573442344		588.950204866		
1495165708.11		579.85189956		572.733369023		589.263465567		
1495201945.95		580.081245646		572.893923009		589.577028169		
1495238183.78		580.301983841		573.0561446		589.890839253		
1495274421.62		580.514610757		573.218662379		590.205215721		
1495310659.46		580.721263586		573.374564523		590.519974293		
1495346897.3		580.928248002		573.52897232		590.834284286		
1495383135.14		581.149302898		573.694144625		591.146906786		
1495419372.97		581.365461775		573.859593292		591.464491347		
1495455610.81		581.577692838		574.023208484		591.78037172		
1495491848.65		581.790231765		574.185607234		592.096759576		
1495528086.49		582.00138631		574.346957587		592.413647609		
1495564324.32		582.201558977		574.482873696		592.73160161		
1495600562.16		582.398310787		574.622523693		593.050087885		
1495636800.0		582.603706769		574.816802713		593.369058186		
1495673037.84		582.812589711		574.993810163		593.68850654		
1495709275.68		583.021943325		575.150267475		594.008427292		
1495745513.51		583.255154554		575.295375528		594.328815088		
1495781751.35		583.470778948		575.441473119		594.649664861		
1495817989.19		583.689215269		575.620783479		594.97097182		
1495854227.03		583.907909444		575.777987254		595.292731494		
1495890464.86		584.131814886		575.935366002		595.614939533		
1495926702.7		584.359326711		576.092915527		595.937591886		
1495962940.54		584.581730122		576.247166963		596.260684728		
1495999178.38		584.811387319		576.405128772		596.584214451		
1496035416.22		585.041297531		576.561102836		596.908177646		
1496071654.05		585.272263581		576.716612499		597.232571102		
1496107891.89		585.499904212		576.872582302		597.557391791		
1496144129.73		585.721609727		577.028906656		597.882636858		
1496180367.57		585.943543773		577.186827295		598.20830362		
1496216605.41		586.165703682		577.344891342		598.534389548		
1496252843.24		586.388086923		577.503096141		598.860892269		
1496289081.08		586.612229824		577.662643597		599.187809552		
1496325318.92		586.849301884		577.820602938		599.515139303		
1496361556.76		587.073586183		577.978821849		599.84287956		
1496397794.59		587.295581303		578.140952771		600.171028511		
1496434032.43		587.528937151		578.303456473		600.499584414		
1496470270.27		587.766193681		578.469474625		600.828545656		
1496506508.11		588.003680797		578.64145088		601.157910739		
1496542745.95		588.241396911		578.794090306		601.487678268		
1496578983.78		588.464449525		578.953378037		601.817846943		
1496615221.62		588.687017099		579.093239387		602.148415559		
1496651459.46		588.919766588		579.245916904		602.479382999		
1496687697.3		589.149774524		579.403114326		602.81074823		
1496723935.14		589.374358642		579.559929765		603.142510299		
1496760172.97		589.597428992		579.720453629		603.47466833		
1496796410.81		589.813211033		579.881092312		603.80722152		
1496832648.65		590.03108024		580.041844652		604.140169134		
1496868886.49		590.259296571		580.201472121		604.473510506		
1496905124.32		590.496221841		580.361122225		604.807245031		
1496941362.16		590.728642266		580.520881212		605.141372173		
1496977600.0		590.959596996		580.680748147		605.475891439		
1497013837.84		591.195712277		580.840722142		605.810802391		
1497050075.68		591.427066563		581.000802363		606.146104648		
1497086313.51		591.657736655		581.160988018		606.481797878		
1497122551.35		591.888603741		581.32127836		606.817881797		
1497158789.19		592.119667236		581.483503782		607.154356166		
1497195027.03		592.342508054		581.649320155		607.491220789		
1497231264.86		592.555550149		581.813964139		607.828475509		
1497267502.7		592.77087512		581.979356616		608.166120211		
1497303740.54		593.00096802		582.144856498		608.504154815		
1497339978.38		593.21938019		582.31046323		608.842579276		
1497376216.22		593.43487444		582.47617629		609.181393586		
1497412454.05		593.660963072		582.641995183		609.520597765		
1497448691.89		593.876344267		582.807919445		609.860191867		
1497484929.73		594.091892013		582.973948639		610.200175978		
1497521167.57		594.307605995		583.140082352		610.540550206		
1497557405.41		594.523485921		583.294112935		610.881314686		
1497593643.24		594.739531526		583.44179062		611.222469579		
1497629881.08		594.955742564		583.613847407		611.564015074		
1497666118.92		595.173246894		583.80052792		611.905951379		
1497702356.76		595.39352889		583.966713751		612.248278727		
1497738594.59		595.6271515		584.129847023		612.590997371		
1497774832.43		595.86171502		584.29307831		612.934107586		
1497811070.27		596.096470482		584.456407361		613.277609664		
1497847308.11		596.333270546		584.619833944		613.621503917		
1497883545.95		596.576315001		584.783357838		613.965790673		
1497919783.78		596.819562734		584.946978841		614.31047028		
1497956021.62		597.063013748		585.110696761		614.655543099		
1497992259.46		597.299887008		585.26955201		615.001009508		
1498028497.3		597.535625061		585.410438677		615.346869901		
1498064735.14		597.771553684		585.554304962		615.693124685		
1498100972.97		598.007672892		585.720470728		616.039774278		
1498137210.81		598.243982714		585.889246789		616.386819113		
1498173448.65		598.480483186		586.038715737		616.734259636		
1498209686.49		598.717174356		586.188264758		617.082096303		
1498245924.32		598.958763131		586.339549808		617.430329585		
1498282162.16		599.201668537		586.503173052		617.77895996		
1498318400.0		599.444773628		586.67461285		618.127987918		
1498354637.84		599.688078521		586.837326541		618.477413961		
1498390875.68		599.92130328		586.993781332		618.820634448		
1498427113.51		600.152515425		587.157574466		619.162812774		
1498463351.35		600.383908801		587.321461586		619.505372844		
1498499589.19		600.617577203		587.485442648		619.848315146		
1498535827.03		600.855988101		587.649517612		620.191640175		
1498572064.86		601.094590594		587.813686445		620.535348435		
1498608302.7		601.333384806		587.977949119		620.879440439		
1498644540.54		601.572370868		588.142305611		621.223916704		
1498680778.38		601.813158004		588.306755903		621.566904809		
1498717016.22		602.0586586		588.473158576		621.910192221		
1498753254.05		602.304361175		588.637757284		622.253861128		
1498789491.89		602.550265901		588.824940929		622.597912062		
1498825729.73		602.797850119		589.013034771		622.942345564		
1498861967.57		603.048650928		589.195066218		623.287162179		
1498898205.41		603.299661987		589.355112121		623.632362457		
1498934443.24		603.550883493		589.515588926		623.977946955		
1498970681.08		603.802315644		589.676639479		624.323916234		
1499006918.92		604.053958643		589.837779362		624.670270861		
1499043156.76		604.305615533		590.003852984		625.017011407		
1499079394.59		604.548692734		590.189553207		625.364138449		
1499115632.43		604.791967395		590.375915093		625.711652566		
1499151870.27		605.035439698		590.562395739		626.059554345		
1499188108.11		605.279109828		590.74510213		626.407844374		
1499224345.95		605.522977973		590.913401554		626.756523246		
1499260583.78		605.767044325		591.081797816		627.105591558		
1499296821.62		606.011309078		591.250290955		627.455049913		
1499333059.46		606.258086546		591.418881012		627.804898914		
1499369297.3		606.512048425		591.587568032		628.155139172		
1499405535.14		606.761756941		591.75635206		628.505771297		
1499441772.97		607.011333302		591.925233143		628.856795905		
1499478010.81		607.261115647		592.094211331		629.208213616		
1499514248.65		607.511104203		592.263286676		629.560025052		
1499550486.49		607.761299198		592.433934731		629.910484552		
1499586724.32		608.01170086		592.607840056		630.260866849		
1499622962.16		608.262309422		592.781848099		630.611639808		
1499659200.0		608.513125116		592.955958924		630.962804052		
