1463461200.0		6.08902075289		3.30584084069		20.2331864029		
1463500118.92		2.94804361153		2.8899257358		3.03844908437		
1463539037.84		3.02462116602		2.99037763936		3.05928361077		
1463577956.76		3.18390562128		3.14942021312		3.22037619667		
1463616875.68		3.33222774756		3.29645452856		3.37048180305		
1463655794.59		3.51802836633		3.48030973645		3.55828455384		
1463694713.51		3.67826566851		3.63882028051		3.72023232741		
1463733632.43		3.8838675889		3.84229926453		3.92799758112		
1463772551.35		4.06098541523		4.01760613634		4.10686878806		
1463811470.27		4.2853060129		4.23959686611		4.33335698189		
1463850389.19		4.4893330938		4.44095377322		4.53919217813		
1463889308.11		4.73709525298		4.68583921143		4.78900406262		
1463928227.03		4.99799206486		4.94354734759		5.05238035989		
1463967145.95		5.23436795388		5.17731138496		5.29136230314		
1464006064.86		5.52204779685		5.46234966168		5.5817052294		
1464044983.78		5.73662454175		5.67529380795		5.79874751838		
1464083902.7		5.92674806611		5.86385618618		5.99117688619		
1464122821.62		6.12286109133		6.05834354623		6.18893478269		
1464161740.54		6.49027818784		6.42202918065		6.5604286516		
1464200659.46		6.81323531469		6.74162573653		6.88702875746		
1464239578.38		7.11894251224		7.04409120022		7.19562610036		
1464278497.3		7.40568082897		7.32781035776		7.48594032599		
1464317416.22		7.75786936331		7.67617543678		7.84208362199		
1464356335.14		8.12471687729		8.03880192022		8.21238698518		
1464395254.05		8.47994580485		8.39034069524		8.57136593161		
1464434172.97		8.88900233704		8.79567526967		8.98539611033		
1464473091.89		9.26229489547		9.16569692495		9.36338192209		
1464512010.81		9.70634300746		9.60517729761		9.81260477959		
1464550929.73		10.1128762394		10.0079911954		10.2233602309		
1464589848.65		10.5960454741		10.4866208526		10.7108885407		
1464628767.57		11.016053753		10.9023092294		11.1347669789		
1464667686.49		11.5414968897		11.4216591671		11.6648857713		
1464706605.41		12.0229292824		11.8974394014		12.1518034184		
1464745524.32		12.5886010472		12.4571936394		12.7235106302		
1464784443.24		13.1806015686		13.0435239821		13.3211240796		
1464823362.16		13.693421911		13.5501481846		13.8383735029		
1464862281.08		14.3308383962		14.183022846		14.482988976		
1464901200.0		14.9129347234		14.7602913543		15.0704144862		
1464940118.92		15.603033204		15.4444249885		15.7675951201		
1464979037.84		16.1687341132		16.0059746739		16.3390479525		
1465017956.76		16.9106662969		16.7423931707		17.0892675925		
1465056875.68		17.5542348359		17.3810765065		17.737728209		
1465095794.59		18.6359915312		18.4541056036		18.8302354413		
1465134713.51		19.8685427752		19.675539073		20.0744162765		
1465173632.43		21.1726489493		20.9673755783		21.3909945495		
1465212551.35		22.546363663		22.3277993899		22.7780595587		
1465251470.27		23.958557164		23.7271719082		24.2041513802		
1465290389.19		25.4422170059		25.1975616144		25.7027031791		
1465329308.11		27.0915554841		26.8342346478		27.3688815748		
1465368227.03		28.8347932633		28.5606047803		29.12911174		
1465407145.95		30.6643042866		30.3742547011		30.9749178231		
1465446064.86		32.584187555		32.278829615		32.9121547747		
1465484983.78		34.5968726435		34.2730129968		34.9424457577		
1465523902.7		36.7134665787		36.3668203416		37.0769890645		
1465562821.62		38.9260865209		38.561746889		39.3135930784		
1465601740.54		41.2393347542		40.8556615732		41.6507879662		
1465640659.46		43.6630914297		43.2609048889		44.0941719335		
1465679578.38		46.1930018704		45.7751557468		46.647740922		
1465718497.3		48.8418736399		48.4049624108		49.3224715492		
1465757416.22		51.5987042122		51.1438963652		52.1061517713		
1465796335.14		54.4750829272		53.9948919383		55.0020902705		
1465835254.05		57.4708646023		56.9653807773		58.0280929755		
1465874172.97		60.5433637311		60.0103439921		61.127670489		
1465913091.89		63.6750184657		63.1215370345		64.2820436857		
1465937519.0		65.7033293619		65.1347820832		66.3266590822		
1465937520.0		65.7034139328		65.13486601		66.326743604		
1465937521.0		65.7034985039		65.1349499371		66.326828126		
1465952010.81		40.860212527		39.5453860595		42.7205242095		
1465990929.73		34.4817897926		33.6234141618		35.437712807		
1466029848.65		35.1396639066		34.2771214811		36.0782390178		
1466068767.57		35.9290151048		35.0471836305		36.8722704346		
1466107686.49		36.7347171702		35.8364602212		37.6923390913		
1466146605.41		37.5479876656		36.6310146488		38.5135162555		
1466185524.32		38.3706075808		37.4414101918		39.3494514177		
1466224443.24		39.2029274108		38.2605529693		40.1947015952		
1466263362.16		40.0490975179		39.0911292454		41.0516459159		
1466302281.08		40.8962570854		39.9250029938		41.9093871888		
1466341200.0		41.7503921907		40.7681596099		42.7693571061		
1466380118.92		42.6070450633		41.6091529346		43.6394912232		
1466419037.84		43.4724586504		42.4589764912		44.5213928479		
1466457956.76		44.349667572		43.331039677		45.4168527073		
1466496875.68		45.2369618175		44.2093873337		46.312190359		
1466535794.59		46.2319534952		45.1941772894		47.3135682395		
1466574713.51		48.7700285344		47.6863789577		49.8956103091		
1466613632.43		51.4292719549		50.2974385749		52.594532973		
1466652551.35		54.1901784521		53.0143337066		55.4063508485		
1466691470.27		57.0617651968		55.8430524112		58.3399010759		
1466730389.19		60.0509970292		58.7899138248		61.3778224006		
1466769308.11		63.142843702		61.8304233203		64.5107977802		
1466808227.03		66.3524570191		64.9927185555		67.7598454757		
1466847145.95		69.6566761968		68.2545985782		71.1157609796		
1466886064.86		73.0808087253		71.6342878919		74.5808132656		
1466924983.78		76.6120917359		75.1039804996		78.1488838669		
1466963902.7		80.2580370187		78.6859393457		81.8266275377		
1467002821.62		84.0142716238		82.3907219872		85.6070140538		
1467041740.54		87.8404419517		86.1695670074		89.4750958089		
1467080659.46		91.7657220738		90.0396779914		93.4166676817		
1467119578.38		95.7711869149		94.0103656959		97.4505815242		
1467158497.3		99.8390815576		98.0573716425		101.560969102		
1467197416.22		104.013904978		102.180352092		105.746757205		
1467236335.14		108.290636736		106.417656522		110.047109981		
1467275254.05		112.584871763		110.685524249		114.361970326		
1467314172.97		109.389458648		107.600874996		111.080898978		
1467353091.89		121.259770305		119.331142167		123.086704568		
1467392010.81		125.697450303		123.74777413		127.533077833		
1467430929.73		130.205013714		128.249121762		132.057721654		
1467469848.65		134.667456422		132.693791255		136.50939742		
1467508767.57		139.136861817		137.161825906		140.993558474		
1467547686.49		143.654671386		141.642044118		145.475789492		
1467586605.41		148.121922507		146.105898927		149.962877814		
1467625524.32		152.550907812		150.517105739		154.470342987		
1467664443.24		157.010949663		154.956545202		158.940265111		
1467703362.16		161.442348948		159.359418242		163.364090607		
1467742281.08		165.848357499		163.742211117		167.78820305		
1467781200.0		170.175600742		168.034538149		172.118953054		
1467820118.92		174.439101366		172.283546143		176.407575609		
1467859037.84		178.658828465		176.430947173		180.589615707		
1467897956.76		182.802562877		180.561355806		184.743786323		
1467936875.68		187.153447051		184.925152247		189.10511911		
1467975794.59		190.876435436		188.659683404		192.811325616		
1468014713.51		194.74013744		192.519536091		196.678579513		
1468053632.43		198.517534163		196.29294501		200.454027548		
1468092551.35		202.202902944		199.915501483		204.1469354		
1468131470.27		205.806265343		203.483390128		207.753091277		
1468170389.19		209.290839813		206.957638029		211.252394066		
1468209308.11		212.683281215		210.337462195		214.68395068		
1468248227.03		215.953368751		213.665349416		217.98413981		
1468287145.95		219.189678763		216.845276841		221.20479204		
1468326064.86		222.365205287		219.984268681		224.385130097		
1468364983.78		225.372652982		222.966207907		227.445999999		
1468403902.7		228.29600829		225.868220266		230.394751862		
1468442821.62		231.084318702		228.69070962		233.208103986		
1468481740.54		250.279793764		247.702046844		252.577318864		
1468520659.46		252.996229845		250.387730243		255.319855642		
1468559578.38		255.61717916		252.994741907		257.989905192		
1468597799.0		258.107783654		255.456905341		260.496437726		
1468597800.0		258.107847101		255.456967945		260.496502154		
1468597801.0		258.107910549		255.457030549		260.496566583		
1468598497.3		256.504584505		254.137448249		258.657928158		
1468637416.22		136.555025618		132.720800132		141.034397863		
1468676335.14		138.576876083		135.172310123		141.907868661		
1468715254.05		143.182044647		139.78629458		146.480534883		
1468754172.97		147.988140243		144.65140066		151.27197578		
1468793091.89		152.874908909		149.522117515		156.154575685		
1468832010.81		157.781849033		154.424579235		161.014588011		
1468870929.73		162.611239571		159.263128594		165.786616219		
1468909848.65		167.448827278		164.123760477		170.58867245		
1468948767.57		172.26243219		168.98114379		175.390234101		
1468987686.49		175.15017927		171.961071381		178.205479117		
1469026605.41		179.959989432		176.865218509		182.967946109		
1469065524.32		184.704930719		181.661781401		187.569062712		
1469104443.24		189.463163188		186.460341136		192.208396484		
1469143362.16		194.093554357		191.181128123		196.846489486		
1469182281.08		198.66508784		195.840757852		201.346430966		
1469221200.0		182.72688324		180.24838509		185.111192322		
1469260118.92		186.472188557		184.027247717		188.741485725		
1469299037.84		190.055186395		187.713429027		192.273361943		
1469337956.76		193.580471965		191.331580103		195.676403605		
1469376875.68		197.02819801		194.871328219		199.047631338		
1469415794.59		200.391131641		198.301000347		202.288076437		
1469454713.51		203.659084939		201.691325655		205.494182987		
1469493632.43		206.807144316		204.90213835		208.616386351		
1469532551.35		209.874717895		208.035158399		211.660643618		
1469571470.27		203.657536775		201.926436907		205.324229324		
1469610389.19		206.46224732		204.762617223		208.036194426		
1469649308.11		209.117264411		207.515700467		210.685541963		
1469688227.03		211.744650517		210.179946515		213.245284419		
1469727145.95		214.261763787		212.733489922		215.711102775		
1469766064.86		221.690664599		220.213256873		223.160969083		
1469804983.78		224.072533016		222.62324267		225.515551717		
1469843902.7		240.355972383		238.797026863		241.859362117		
1469882821.62		242.700752933		241.143278376		244.239878296		
1469921740.54		244.968691123		243.413746792		246.4887343		
1469960659.46		247.161802325		245.63082066		248.69485702		
1469999578.38		249.277119458		247.714070576		250.82271153		
1470038497.3		251.247583256		249.692879287		252.821719464		
1470077416.22		237.828921602		236.292618602		239.323698144		
1470116335.14		255.141776869		253.443209526		256.752551244		
1470155254.05		256.824948186		255.09470734		258.448949804		
1470194172.97		240.40664594		238.77770173		241.936982735		
1470233091.89		242.11811999		240.518536202		243.632196677		
1470272010.81		243.78371044		242.208449499		245.279947547		
1470310929.73		245.36348091		243.823243512		246.85892127		
1470349848.65		246.299015907		244.740960668		247.808241588		
1470388767.57		248.021330506		246.465862161		249.520766075		
1470427686.49		249.487990571		247.98229701		250.993762548		
1470466605.41		250.869424273		249.36536442		252.382996437		
1470505524.32		249.494837213		248.016009277		250.985220868		
1470544443.24		250.677406514		249.161943655		252.176749484		
1470583362.16		251.979899773		250.448921868		253.520748763		
1470622281.08		253.262041158		251.734729543		254.792619003		
1470661200.0		254.501046657		252.971263572		256.035706927		
1470700118.92		275.185843132		273.504411349		276.837774856		
1470739037.84		276.348679152		274.664850951		277.999652753		
1470777956.76		277.691023601		276.0337199		279.334668887		
1470816875.68		277.974534382		276.366007463		279.647744007		
1470855794.59		278.108517189		276.497179765		279.790288595		
1470894713.51		278.166675507		276.576767481		279.879547747		
1470933632.43		278.249789928		276.714020164		279.952496549		
1470972551.35		278.646711664		277.146296795		280.280111869		
1471011470.27		278.994554956		277.562136916		280.608297967		
1471050389.19		279.408194409		278.034578512		280.999309928		
1471089308.11		279.812385632		278.411401784		281.302191367		
1471128227.03		280.253024655		278.830360803		281.696728092		
1471167145.95		280.645183177		279.216491739		282.067821097		
1471206064.86		281.032543961		279.616020665		282.437660516		
1471244983.78		281.37253374		279.943067285		282.777599316		
1471283902.7		281.70961376		280.293219854		283.138546315		
1471322821.62		282.148773673		280.667588105		283.575241813		
1471361740.54		282.409946339		280.896050975		283.870598286		
1471400659.46		282.787070411		281.210295786		284.263699916		
1471439578.38		283.101084563		281.470985002		284.594141648		
1471478497.3		283.508635106		281.888687383		285.040842062		
1471517416.22		283.878914621		282.191234513		285.441831635		
1471556335.14		284.274681082		282.523615449		285.840413609		
1471595254.05		284.601800254		282.837063243		286.234663014		
1471634172.97		284.945511096		283.168925426		286.601584644		
1471673091.89		285.257455659		283.441387061		286.938273447		
1471712010.81		285.532318329		283.723770703		287.29634244		
1471750929.73		285.838591283		283.996131063		287.643139555		
1471789848.65		286.144949379		284.257087428		287.992811614		
1471828767.57		286.459942042		284.543958962		288.337583762		
1471867686.49		286.73572517		284.815649072		288.642224107		
1471879999.0		287.025725583		285.098856077		288.936226427		
1471880000.0		287.025750373		285.098880585		288.936251832		
1471880001.0		287.025775162		285.098905092		288.936277238		
1471906605.41		284.373562489		282.719909436		286.033928083		
1471945524.32		274.381690512		272.957048964		275.809593123		
1471984443.24		265.163837127		263.801952456		266.523061057		
1472023362.16		256.677116174		255.225449789		258.011015542		
1472062281.08		245.580666479		243.954123688		246.924803878		
1472101200.0		241.811333498		240.167809705		243.201512597		
1472140118.92		216.888795661		215.438015502		218.156174793		
1472179037.84		229.541883977		227.980791197		230.938810234		
1472217956.76		207.443841975		206.088871552		208.745606603		
1472256875.68		218.610484005		217.172877089		220.04126248		
1472295794.59		213.578342768		212.172865204		215.055453778		
1472334713.51		208.838831348		207.458283346		210.291931537		
1472373632.43		204.330592638		202.946270928		205.77792693		
1472412551.35		200.048219205		198.732949899		201.519042667		
1472451470.27		195.970262714		194.670688613		197.447221066		
1472490389.19		192.094835981		190.843256477		193.579532943		
1472529308.11		188.409543547		187.159374985		189.875430326		
1472568227.03		184.874688206		183.643925588		186.358018048		
1472607145.95		181.514329484		180.255002619		182.98733224		
1472646064.86		178.292556782		177.023467732		179.763404621		
1472684983.78		175.223022773		173.964653164		176.642022916		
1472723902.7		172.274098325		171.014481476		173.705651981		
1472762821.62		169.47736622		168.16217903		170.862550654		
1472799999.0		166.874746386		165.547331043		168.238410265		
1472800000.0		166.874678069		165.547260753		168.238343001		
1472800001.0		166.874609752		165.547190463		168.238275736		
1472801740.54		166.755853962		165.425143293		168.120445155		
1472840659.46		163.923840802		162.579374496		165.188753469		
1472879578.38		168.57592774		167.233207538		169.843958141		
1472918497.3		173.063879877		171.724733684		174.334739728		
1472957416.22		177.485700318		176.150365899		178.764953972		
1472996335.14		181.944163357		180.602676238		183.221274498		
1473035254.05		186.335410481		184.987727042		187.600308887		
1473074172.97		190.679360624		189.369806273		191.969053723		
1473113091.89		195.24162336		193.939124935		196.500432518		
1473152010.81		199.495503784		198.192419903		200.731876271		
1473190929.73		203.777207698		202.48286066		205.003639141		
1473229848.65		207.9823276		206.718527912		209.222084954		
1473268767.57		212.154909291		210.891943496		213.364122787		
1473307686.49		216.228922413		214.973444291		217.444272884		
1473346605.41		220.259947408		219.025460619		221.467617611		
1473385524.32		224.034748381		222.82121021		225.218274916		
1473424443.24		228.002617188		226.801393207		229.184425123		
1473463362.16		231.761517825		230.605060376		232.945502296		
1473502281.08		235.473116411		234.320674379		236.63595998		
1473541200.0		239.116551933		237.987994899		240.264470132		
1473580118.92		242.688171164		241.532500918		243.809006512		
1473619037.84		246.143850888		245.015647329		247.263792293		
1473657956.76		249.52711352		248.407333685		250.681966766		
1473696875.68		252.865824736		251.760533067		254.018345133		
1473735794.59		256.105804269		255.014491984		257.266332296		
1473774713.51		259.288846534		258.207806904		260.470736382		
1473813632.43		262.777767733		261.744554313		263.925956785		
1473852551.35		265.95352643		264.945451559		267.055387276		
1473891470.27		268.834199059		267.809742428		269.885597528		
1473930389.19		271.455201024		270.457404388		272.519892476		
1473969308.11		274.272653849		273.274668494		275.339348164		
1474008227.03		277.014086181		276.006632951		278.06746668		
1474047145.95		279.681011194		278.629148528		280.725058434		
1474086064.86		273.472539761		272.438098895		274.481255275		
1474124983.78		275.891429802		274.847059341		276.923849707		
1474163902.7		278.29468348		277.243628527		279.308755358		
1474202821.62		280.64453571		279.588411932		281.647624077		
1474241740.54		282.913058486		281.824917319		283.931316042		
1474280659.46		285.097231537		283.989838141		286.144687413		
1474319578.38		287.227518534		286.145629466		288.282290748		
1474358497.3		289.285501929		288.186975061		290.346609933		
1474397416.22		289.286501855		288.182425079		290.354243459		
1474436335.14		291.282246436		290.187693987		292.349343445		
1474475254.05		293.221850826		292.131750936		294.292599745		
1474514172.97		293.885390138		292.780543474		294.942824659		
1474553091.89		296.093904141		294.983907307		297.165984728		
1474592010.81		298.328856821		297.19642094		299.413951513		
1474630929.73		300.390793018		299.246168031		301.482455226		
1474669848.65		297.709241749		296.593292417		298.813054539		
1474708767.57		299.523477883		298.387548586		300.645126225		
1474747686.49		301.203019446		300.037519478		302.33056814		
1474786605.41		302.838147111		301.663387136		303.965509292		
1474825524.32		304.401584789		303.1987264		305.523275341		
1474864443.24		305.916255676		304.719680083		307.051312619		
1474903362.16		312.185267164		310.957595591		313.342314326		
1474942281.08		308.782464713		307.547458785		309.935202087		
1474981200.0		310.148069981		308.915701215		311.304187514		
1475020118.92		311.483472798		310.23412602		312.639038075		
1475059037.84		312.77367798		311.531851247		313.933435793		
1475097956.76		314.181436014		312.908733455		315.326681236		
1475136875.68		315.616202141		314.322793665		316.765568082		
1475175794.59		320.787867157		319.475417795		321.955923132		
1475179999.0		316.892303111		315.590427168		318.034228305		
1475180000.0		316.892030375		315.590149234		318.033942294		
1475180001.0		316.89175764		315.589871301		318.033656284		
1475214713.51		306.696481526		305.626861705		307.715069998		
1475253632.43		295.383148366		294.453139752		296.298949507		
1475292551.35		275.331366983		274.458608496		276.171108979		
1475331470.27		275.002128432		274.024375985		275.873100928		
1475370389.19		268.557871984		267.501715951		269.551933469		
1475409308.11		265.710813463		264.538366195		266.860123366		
1475448227.03		263.279298289		261.942801048		264.50436463		
1475487145.95		260.906336078		259.44041101		262.23999688		
1475526064.86		256.990193616		255.427165445		258.482726242		
1475564983.78		253.510395416		251.810681319		255.130010556		
1475603902.7		251.810674671		249.951928605		253.60276779		
1475642821.62		250.111626041		248.119127756		252.041132342		
1475679999.0		249.288699525		247.167211969		251.343407766		
1475680000.0		249.288874513		247.167387426		251.343581016		
1475680001.0		249.289049501		247.167562883		251.343754267		
1475681740.54		249.593820033		247.473154793		251.647393632		
1475720659.46		256.389938728		254.321983551		258.425090583		
1475759578.38		262.997875895		260.993550166		265.008405227		
1475798497.3		269.637320354		267.689858342		271.607516155		
1475837416.22		276.161175603		274.27462656		278.087002747		
1475876335.14		282.380466803		280.554048778		284.270863565		
1475915254.05		287.86967705		286.091229182		289.708921757		
1475954172.97		293.280312766		291.519634721		295.029468223		
1475993091.89		298.641215789		296.90676937		300.309870087		
1476032010.81		303.724302861		302.056382762		305.380303172		
1476070929.73		308.747378532		307.10439758		310.330188982		
1476109848.65		313.629900575		312.041244193		315.150529367		
1476148767.57		318.397147461		316.853814809		319.82216903		
1476187686.49		323.096964508		321.538565738		324.442172275		
1476226605.41		327.557877885		326.060837009		328.897692653		
1476265524.32		331.897485598		330.442530022		333.199689995		
1476304443.24		336.169410679		334.729720631		337.417202208		
1476343362.16		339.463823433		338.010063807		340.642897276		
1476382281.08		342.7624209		341.370208041		343.917499805		
1476421200.0		346.285695828		344.948364099		347.406563125		
1476460118.92		349.637368641		348.33683816		350.752735199		
1476499037.84		353.100343055		351.77700461		354.181734113		
1476537956.76		356.653289639		355.360990085		357.715961673		
1476576875.68		360.038895856		358.788797648		361.118508664		
1476615794.59		363.334168722		362.120656636		364.403113747		
1476654713.51		366.517374003		365.303843049		367.578457723		
1476693632.43		369.567066477		368.380203537		370.619106374		
1476732551.35		372.485763435		371.321734987		373.562052503		
1476771470.27		375.305362654		374.179736963		376.435856122		
1476810389.19		378.017702251		376.905239799		379.118228344		
1476849308.11		380.654899173		379.551482468		381.748276207		
1476888227.03		383.183683166		382.06469245		384.290598741		
1476927145.95		385.602301459		384.467695475		386.696034949		
1476966064.86		387.850907039		386.700351354		388.954824566		
1477004983.78		389.774235953		388.616719426		390.891112503		
1477043902.7		391.527781385		390.331568156		392.653148236		
1477082821.62		393.238000097		392.002051098		394.359397262		
1477121740.54		394.87558269		393.621259559		396.015846996		
1477160659.46		396.466708752		395.194600765		397.606062454		
1477199578.38		398.004770844		396.714110878		399.140765172		
1477238497.3		399.483194555		398.202971673		400.621266134		
1477277416.22		400.929823425		399.626406468		402.070974807		
1477316335.14		402.301397602		400.986440684		403.466670083		
1477355254.05		403.648847202		402.311824187		404.803651522		
1477394172.97		404.939181777		403.578935539		406.100442349		
1477433091.89		406.187645733		404.790405696		407.351891136		
1477472010.81		407.389033785		405.972041824		408.562304224		
1477510929.73		408.586439364		407.146626326		409.762867076		
1477549848.65		409.714824008		408.258767375		410.891907399		
1477588767.57		413.770649066		412.30425722		414.97735243		
1477627686.49		411.868712898		410.392545449		413.072983256		
1477666605.41		412.929666823		411.440673693		414.152075557		
1477705524.32		413.916204966		412.417578522		415.148273432		
1477744443.24		414.911226191		413.406044973		416.147722484		
1477783362.16		415.87500723		414.375550926		417.127771827		
1477822281.08		416.824829687		415.330339725		418.095339072		
1477861200.0		417.748313327		416.245932319		419.024105826		
1477900118.92		418.641217229		417.118853857		419.915883106		
1477939037.84		419.525571609		417.998289577		420.796418032		
1477977956.76		420.399952805		418.861622675		421.652317027		
1478016875.68		421.244481943		419.696190146		422.490234895		
1478055794.59		422.075393662		420.511973264		423.328678564		
1478094713.51		422.881075181		421.307294427		424.13720842		
1478133632.43		423.680896259		422.126369436		424.950971668		
1478172551.35		424.482502438		422.930214505		425.748358493		
1478211470.27		425.268559531		423.701475541		426.532710523		
1478250389.19		426.036336364		424.444761839		427.301528661		
1478289308.11		426.813879693		425.220450053		428.085318113		
1478328227.03		427.579137428		425.988598092		428.845569584		
1478367145.95		428.307418952		426.715732764		429.574684812		
1478406064.86		429.052623976		427.457040377		430.311288527		
1478444983.78		429.779147546		428.175012496		431.045708055		
1478483902.7		430.480386157		428.870430624		431.744183006		
1478522821.62		431.194366936		429.577058959		432.464973604		
1478561740.54		431.916024344		430.293395757		433.192135537		
1478600659.46		432.613411304		430.99166215		433.87565394		
1478639578.38		433.317233912		431.694449829		434.571438843		
1478678497.3		434.012256723		432.38083432		435.268262106		
1478717416.22		434.695856887		433.072871692		435.948741407		
1478756335.14		435.378760919		433.750515583		436.636635722		
1478795254.05		436.034439662		434.408584683		437.309010998		
1478834172.97		436.723868238		435.093296516		437.990574782		
1478873091.89		437.380712429		435.763186063		438.645686287		
1478912010.81		438.045971607		436.42200489		439.309246439		
1478950929.73		438.717016161		437.08631875		439.971998939		
1478989848.65		439.373819629		437.737823039		440.609979644		
1479028767.57		440.045721202		438.411635734		441.290010298		
1479067686.49		440.692199287		439.061030381		441.934789154		
1479106605.41		441.343209556		439.70355812		442.576055791		
1479145524.32		442.004103871		440.369107292		443.245418479		
1479184443.24		442.657015111		441.015122757		443.88972431		
1479223362.16		443.303395269		441.662404189		444.532960374		
1479262281.08		443.940098621		442.304677795		445.166342996		
1479301200.0		444.571303581		442.923405031		445.780425733		
1479340118.92		445.21469798		443.570412687		446.428619516		
1479379037.84		445.843863754		444.207654983		447.0663157		
1479417956.76		446.479984341		444.845620741		447.705477883		
1479456875.68		447.107320118		445.474491832		448.341989268		
1479495794.59		447.753886253		446.136561704		448.989471368		
1479534713.51		448.388440541		446.765548408		449.62048781		
1479573632.43		449.030185662		447.406709045		450.258667076		
1479612551.35		449.670076544		448.041567401		450.902815489		
1479651470.27		450.29328065		448.681711775		451.532081839		
1479690389.19		450.912205853		449.309890678		452.150087354		
1479729308.11		451.538087609		449.940234342		452.772383166		
1479768227.03		439.463141452		437.900255729		440.664417468		
1479772378.0		439.539687482		437.976218675		440.739764554		
1479772379.0		439.539706628		437.976237635		440.739783229		
1479772380.0		439.539725773		437.976256594		440.739801904		
1479772799.0		439.54774785		437.984200943		440.747626994		
1479772800.0		439.547766996		437.984219904		440.74764567		
1479772801.0		439.538768602		437.976318946		440.737211032		
1479807145.95		359.555568701		354.603180354		364.591711443		
1479846064.86		361.322409031		356.469445134		366.085148072		
1479884983.78		376.084848091		371.318280919		380.784223167		
1479923902.7		380.283039779		375.716293857		384.833462784		
1479962821.62		384.394703078		379.999731331		388.758897003		
1480001740.54		388.312791479		384.095045485		392.551157178		
1480040659.46		392.185844874		388.117816173		396.195914958		
1480079578.38		395.89169156		391.98714446		399.762210327		
1480118497.3		399.486053179		395.701220036		403.18316846		
1480157416.22		402.987721607		399.29945781		406.503901939		
1480196335.14		406.322113801		402.802512231		409.678211259		
1480235254.05		409.574065135		406.174439349		412.754516938		
1480274172.97		412.687490769		409.450571968		415.690812707		
1480313091.89		415.706341526		412.603134613		418.569579327		
1480344348.0		417.68214972		414.684078335		420.453407088		
1480344349.0		417.682101645		414.684034535		420.45333142		
1480344350.0		417.68205357		414.683990734		420.453255752		
1480352010.81		417.256997724		414.340480894		419.978132092		
1480390929.73		415.035885205		412.467674047		417.60834372		
1480429848.65		413.103324331		410.67923245		415.281376439		
1480468767.57		411.26326401		408.92381487		413.323239408		
1480507686.49		409.437451123		407.157404432		411.504863407		
1480546605.41		407.813425337		405.468792627		409.896972145		
1480585524.32		406.360474265		403.902592143		408.563062066		
1480624443.24		404.968960124		402.376693855		407.380423784		
1480663362.16		403.727673854		400.928889554		406.276366922		
1480702281.08		402.48244241		399.545826535		405.30749649		
1480741200.0		401.390490237		398.205045442		404.372507063		
1480780118.92		400.356769152		396.926200467		403.578654806		
1480819037.84		399.508694756		395.793602923		402.835813275		
1480857956.76		398.624652745		394.726418315		402.254778587		
1480896875.68		397.839799337		393.72061044		401.704055058		
1480926699.0		397.5196134		393.241594785		401.580593033		
1480926700.0		397.519715779		393.241701989		401.580693524		
1480926701.0		397.519818158		393.241809193		401.580794015		
1480935794.59		398.451392633		394.228315498		402.492463782		
1480974713.51		402.498765967		398.459514221		406.327886676		
1481013632.43		406.465987853		402.521521904		410.14766416		
1481052551.35		410.217061824		406.497022615		413.742409139		
1481091470.27		413.903266633		410.366943621		417.228712049		
1481130389.19		417.439180413		414.102238637		420.669338912		
1481169308.11		420.874214424		417.686293748		423.912665357		
1481208227.03		424.192961281		421.144062202		427.104471247		
1481247145.95		427.406068846		424.442576552		430.150987803		
1481286064.86		430.47775621		427.607400713		433.088227966		
1481324983.78		433.424475756		430.644740642		435.905485371		
1481363902.7		436.256746102		433.559143413		438.630979753		
1481402821.62		438.97485733		436.368071676		441.21550858		
1481441740.54		441.627625734		439.09754142		443.779211577		
1481480659.46		444.215832059		441.809250916		446.269341937		
1481519578.38		446.64222246		444.334938965		448.63909309		
1481558497.3		448.938325601		446.729736148		450.847328963		
1481597416.22		450.93893245		448.80889235		452.806496955		
1481636335.14		452.759324217		450.699267401		454.619932192		
1481675254.05		454.537829996		452.581498538		456.385765755		
1481714172.97		456.291701521		454.387293652		458.065685675		
1481753091.89		458.020432701		456.205404104		459.757664827		
1481792010.81		459.753400478		457.953294301		461.417236949		
1481830929.73		461.30984077		459.563913779		462.948173134		
1481869848.65		462.834192213		461.165314807		464.472016492		
1481908767.57		464.360155417		462.772921587		466.006137011		
1481947686.49		465.814524685		464.285879398		467.435749547		
1481986605.41		467.217106004		465.728756861		468.84216973		
1482025524.32		468.573356826		467.137363688		470.210783331		
1482064443.24		469.915357253		468.505135351		471.545690837		
1482103362.16		471.2362361		469.853034445		472.850400917		
1482142281.08		472.526985796		471.142877741		474.146006536		
1482168544.0		472.690704765		471.329959428		474.278904976		
1482168545.0		472.690373392		471.329652031		474.278493792		
1482168546.0		472.69004202		471.329344635		474.278082608		
1482181200.0		468.238476869		466.91594876		469.542739403		
1482220118.92		454.800316504		452.752744407		456.618874449		
1482259037.84		442.352004256		439.043885301		445.264499507		
1482297956.76		431.151237729		426.518345626		435.346548727		
1482336875.68		420.6401443		414.863306202		425.931727208		
1482359159.0		415.597030523		409.221674329		421.295168369		
1482359160.0		415.597129015		409.22177458		421.295259832		
1482359161.0		415.597227507		409.221874831		421.295351295		
1482375794.59		417.293555894		411.010450379		422.907963168		
1482414713.51		421.449527942		415.399068767		426.854758533		
1482453632.43		425.447313215		419.62586772		430.630587798		
1482492551.35		429.296895611		423.687823102		434.286454569		
1482531470.27		433.079915221		427.680465284		437.734393484		
1482570389.19		436.694424526		431.556693229		441.115218642		
1482609308.11		440.212500562		435.327534323		444.403149585		
1482648227.03		443.541753661		438.890225903		447.484199783		
1482687145.95		446.743466314		442.324779722		450.484674411		
1482726064.86		449.821753282		445.614827433		453.392321117		
1482764983.78		452.756584155		448.746097772		456.172411759		
1482803902.7		455.508615688		451.741711897		458.803175527		
1482842821.62		458.261163972		454.689160919		461.415190511		
1482881740.54		460.896331302		457.456111848		463.908953126		
1482920659.46		463.436552444		460.218210823		466.267460952		
1482959578.38		463.394047041		460.336859457		466.059934524		
1482998497.3		465.902940874		463.027436728		468.428247503		
1483037416.22		468.275000684		465.568438238		470.76286671		
1483076335.14		470.593263424		468.00191153		473.009640091		
1483115254.05		472.858877788		470.354993405		475.180703727		
1483154172.97		475.002432323		472.612901964		477.293332303		
1483193091.89		477.030960513		474.746731109		479.193882343		
1483232010.81		479.050454938		476.763848544		481.083326189		
1483270929.73		480.939945831		478.718829174		482.95673671		
1483309848.65		482.810598991		480.71461032		484.80381721		
1483348767.57		484.650587713		482.574360137		486.599484035		
1483387686.49		486.392930674		484.37155863		488.320126872		
1483426605.41		488.06670165		486.093906986		489.910673901		
1483465524.32		489.670799997		487.727738399		491.483102589		
1483504443.24		491.192150654		489.219508042		493.021627191		
1483543362.16		492.693773535		490.738457868		494.541314181		
1483582281.08		494.212938239		492.284868045		496.042841859		
1483621200.0		495.617769119		493.653920263		497.440760849		
1483660118.92		497.019600862		495.066430764		498.781601649		
1483699037.84		498.365325214		496.412672171		500.148989862		
1483737956.76		499.713348737		497.755053537		501.509670677		
1483776875.68		501.034948565		499.082417994		502.855814135		
1483815794.59		502.311985978		500.363294194		504.171016539		
1483854713.51		503.554506764		501.631409442		505.43834268		
1483893632.43		504.770856711		502.831547517		506.66712898		
1483932551.35		505.94623255		504.007407034		507.87693957		
1483971470.27		507.12679283		505.171486018		509.066514915		
1484010389.19		508.354929257		506.358206773		510.2968312		
1484049308.11		509.531086043		507.520669456		511.525558198		
1484088227.03		510.619791682		508.597774757		512.636241945		
1484127145.95		511.652262772		509.60965842		513.690372299		
1484166064.86		512.660167862		510.629159975		514.727980716		
1484204983.78		513.667784087		511.638465844		515.797464994		
1484243902.7		514.661054189		512.600104916		516.854701784		
1484282821.62		515.580274254		513.526698754		517.785485023		
1484321740.54		516.477216997		514.40023226		518.723263324		
1484360659.46		517.353083555		515.28051863		519.660624821		
1484399578.38		518.262644065		516.136125113		520.602965468		
1484438497.3		519.164583702		516.99439305		521.581890088		
1484477416.22		520.106579536		517.907037658		522.547805812		
1484516335.14		520.962796444		518.748510828		523.429330535		
1484555254.05		521.812538079		519.565008276		524.322349066		
1484594172.97		522.655129665		520.376600523		525.187756319		
1484633091.89		523.451287483		521.157956404		526.028153002		
1484672010.81		524.293368951		521.984960567		526.943280256		
1484710929.73		525.151134981		522.831667848		527.835643173		
1484731511.0		525.611866553		523.263137323		528.310990121		
1484731512.0		525.611888077		523.263157809		528.311012435		
1484731513.0		525.611909601		523.263178296		528.311034749		
1484749848.65		525.994055655		523.621946367		528.689131155		
1484788767.57		417.149530774		415.266678766		419.336214391		
1484827686.49		417.793889355		415.896919041		420.027633699		
1484866605.41		418.444084851		416.515776882		420.698574233		
1484905524.32		419.101106355		417.157583361		421.387631285		
1484944443.24		419.734279113		417.766026086		422.051949011		
1484983362.16		502.254018552		499.892728526		505.048993471		
1485022281.08		503.072063536		500.696925288		505.898072395		
1485061200.0		503.844673466		501.446104827		506.720356655		
1485100118.92		504.608589218		502.197495881		507.516302153		
1485139037.84		505.377705041		502.944781146		508.316001805		
1485177956.76		506.129451986		503.683488443		509.096618291		
1485216875.68		504.360266971		501.923713397		507.340189579		
1485255794.59		490.97476762		488.585053148		493.869111793		
1485294713.51		478.648783075		476.288172218		481.475506748		
1485333632.43		475.420471515		473.041967514		478.246364385		
1485372551.35		477.399563713		474.989199405		480.261413224		
1485411470.27		479.332765067		476.882437869		482.216011448		
1485450389.19		402.815807445		400.722818209		405.261642162		
1485489308.11		404.434654004		402.326852726		406.924219482		
1485528227.03		406.033955028		403.908915977		408.563166271		
1485567145.95		407.587899238		405.44215392		410.154284023		
1485606064.86		409.065251197		406.900518391		411.673685298		
1485644983.78		410.501897937		408.317586495		413.149031419		
1485683902.7		411.939501616		409.733170067		414.616020771		
1485722821.62		413.324914556		411.099562635		416.040877959		
1485761740.54		414.676436764		412.412845027		417.419279717		
1485800659.46		415.994394809		413.711924351		418.761076888		
1485839578.38		479.305632248		476.669548904		482.546085629		
1485878497.3		480.696665077		478.048268667		483.977367309		
1485917416.22		482.028384324		479.368528743		485.365160587		
1485951099.0		483.191952448		480.510987036		486.573904475		
1485951100.0		483.191986877		480.511020928		486.573940767		
1485951101.0		483.192021305		480.51105482		486.573977058		
1485956335.14		475.017926941		472.892624352		477.303011393		
1485995254.05		446.904667748		440.637021759		453.207378275		
1486034172.97		449.347577062		443.320152443		455.464343875		
1486073091.89		461.889686947		455.990105842		467.891239514		
1486112010.81		464.603128691		459.036265063		470.398145627		
1486150929.73		467.204234416		461.941565115		472.712935302		
1486189848.65		469.742900102		464.771502417		474.975992777		
1486228767.57		472.202767172		467.494304364		477.141503996		
1486267686.49		474.607337538		470.092321763		479.288107935		
1486306605.41		476.971014529		472.667382378		481.397498651		
1486345524.32		479.26872495		475.088234685		483.385128138		
1486384443.24		481.397674128		477.368252928		485.242015255		
1486423362.16		483.480009538		479.609350851		487.139876586		
1486462281.08		485.601424021		481.831126463		488.987069769		
1486501200.0		487.621168483		484.034093981		490.819379782		
1486540118.92		489.483248307		486.190150635		492.566465508		
1486579037.84		491.401061616		488.147221116		494.299303404		
1486617956.76		493.215351607		490.085075476		496.02268463		
1486656875.68		494.914237671		491.952059498		497.653611549		
1486695794.59		496.614009507		493.640478988		499.283683998		
1486734713.51		498.223566516		495.284863614		500.848269225		
1486773632.43		499.770056435		496.792533299		502.349921328		
1486812551.35		501.340057705		498.504865076		503.882987744		
1486851470.27		502.846291498		500.072788708		505.326607161		
1486890389.19		504.318309342		501.601144109		506.800389123		
1486929308.11		505.831644243		503.110271777		508.369713183		
1486968227.03		507.185077818		504.507060567		509.744571403		
1487007145.95		508.595835742		505.913264508		511.224438199		
1487046064.86		509.955313298		507.226544793		512.647888702		
1487084983.78		511.225965676		508.510947105		514.042760679		
1487123902.7		512.518811069		509.788391498		515.483130562		
1487162821.62		513.856148867		511.070479083		516.821426668		
1487201740.54		515.166789331		512.393442874		518.217979151		
1487240659.46		516.471059332		513.655062578		519.561424776		
1487279578.38		518.621576519		515.714330093		521.792194999		
1487318497.3		519.741045125		516.859699268		523.00326632		
1487357416.22		520.856003		517.940066615		524.151597797		
1487396335.14		521.950401603		519.017380085		525.243708546		
1487435254.05		523.004661792		520.006872538		526.303299002		
1487474172.97		524.101129724		521.029655838		527.349481469		
1487513091.89		525.175471891		522.138446244		528.393381914		
1487552010.81		526.215436426		523.129233244		529.346369357		
1487590929.73		527.2582331		524.149644681		530.212811823		
1487629848.65		528.265271436		525.20088316		531.091567687		
1487668767.57		529.225517557		526.229493355		532.003904964		
1487707686.49		530.184668416		527.156483198		532.854721326		
1487746605.41		531.05709266		528.13343633		533.735047139		
1487785524.32		531.931010057		529.118862701		534.560455296		
1487824443.24		532.818639269		530.100027214		535.413012548		
1487863362.16		533.673023037		531.089502307		536.198975409		
1487902281.08		534.486760659		531.981540915		536.881453591		
1487941200.0		535.185928827		532.773862075		537.590754041		
1487980118.92		535.844056578		533.501417853		538.174742753		
1488019037.84		536.499903542		534.232427813		538.72857568		
1488057956.76		537.166732967		534.96519474		539.378452815		
1488096875.68		537.720021527		535.602912793		539.946895551		
1488135794.59		538.304969324		536.248130443		540.528831886		
1488174713.51		538.851457787		536.772791998		541.04272376		
1488213632.43		539.434094094		537.366222253		541.633405491		
1488252551.35		540.05036282		537.976833592		542.218433742		
1488291470.27		540.526256327		538.480416016		542.717790281		
1488330389.19		540.985970312		538.982737067		543.185289062		
1488369308.11		541.437890143		539.42723363		543.69246628		
1488408227.03		541.940553052		539.932857793		544.216932563		
1488447145.95		542.446707986		540.392369862		544.750486344		
1488486064.86		542.921256662		540.848560043		545.20470579		
1488524983.78		543.34633343		541.283536785		545.650652125		
1488563902.7		543.815522284		541.761278532		546.13859755		
1488602821.62		544.176176162		542.130334333		546.5584675		
1488641740.54		544.531475573		542.526768462		547.023333001		
1488680659.46		544.837809346		542.837441477		547.330516657		
1488719578.38		545.101146817		543.078568552		547.598438721		
1488758497.3		543.650762429		541.615399097		546.19889151		
1488797416.22		544.160531816		542.117675337		546.701634526		
1488836335.14		544.709961303		542.645536805		547.247637231		
1488875254.05		545.233612726		543.156750781		547.758204339		
1488914172.97		545.717621403		543.645249997		548.258730747		
1488953091.89		546.199283986		544.076357867		548.723462535		
1488992010.81		546.714161069		544.573546165		549.232190079		
1489030929.73		547.213579341		545.048152354		549.744425116		
1489069848.65		547.676506989		545.506762097		550.242564106		
1489108767.57		549.060460349		546.909305338		551.606067939		
1489147686.49		549.453567152		547.306908696		551.99457436		
1489186605.41		549.832325718		547.673291806		552.366577485		
1489225524.32		550.198384521		548.037100086		552.735520061		
1489264443.24		550.646959899		548.492748313		553.194519774		
1489303362.16		551.010780919		548.866730187		553.556375586		
1489342281.08		551.35401682		549.218252008		553.895949856		
1489381200.0		551.626058334		549.482082446		554.177981146		
1489420118.92		551.85446126		549.693759894		554.403302983		
1489459037.84		552.13277809		549.981593401		554.696671066		
1489497956.76		552.348872149		550.205992543		554.914592666		
1489536875.68		552.590069047		550.458964415		555.16070035		
1489575794.59		552.834318969		550.720258332		555.410142514		
1489614713.51		553.092876067		550.983133729		555.676007073		
1489653632.43		553.336882758		551.233740147		555.926251819		
1489692551.35		553.50317993		551.416209444		556.089482241		
1489731470.27		553.631476231		551.573246652		556.22098379		
1489770389.19		553.901979757		551.855091017		556.497644146		
1489809308.11		554.120258592		552.078310866		556.711219564		
1489848227.03		554.298154949		552.260068484		556.875310569		
1489887145.95		554.380223728		552.36415829		556.958625342		
1489926064.86		554.539413447		552.53399327		557.093991848		
1489964983.78		554.618996331		552.621865833		557.143911351		
1490003902.7		554.802939745		552.824023376		557.331825647		
1490042821.62		554.95186718		552.989598045		557.450016663		
1490081740.54		555.080774861		553.124403326		557.560736515		
1490120659.46		555.227913546		553.275361638		557.702568286		
1490159578.38		555.358864435		553.414279621		557.817365252		
1490198497.3		555.463712163		553.539424429		557.90969571		
1490237416.22		555.580960193		553.656892659		558.005557913		
1490276335.14		555.80373781		553.903649871		558.220356267		
1490315254.05		555.959315119		554.071171852		558.351539833		
1490354172.97		556.086850125		554.195645763		558.445294675		
1490393091.89		556.208229764		554.302432883		558.547756235		
1490432010.81		556.381018931		554.491419307		558.698475782		
1490470929.73		556.52069793		554.642030548		558.8222523		
1490509848.65		556.64862959		554.780245887		558.937486599		
1490548767.57		556.774452286		554.909941393		559.049004543		
1490587686.49		556.899983577		555.031360744		559.1571864		
1490626605.41		557.039866282		555.158908215		559.279749892		
1490665524.32		557.255416005		555.392303076		559.476140721		
1490704443.24		557.477113205		555.617716354		559.686799687		
1490743362.16		557.607686251		555.744882476		559.800617039		
1490782281.08		557.809158419		555.92543445		559.955690847		
1490821200.0		558.112399642		556.211525125		560.233868396		
1490860118.92		558.330299347		556.427109006		560.429287588		
1490899037.84		558.508878732		556.602906966		560.580092243		
1490937956.76		558.663539451		556.75910784		560.72408122		
1490976875.68		558.900148006		557.010203176		560.929198917		
1491015794.59		559.172590326		557.285257304		561.181080508		
1491054713.51		559.47802612		557.592093843		561.483032322		
1491093632.43		559.827051206		557.912648463		561.78380467		
1491132551.35		560.016222533		558.121389023		561.954299654		
1491171470.27		560.199265962		558.333388675		562.12837134		
1491210389.19		560.283059148		558.437425562		562.198547226		
1491249308.11		560.429608661		558.591949374		562.35841203		
1491288227.03		560.586923036		558.784384628		562.482569084		
1491327145.95		560.799766849		559.003395384		562.713800813		
1491366064.86		561.007460879		559.226291613		562.88473824		
1491404983.78		561.151134168		559.402170551		563.035760274		
1491443902.7		561.324053026		559.595452485		563.212356692		
1491482821.62		561.493385301		559.775859248		563.369453891		
1491521740.54		559.88478502		558.172544066		561.766978192		
1491560659.46		560.042282799		558.317944876		561.939957011		
1491599578.38		560.301799103		558.556011366		562.176023243		
1491638497.3		560.534402205		558.816059888		562.389437485		
1491677416.22		560.782173707		559.040495614		562.615270255		
1491716335.14		560.977277523		559.246563477		562.814370093		
1491755254.05		561.15879483		559.427040881		562.961759172		
1491794172.97		561.374498115		559.639408058		563.172744545		
1491833091.89		561.673214583		559.960563032		563.463895332		
1491872010.81		561.87870597		560.171561305		563.649047581		
1491910929.73		562.04233706		560.335747768		563.804520437		
1491949848.65		562.220032023		560.514256892		563.976590953		
1491988767.57		562.29958505		560.600200976		564.063346532		
1492027686.49		562.510743014		560.808546067		564.264253724		
1492066605.41		562.588769065		560.888014273		564.346492974		
1492105524.32		563.77659261		562.065026725		565.528805877		
1492144443.24		564.238179433		562.547143937		566.029006053		
1492183362.16		564.340944982		562.643123493		566.107620586		
1492222281.08		564.363217917		562.706019681		566.144017775		
1492261200.0		564.460120341		562.790844172		566.222294734		
1492300118.92		564.626086288		562.968379187		566.386956406		
1492339037.84		564.741610495		563.094425236		566.495599894		
1492377956.76		564.834129755		563.16982691		566.571049318		
1492416875.68		564.881795773		563.22453257		566.600377037		
1492455794.59		565.033562525		563.363143851		566.771669966		
1492494713.51		565.151165456		563.471736673		566.909995483		
1492533632.43		565.164060309		563.495686749		566.956167465		
1492572551.35		565.303226047		563.633581267		567.110693451		
1492611470.27		565.518494451		563.812080891		567.324076376		
1492650389.19		565.728079155		563.991932982		567.51977797		
1492689308.11		565.918133194		564.174252629		567.726618214		
1492728227.03		566.120515814		564.366872738		567.924328358		
1492767145.95		566.356381033		564.606531837		568.156823429		
1492806064.86		566.560714115		564.822122663		568.344635879		
1492844983.78		566.709222034		564.959250975		568.476534871		
1492883902.7		566.808547557		565.054376928		568.581693949		
1492922821.62		566.937199925		565.172369048		568.735587559		
1492961740.54		567.129378434		565.350738779		568.942052669		
1493000659.46		567.173488234		565.38438114		569.01003352		
1493039578.38		567.241354398		565.437910449		569.089132948		
1493078497.3		567.328280737		565.490736617		569.167928844		
1493117416.22		567.436624676		565.600660846		569.303698992		
1493156335.14		567.580414514		565.730291408		569.47300484		
1493195254.05		567.724916737		565.859187633		569.638266978		
1493234172.97		567.829677024		565.936639861		569.76610481		
1493273091.89		567.848795258		565.963182276		569.825828874		
1493312010.81		567.877695875		565.971629913		569.85448056		
1493350929.73		567.908623211		565.980352176		569.920206202		
1493389848.65		567.887963457		565.94742401		569.915760068		
1493428767.57		567.951677956		565.98658949		569.981640696		
1493467686.49		568.041965152		566.072524947		570.082796733		
1493506605.41		568.126148583		566.125057137		570.152396751		
1493545524.32		568.198593933		566.173449858		570.209428125		
1493584443.24		568.333596401		566.299733357		570.374590426		
1493623362.16		568.441477126		566.383279951		570.466751854		
1493662281.08		568.711965588		566.627955574		570.752969395		
1493701200.0		568.90226356		566.800227886		570.950831981		
1493740118.92		569.141350152		567.042897081		571.216527261		
1493779037.84		569.350180359		567.227892799		571.416091526		
1493817956.76		569.561824352		567.42278479		571.639414789		
1493856875.68		569.765304622		567.599473833		571.853182069		
1493895794.59		569.953556502		567.766312429		572.055039928		
1493934713.51		570.116594164		567.89928327		572.224859543		
1493973632.43		570.358321632		568.119498078		572.499603904		
1494012551.35		570.509297688		568.249097076		572.657615386		
1494051470.27		570.691539084		568.431242188		572.888278584		
1494090389.19		570.930417902		568.665090757		573.176155982		
1494129308.11		571.094096812		568.801982259		573.359784014		
1494168227.03		571.317321077		569.015406044		573.623797685		
1494207145.95		571.455006998		569.14328164		573.803366579		
1494246064.86		571.716945411		569.370678187		574.076097577		
1494284983.78		571.866428319		569.514787718		574.234992756		
1494323902.7		571.994338355		569.621589129		574.373178501		
1494362821.62		572.228457342		569.833203032		574.631055711		
1494401740.54		572.325017704		569.897351505		574.748446262		
1494440659.46		572.390175369		569.936014652		574.844092264		
1494479578.38		572.562300772		570.119506627		575.055458834		
1494518497.3		572.651546623		570.202714239		575.160557282		
1494557416.22		572.727805232		570.286025589		575.283628825		
1494596335.14		572.832989858		570.354566545		575.424358794		
1494635254.05		573.004599689		570.497875903		575.654705016		
1494674172.97		573.163508946		570.657397352		575.86021077		
1494713091.89		573.450310932		570.89712305		576.144686895		
1494752010.81		573.705614759		571.124752922		576.408330193		
1494790929.73		573.921210486		571.326186806		576.653807334		
1494829848.65		574.194658493		571.568429011		576.948465397		
1494868767.57		574.589616066		571.939047859		577.359742727		
1494907686.49		574.835524929		572.167462793		577.605704965		
1494946605.41		575.136734358		572.456498421		577.921572595		
1494985524.32		575.355068047		572.646693588		578.186327435		
1495024443.24		575.59983576		572.858296149		578.473068661		
1495063362.16		575.816284114		573.046308508		578.722311755		
1495102281.08		576.001356236		573.193687879		578.920963319		
1495141200.0		576.185379945		573.341710567		579.115547859		
1495180118.92		576.440838736		573.562207429		579.389874802		
1495219037.84		576.639677154		573.724813817		579.61534975		
1495257956.76		576.892284008		573.951325682		579.88973385		
1495296875.68		577.082086624		574.120741412		580.100198781		
1495335794.59		577.335188047		574.337580716		580.376641249		
1495374713.51		577.571828669		574.554764881		580.642551071		
1495413632.43		577.823700809		574.759368783		580.931263394		
1495452551.35		578.009454619		574.903068993		581.13477779		
1495491470.27		578.213804419		575.066312365		581.373476458		
1495530389.19		578.437659006		575.280590346		581.616091631		
1495569308.11		578.668840716		575.49825314		581.854768884		
1495608227.03		578.944442476		575.716056051		582.156474745		
1495647145.95		579.205709103		575.95172274		582.441562842		
1495686064.86		579.377936688		576.098579311		582.656482849		
1495724983.78		579.452654619		576.135750613		582.760355894		
1495763902.7		579.521978584		576.165307117		582.8389528		
1495802821.62		579.70161428		576.319526168		583.0492045		
1495841740.54		579.871757242		576.458233443		583.242567312		
1495880659.46		580.144291209		576.69770017		583.545448465		
1495919578.38		580.405993791		576.920075385		583.828690155		
1495958497.3		580.691770551		577.179685916		584.154779521		
1495997416.22		580.967415773		577.42523983		584.465883124		
1496036335.14		581.22367115		577.664266237		584.763906487		
1496075254.05		581.441265071		577.861976283		585.029576262		
1496114172.97		581.597752431		577.985545403		585.188533405		
1496153091.89		581.820539308		578.162286994		585.427898625		
1496192010.81		581.995311983		578.301274186		585.644056813		
1496230929.73		582.200081945		578.470731027		585.886385855		
1496269848.65		582.266366405		578.506206784		585.965421292		
1496308767.57		582.339938458		578.543854292		586.078382593		
1496347686.49		583.215678971		579.369658734		587.032957462		
1496386605.41		583.299434123		579.431973502		587.159093275		
1496425524.32		583.37404893		579.446502411		587.232848635		
1496464443.24		583.481542311		579.501505928		587.368015042		
1496503362.16		583.645127441		579.620022308		587.546434667		
1496542281.08		583.71986522		579.645244499		587.637231681		
1496581200.0		583.794213017		579.674847683		587.712976916		
1496620118.92		583.810642401		579.66645389		587.757935994		
1496659037.84		583.828068199		579.632705075		587.782960689		
1496697956.76		583.810865819		579.569264718		587.769912375		
1496736875.68		583.799106174		579.511098231		587.780347892		
1496775794.59		583.796367684		579.486601423		587.816955778		
1496814713.51		583.803998232		579.462197759		587.839013839		
1496853632.43		583.824434004		579.447767285		587.874252336		
1496892551.35		583.835997969		579.439838412		587.925475267		
1496931470.27		583.860669047		579.450683978		587.986103651		
1496970389.19		583.893423197		579.458631263		588.052938393		
1497009308.11		583.934982385		579.490251644		588.128691569		
1497048227.03		583.991339379		579.526723128		588.212903631		
1497087145.95		584.050512549		579.584299096		588.309030747		
1497126064.86		584.120213194		579.649159883		588.425234169		
1497164983.78		584.195678116		579.720920628		588.545977058		
1497203902.7		584.276134116		579.773944171		588.661597963		
1497242821.62		584.369096409		579.820811954		588.777162677		
1497281740.54		584.462245235		579.873693375		588.898980369		
1497320659.46		584.564231967		579.948839953		589.027172529		
1497359578.38		584.679116639		580.034930309		589.159707413		
1497398497.3		584.800703206		580.129101659		589.298391533		
1497437416.22		584.937813282		580.228013362		589.445448156		
1497476335.14		585.074922356		580.319048765		589.598860817		
1497515254.05		585.200910874		580.419347036		589.778296717		
1497554172.97		585.320211021		580.52538216		589.94287276		
1497593091.89		585.458375664		580.636490717		590.111559177		
1497632010.81		585.60692439		580.750749715		590.281389038		
1497670929.73		585.75897322		580.858835277		590.462327349		
1497709848.65		585.909740913		580.977041625		590.650286768		
1497748767.57		586.063481516		581.095557007		590.841605157		
1497787686.49		586.220657895		581.2143478		591.036605923		
1497826605.41		586.388132134		581.33930075		591.240233734		
1497865524.32		586.55843585		581.480477473		591.444910345		
1497904443.24		586.727332354		581.626089638		591.645758628		
1497943362.16		586.901320632		581.767236581		591.832072769		
1497982281.08		587.077073656		581.908983365		592.03682172		
1498021200.0		587.258533223		582.053161589		592.249746201		
1498060118.92		587.442160469		582.199466137		592.464937061		
1498099037.84		587.631496482		582.347788811		592.682284722		
1498137956.76		587.810213019		582.49803041		592.899174477		
1498176875.68		587.994284079		582.650096936		593.116830846		
1498215794.59		588.184999973		582.787786323		593.338895625		
1498254713.51		588.374807872		582.922586167		593.565227044		
1498293632.43		588.564529886		583.075374277		593.791184075		
1498332551.35		588.754319685		583.235384249		594.016939203		
1498371470.27		588.942723926		583.397336207		594.23883108		
1498410389.19		589.132535524		583.560663818		594.462163611		
1498449308.11		589.323690285		583.719749934		594.686873179		
1498488227.03		589.521762311		583.882678874		594.925760856		
1498527145.95		589.72400055		584.044406641		595.169242857		
1498566064.86		589.935901541		584.209678853		595.413976603		
1498604983.78		590.144753552		584.378536743		595.655797356		
1498643902.7		590.349701054		584.54842245		595.896115528		
1498682821.62		590.550608937		584.719289875		596.137223183		
1498721740.54		590.753814106		584.89109316		596.376957231		
1498760659.46		590.963044137		585.057107838		596.61769594		
1498799578.38		591.166827426		585.217529901		596.859228197		
1498838497.3		591.368076653		585.37875046		597.084328401		
1498877416.22		591.56687355		585.540734403		597.315075139		
1498916335.14		591.765682983		585.707455112		597.558144125		
1498955254.05		591.971916951		585.861278736		597.787064634		
1498994172.97		592.184441982		586.020859819		598.016238172		
1499033091.89		592.396462897		586.187978405		598.24615617		
1499072010.81		592.599857024		586.370934337		598.476790919		
1499110929.73		592.801816425		586.554495573		598.708115514		
1499149848.65		592.999884906		586.738637074		598.940104261		
1499188767.57		593.212625209		586.917202676		599.171892479		
1499227686.49		593.433811695		587.079192315		599.424879733		
1499266605.41		593.655568851		587.241668579		599.680430734		
1499305524.32		593.87787677		587.404611631		599.936579502		
1499344443.24		594.097267803		587.568002007		600.193306843		
1499383362.16		594.31764158		587.731821691		600.443385414		
1499422281.08		594.536863567		587.898398241		600.687848843		
1499461200.0		594.756557247		588.065675834		600.954876653		
1499500118.92		594.972688048		588.233336963		601.219428166		
1499539037.84		595.186505426		588.403040479		601.480912863		
1499577956.76		595.400740333		588.5855145		601.746289484		
1499616875.68		595.615379688		588.758343425		602.008271971		
1499655794.59		595.83081428		588.924737898		602.25412891		
1499694713.51		596.053078565		589.093023803		602.498652485		
1499733632.43		596.27862913		589.268237191		602.7426638		
1499772551.35		596.509828891		589.448948984		602.99691344		
1499811470.27		596.741277716		589.630105432		603.269506258		
1499850389.19		596.971131652		589.814804822		603.536868537		
1499889308.11		597.196862595		589.999790827		603.792650184		
1499928227.03		597.415111384		590.185054961		604.048816598		
1499967145.95		597.629722817		590.370589014		604.305359558		
1500006064.86		597.842248138		590.556385352		604.55843844		
1500044983.78		598.058694373		590.742436746		604.823852405		
1500083902.7		598.27580507		590.928736373		605.095587045		
1500122821.62		598.493303172		591.115277874		605.367695915		
1500161740.54		598.715447899		591.302776369		605.635971825		
1500200659.46		598.934009552		591.493141006		605.891639926		
1500239578.38		599.148655294		591.675870444		606.144916791		
1500278497.3		599.363193558		591.850614574		606.419264674		
1500317416.22		599.57579991		592.0253323		606.677182847		
1500356335.14		599.790803659		592.200243146		606.958567291		
1500395254.05		600.006046799		592.375342636		607.239169648		
1500434172.97		600.223804588		592.550626551		607.510995233		
1500473091.89		600.45158457		592.726090897		607.767321301		
1500512010.81		600.683698091		592.901731952		608.023939164		
1500550929.73		600.910009816		593.07759942		608.280845334		
1500589848.65		601.136390612		593.263337195		608.561003417		
1500628767.57		601.363005192		593.450606457		608.842782248		
1500667686.49		601.586396021		593.639524715		609.123802001		
1500706605.41		601.807790239		593.828618721		609.403528229		
1500745524.32		602.029399491		594.02209535		609.683567322		
1500784443.24		602.250491107		594.216257589		609.963916809		
1500823362.16		602.473253278		594.410593917		610.243925335		
1500862281.08		602.695493337		594.605102082		610.523517471		
1500901200.0		602.926948132		594.799779955		610.792707852		
1500940118.92		603.156179011		594.982999293		611.051802507		
1500979037.84		603.382643507		595.162277509		611.311154409		
1501017956.76		603.608011017		595.356771082		611.570761958		
1501056875.68		603.838135953		595.541735174		611.829289296		
1501095794.59		604.065747789		595.720047051		612.087722046		
1501134713.51		604.288817904		595.906325114		612.346405489		
1501173632.43		604.51167047		596.094218971		612.605338269		
1501212551.35		604.743096247		596.282665442		612.864519123		
1501251470.27		604.966982638		596.473546496		613.123946885		
1501290389.19		605.190349411		596.661190129		613.383620462		
1501329308.11		605.413904617		596.842591717		613.64353885		
1501368227.03		605.637647266		597.029418558		613.903701099		
1501407145.95		605.861702108		597.221897978		614.164106295		
1501446064.86		606.095327		597.404824524		614.424753611		
1501484983.78		606.329151404		597.585088538		614.685642277		
1501523902.7		606.563174571		597.767125888		614.946771581		
1501562821.62		606.797395813		597.949441572		615.208140878		
1501601740.54		607.03181445		598.142908172		615.469749529		
1501640659.46		607.26642987		598.343611527		615.731596965		
1501679578.38		607.484354884		598.544615678		616.00344809		
1501718497.3		607.700958154		598.733588934		616.280761882		
1501757416.22		607.928480876		598.918412961		616.537871993		
1501796335.14		608.160695701		599.103362216		616.793658953		
1501835254.05		608.389121333		599.290732504		617.049669476		
1501874172.97		608.617616463		599.483088492		617.307669697		
1501913091.89		608.846293673		599.675578111		617.571176219		
1501952010.81		609.075152645		599.868200977		617.834918418		
1501990929.73		609.304193079		600.06095672		618.098896051		
1502029848.65		609.529095544		600.253844995		618.369664994		
1502068767.57		609.750809427		600.445041717		618.649710751		
1502107686.49		609.972692962		600.622949366		618.930019021		
1502146605.41		610.194745913		600.800970065		619.210589726		
1502185524.32		610.416968066		600.979103529		619.485572755		
1502224443.24		610.639359213		601.157349477		619.755550185		
1502263362.16		610.861919176		601.335707661		620.025769545		
1502302281.08		611.084647796		601.514177846		620.29623082		
1502341200.0		611.313918859		601.692759817		620.562989388		
