1463457600.0		5.61131391612		3.29742094116		17.565038537		
1463491243.24		2.9743628466		2.89152770147		3.12264709177		
1463524886.49		2.98494472298		2.94256979983		3.02772373057		
1463558529.73		3.11801561898		3.07665760969		3.15608132912		
1463592172.97		3.23511669613		3.19232331659		3.27307675823		
1463625816.22		3.39044484621		3.34535434888		3.43031325537		
1463659459.46		3.55260636608		3.50530279271		3.59342166185		
1463693102.7		3.68766584334		3.63876016118		3.72968474159		
1463726745.95		3.86509783013		3.81386865063		3.90901403883		
1463760389.19		4.01143299512		3.95828853287		4.0571621911		
1463794032.43		4.20292154506		4.14733508941		4.2511485931		
1463827675.68		4.40279886777		4.3443289656		4.45288415112		
1463861318.92		4.57871875339		4.51814521653		4.6303189114		
1463894962.16		4.79599526728		4.73282388712		4.85010331801		
1463928605.41		5.02322494388		4.95696650186		5.08005070341		
1463962248.65		5.22274782293		5.15381536761		5.28208726478		
1463995891.89		5.46942079789		5.39759680369		5.53245935357		
1464029535.14		5.67063053236		5.59640394059		5.73577675522		
1464063178.38		5.85076547572		5.77390533338		5.91777451421		
1464096821.62		6.01769797631		5.93873875373		6.08680871079		
1464130464.86		6.21779955142		6.13702379855		6.28975812122		
1464164108.11		6.54177780238		6.45688330326		6.61734361642		
1464197751.35		6.82006730717		6.73163271157		6.89864940897		
1464231394.59		7.08366719411		6.99193827432		7.16525233431		
1464265037.84		7.35723551017		7.26234348337		7.4425489749		
1464298681.08		7.61456899925		7.51667606157		7.70317931574		
1464332324.32		7.93293800838		7.83116775879		8.02528881969		
1464365967.57		8.21736744522		8.11194719839		8.31284307657		
1464399610.81		8.55959762469		8.44959226169		8.65867264335		
1464433254.05		8.91570951938		8.80083483558		9.01831925146		
1464466897.3		9.23152404178		9.11250471178		9.33734977861		
1464500540.54		9.61285363274		9.48915342404		9.72286755789		
1464534183.78		9.96959346099		9.84210342835		10.0839198537		
1464567827.03		10.3609209706		10.2293419669		10.4796456351		
1464601470.27		10.7865862127		10.6500091518		10.9100401623		
1464635113.51		11.1427936521		11.0014018699		11.2700432135		
1464668756.76		11.5996613864		11.4528233002		11.7320208592		
1464702400.0		12.0338606025		11.8821689871		12.1704298918		
1464736043.24		12.4947304461		12.3374690751		12.632600243		
1464769686.49		13.0013701971		12.8373170875		13.1430300664		
1464803329.73		13.424194453		13.2598535		13.570347641		
1464836972.97		13.9639977431		13.7936914656		14.1168248712		
1464870616.22		14.5237081419		14.3471214391		14.6831339989		
1464904259.46		15.0197268061		14.8378734373		15.1829931158		
1464937902.7		15.6187838129		15.4294673094		15.7873846338		
1464971545.95		16.1004373697		15.9056672844		16.2740265209		
1465005189.19		16.7230068672		16.5219133939		16.9026955223		
1465038832.43		17.3826604834		17.1752926326		17.5685429691		
1465072475.68		17.9955874248		17.7825495703		18.1869596296		
1465106118.92		19.0216756406		18.7969310496		19.2214058708		
1465139762.16		20.1019131691		19.8653854603		20.3136371306		
1465173405.41		21.2346614798		20.9862932511		21.4592501327		
1465207048.65		22.4191600773		22.159654274		22.6574432221		
1465240691.89		23.6599975364		23.3885302251		23.9101729001		
1465274335.14		24.8698608754		24.5813122498		25.1270251154		
1465307978.38		26.2606005367		25.9586218445		26.5332823832		
1465341621.62		27.7213151831		27.4043197345		28.009312046		
1465375264.86		29.2512620553		28.9169451364		29.5539286414		
1465408908.11		30.8429088902		30.4944773837		31.1634006979		
1465442551.35		32.5009722487		32.1400140873		32.8386894979		
1465476194.59		34.2292026551		33.8564881764		34.5878516988		
1465509837.84		36.0308829718		35.6443112871		36.4078725133		
1465543481.08		37.9049694131		37.5039464041		38.3031236672		
1465577124.32		39.8609137808		39.4383514576		40.2720960526		
1465610767.57		41.8935033558		41.4515290917		42.3240662747		
1465644410.81		44.0057393936		43.5449481297		44.455306091		
1465678054.05		46.2012952698		45.7200454906		46.6626229961		
1465711697.3		48.4834888088		47.9767072211		48.9614072036		
1465745340.54		50.8407402179		50.3139360677		51.3481340525		
1465778983.78		53.291028687		52.7469121917		53.8331956413		
1465812627.03		55.824249706		55.2552797945		56.388660774		
1465846270.27		58.462272815		57.8779377197		59.0516924778		
1465879913.51		61.1075194037		60.5029888149		61.7191423418		
1465913556.76		63.8259192779		63.191323439		64.4591921399		
1465947200.0		44.7257879217		43.1798038873		47.5102342793		
1465980843.24		34.5493930148		33.6530138503		35.9015726123		
1466014486.49		34.9723445085		34.0606263755		36.2160702026		
1466048129.73		35.6309562654		34.7267504658		36.8840196496		
1466081772.97		36.3227687377		35.4080231016		37.5846570709		
1466115416.22		37.0212216716		36.0960059388		38.292699235		
1466149059.46		37.7228094753		36.784510256		39.002493113		
1466182702.7		38.4312079865		37.4823017654		39.7213499995		
1466216345.95		39.1487188136		38.1878960546		40.4527033884		
1466249989.19		39.8776519492		38.9023054529		41.1922911362		
1466283632.43		40.6047861747		39.6182137853		41.9350153162		
1466317275.68		41.338762755		40.3430819571		42.6853071295		
1466350918.92		42.0759910209		41.076514071		43.4382877113		
1466384562.16		42.815879425		41.8065198398		44.1941580624		
1466418205.41		43.5619311227		42.5426213381		44.9571275223		
1466451848.65		44.3193534716		43.288707593		45.7309142506		
1466485491.89		45.0808202565		44.0384873155		46.5054353678		
1466519135.14		45.8547119869		44.8009345671		47.2931663144		
1466552778.38		47.4222651674		46.3389798342		48.8941199966		
1466586421.62		49.6599211037		48.5308486404		51.1765977187		
1466620064.86		51.9805460439		50.8094645553		53.5484070366		
1466653708.11		54.3825023246		53.171393628		56.0022604901		
1466687351.35		56.8699047204		55.6102523232		58.5372806615		
1466720994.59		59.4362782506		58.133098939		61.1518601075		
1466754637.84		62.0809758106		60.7203801896		63.8336718605		
1466788281.08		64.8140826629		63.3881073033		66.5892513583		
1466821924.32		67.6228320223		66.1400994154		69.4617960602		
1466855567.57		70.5152790968		68.9777317297		72.411397615		
1466889210.81		73.4827555126		71.8991452662		75.4165964624		
1466922854.05		76.5242766454		74.9006148654		78.5191391676		
1466956497.3		79.6485862298		77.9889694077		81.7024758811		
1466990140.54		82.8571098135		81.1518470832		84.9686379706		
1467023783.78		86.1341122501		84.3683134766		88.2477292063		
1467057427.03		89.4721792024		87.6726270995		91.6243143071		
1467091070.27		92.8703042946		91.0445002689		95.0362614341		
1467124713.51		96.3269823533		94.4862485874		98.5394432135		
1467158356.76		99.8518231296		97.9651457382		102.093827682		
1467192000.0		103.440852838		101.489255814		105.703353311		
1467225643.24		107.108709769		105.068167031		109.384382888		
1467259286.49		110.821466186		108.721277912		113.115381235		
1467292929.73		107.161174396		105.169047114		109.338807381		
1467326572.97		110.673186003		108.6585922		112.892914527		
1467360216.22		122.024267133		119.847678533		124.448255584		
1467393859.46		125.836772835		123.626509715		128.31830636		
1467427502.7		129.719639575		127.488254505		132.242053593		
1467461145.95		133.536864536		131.271670799		136.116916269		
1467494789.19		137.411201379		135.101974846		140.015503807		
1467528432.43		141.251235488		138.955649812		143.796068074		
1467562075.68		145.116090109		142.790637805		147.641275166		
1467595718.92		148.979807365		146.602882761		151.482879103		
1467629362.16		152.827226568		150.425746124		155.321359285		
1467663005.41		156.660331377		154.220075099		159.174006355		
1467696648.65		160.421242658		157.980017393		162.999876092		
1467730291.89		164.227904445		161.709710052		166.802390627		
1467763935.14		167.961745508		165.354938172		170.536458591		
1467797578.38		171.634602997		168.975645098		174.243376826		
1467831221.62		175.291385802		172.619187168		177.87676766		
1467864864.86		178.898320346		176.138900502		181.511572691		
1467898508.11		182.424510216		179.634186747		185.065083331		
1467932151.35		186.38961186		183.5765213		188.989177079		
1467965794.59		189.392667083		186.601014743		192.009643526		
1467999437.84		192.718013871		189.880094888		195.334650641		
1468033081.08		196.002485356		193.159505291		198.61659786		
1468066724.32		199.232316039		196.329800689		201.862746002		
1468100367.57		202.394639766		199.330168215		205.006037826		
1468134010.81		205.479051274		202.421546667		207.951435357		
1468167654.05		208.477611397		205.374261313		210.99069493		
1468201297.3		211.36432922		208.285224112		213.958622619		
1468234940.54		214.1959995		210.967679717		216.799589817		
1468268583.78		217.002519311		213.683514095		219.568234148		
1468302227.03		219.76526589		216.473482727		222.357036094		
1468335870.27		222.425888394		219.132278234		225.071481153		
1468369513.51		225.001387185		221.615488144		227.634965503		
1468403156.76		227.512996313		224.062090932		230.129892938		
1468436800.0		229.941205549		226.484598863		232.535715044		
1468470443.24		248.657401645		244.929410394		251.44636975		
1468504086.49		251.0836902		247.283923914		253.882097875		
1468537729.73		253.347842979		249.557572685		256.143947622		
1468571372.97		255.615394623		251.754868219		258.430336795		
1468605016.22		175.23013211		169.17306951		187.851187989		
1468638659.46		137.883404687		133.642779063		144.955089669		
1468672302.7		139.649561748		135.859847471		145.459821739		
1468705945.95		143.624729253		139.908970593		149.250355031		
1468739589.19		147.776068438		144.069937876		153.27536236		
1468773232.43		151.975021387		148.280764838		157.411532559		
1468806875.68		156.151785996		152.489515646		161.527588018		
1468840518.92		160.315945096		156.694629448		165.595919876		
1468874162.16		164.443080628		160.86635803		169.71352856		
1468907805.41		168.599928309		165.06430834		173.806265905		
1468941448.65		172.721378719		169.215094932		177.738119612		
1468975091.89		174.890904407		171.469260124		179.673639674		
1469008735.14		179.043212301		175.656176942		183.674061108		
1469042378.38		183.097867081		179.729706778		187.581984086		
1469076021.62		187.141755113		183.899630439		191.58300583		
1469109664.86		191.136914314		187.972705626		195.456917157		
1469143308.11		195.098973967		192.003865955		199.321028647		
1469176951.35		199.027615865		195.949225403		202.982439872		
1469210594.59		182.46881644		179.765953644		185.957083793		
1469244237.84		185.716762222		183.063436484		189.083997854		
1469277881.08		188.82971296		186.188662473		191.923160336		
1469311524.32		191.87169093		189.33821585		194.698702726		
1469345167.57		194.885202999		192.415379064		197.383109907		
1469378810.81		197.821859945		195.401523004		200.109612312		
1469412454.05		200.618654692		198.22018798		202.888176392		
1469446097.3		203.376913816		201.045151558		205.568818986		
1469479740.54		206.106866255		203.788079963		208.238473719		
1469513383.78		208.665156831		206.471525528		210.789646669		
1469547027.03		202.096231917		200.072710555		204.085829567		
1469580670.27		204.488153872		202.49467762		206.525830496		
1469614313.51		206.796082622		204.814707493		208.835903472		
1469647956.76		209.072839754		207.174645922		211.033821364		
1469681600.0		211.255640107		209.3660308		213.149797921		
1469715243.24		213.338603798		211.518805009		215.236321025		
1469748886.49		220.473882009		218.44202482		222.386481948		
1469782529.73		222.506808547		220.429604213		224.426473233		
1469816172.97		224.497609802		222.360141372		226.424534974		
1469849816.22		240.391486574		238.143902593		242.436352579		
1469883459.46		242.341804233		240.062461978		244.438687392		
1469917102.7		244.300624079		241.890173047		246.357902647		
1469950745.95		246.166661957		243.711929182		248.235377251		
1469984389.19		247.974282508		245.424625684		250.087454829		
1470018032.43		249.698794504		247.106234814		251.751590757		
1470051675.68		251.328561924		248.683321249		253.43767813		
1470085318.92		237.643534082		235.127245101		239.562844641		
1470118962.16		254.557757107		251.85015001		256.632975869		
1470152605.41		256.012625125		253.100306559		258.151360647		
1470186248.65		239.41076406		236.686266736		241.343595166		
1470219891.89		240.938062509		238.275902652		242.860839927		
1470253535.14		242.412960069		239.746447567		244.305847139		
1470287178.38		243.807736676		241.177835755		245.714932286		
1470320821.62		245.151698554		242.534159356		247.014378723		
1470354464.86		245.863162212		243.195707995		247.784449251		
1470388108.11		247.405872142		244.781599479		249.32545718		
1470421751.35		248.720781371		246.113457673		250.651918502		
1470455394.59		249.905680152		247.290791164		251.853686118		
1470489037.84		251.066439893		248.44565373		253.029499026		
1470522681.08		249.428873624		246.810532324		251.362153026		
1470556324.32		250.531720569		247.941776478		252.494178956		
1470589967.57		251.650065787		249.00802196		253.628706016		
1470623610.81		252.756176879		250.085562249		254.732069335		
1470657254.05		253.867559794		251.198588247		255.834936733		
1470690897.3		254.931531753		252.317626174		256.893718279		
1470724540.54		275.348074634		272.604596326		277.486071123		
1470758183.78		257.934568284		255.399694811		259.955314415		
1470791827.03		277.259508515		274.612015191		279.480600532		
1470825470.27		277.499347295		274.838117596		279.706653543		
1470859113.51		277.613924636		274.910909866		279.812925015		
1470892756.76		277.686896861		274.995014294		279.862429721		
1470926400.0		277.722125003		275.13573815		279.916714115		
1470960043.24		278.076298673		275.579359091		280.231618301		
1470993686.49		278.520593138		276.210455406		280.636867364		
1471027329.73		278.873331608		276.676066632		280.905349267		
1471060972.97		279.333273347		277.281695018		281.291954322		
1471094616.22		279.71751004		277.810742499		281.602106206		
1471128259.46		280.179697274		278.381307423		281.975698458		
1471161902.7		280.597218256		278.84336415		282.362897576		
1471195545.95		281.018619638		279.287614254		282.729057153		
1471229189.19		281.405705343		279.715410652		283.115942004		
1471262832.43		281.746432789		280.092408979		283.418038016		
1471296475.68		282.106193521		280.466136885		283.789266097		
1471330118.92		282.535614555		280.878127517		284.238069491		
1471363762.16		282.8557023		281.177117391		284.50635001		
1471397405.41		283.230820038		281.572092724		284.938854026		
1471431048.65		283.567712841		281.965997606		285.328217569		
1471464691.89		284.003480815		282.383526473		285.763066599		
1471498335.14		284.438861925		282.779787893		286.218281258		
1471531978.38		284.795174192		283.054047956		286.685407275		
1471565621.62		285.202089734		283.381436833		287.188640995		
1471599264.86		285.568922557		283.683520385		287.616083909		
1471632908.11		285.89299361		283.979227123		288.077068859		
1471666551.35		286.191614583		284.272379538		288.462605169		
1471700194.59		286.490509178		284.549083957		288.817126901		
1471733837.84		286.772552543		284.835313099		289.198495482		
1471767481.08		287.078678272		285.104855344		289.59343908		
1471801124.32		287.396648982		285.37175911		289.933574453		
1471834767.57		287.755887449		285.732600838		290.359659106		
1471868410.81		287.938765491		285.911222466		290.538226414		
1471902054.05		286.414629509		284.768951145		288.68276967		
1471935697.3		277.088338649		275.702149676		278.988697488		
1471969340.54		268.652164793		267.189267546		270.418371952		
1472002983.78		260.806111025		259.232308752		262.499071482		
1472036627.03		253.488607271		251.540435443		255.172472062		
1472070270.27		238.058656028		235.736914733		239.884925722		
1472103913.51		240.735138606		238.421600641		242.584605372		
1472137556.76		216.758766236		214.812170235		218.453731149		
1472171200.0		230.251564961		228.25043784		232.033597611		
1472204843.24		225.40372146		223.411436763		227.165740586		
1472238486.49		220.786904569		218.783385111		222.470106211		
1472272129.73		216.374101814		214.428759198		218.029651815		
1472305772.97		212.150963446		210.274603356		213.77842877		
1472339416.22		208.137380087		206.262773805		209.722493626		
1472373059.46		204.282756071		202.448263767		205.869580508		
1472406702.7		200.593322901		198.798629328		202.148839281		
1472440345.95		197.045077452		195.280682606		198.645188031		
1472473989.19		193.702046358		191.928873177		195.268411963		
1472507632.43		190.418346064		188.687866199		192.05063257		
1472541275.68		187.323781414		185.583195853		188.900679108		
1472574918.92		184.384716969		182.602330314		185.897227515		
1472608562.16		181.500492524		179.724615275		183.029539888		
1472642205.41		178.745922136		176.966218007		180.265638721		
1472675848.65		176.084957956		174.283934921		177.639226569		
1472709491.89		173.508273904		171.703920209		175.089284619		
1472743135.14		171.033325644		169.249957178		172.611469327		
1472776778.38		168.634087178		166.901878352		170.222740701		
1472810421.62		166.245877803		164.565210068		167.850025936		
1472844064.86		164.543386553		163.09358142		166.199835797		
1472877708.11		168.552766794		167.102458297		170.21475136		
1472911351.35		172.428254438		170.979010289		174.098965393		
1472944994.59		176.294686483		174.837098614		177.981613602		
1472978637.84		180.173459178		178.729432649		181.884085672		
1473012281.08		184.003965637		182.586792387		185.711226859		
1473045924.32		187.792227819		186.426011677		189.555831571		
1473079567.57		191.563417196		190.236943414		193.362949682		
1473113210.81		195.499266788		194.210211634		197.302786378		
1473146854.05		199.132436017		197.876310149		200.942004389		
1473180497.3		202.882643723		201.630223339		204.690701983		
1473214140.54		206.570574026		205.322094184		208.312371156		
1473247783.78		210.199845435		208.995505568		211.993630454		
1473281427.03		213.783227524		212.623354632		215.628534851		
1473315070.27		217.32931317		216.170726384		219.1726562		
1473348713.51		220.811952033		219.664198658		222.661521118		
1473382356.76		224.020668127		222.88275884		225.877582812		
1473416000.0		227.568412763		226.368059285		229.377451538		
1473449643.24		230.886390744		229.647444983		232.684479461		
1473483286.49		234.148693167		232.888112134		235.915510097		
1473516929.73		237.388129537		236.103155996		239.205470694		
1473550572.97		240.543676565		239.253224085		242.391920334		
1473584216.22		243.615586686		242.318198376		245.483984461		
1473617859.46		246.616077386		245.318430161		248.501915416		
1473651502.7		249.565622789		248.281259855		251.532667856		
1473685145.95		252.491689946		251.194961155		254.47372417		
1473718789.19		255.355163786		254.019271539		257.424934401		
1473752432.43		258.142640703		256.814281771		260.270054144		
1473786075.68		260.889582739		259.57182446		263.121700095		
1473819718.92		263.882876144		262.620707677		266.054653133		
1473853362.16		266.505988267		265.264169639		268.489186854		
1473887005.41		269.011591965		267.757540451		270.788455533		
1473920648.65		271.144956369		269.874149362		272.949465237		
1473954291.89		273.585784283		272.297702216		275.512215563		
1473987935.14		276.020859799		274.713419725		277.998844161		
1474021578.38		278.371468282		277.080591141		280.373070842		
1474055221.62		280.657776051		279.379059988		282.821530604		
1474088864.86		274.06831377		272.848201585		276.296411747		
1474122508.11		276.174096971		274.955842193		278.480852912		
1474156151.35		278.255598582		277.042560875		280.696125871		
1474189794.59		280.302914524		279.092381862		282.920220213		
1474223437.84		282.27376128		281.056467458		285.114072778		
1474257081.08		284.197636577		282.990821672		287.208130872		
1474290724.32		286.065331671		284.869422833		289.207903107		
1474324367.57		287.900972755		286.67920603		291.160247315		
1474358010.81		289.678353382		288.478368111		293.07306218		
1474391654.05		289.426975431		288.264472519		292.950949485		
1474425297.3		291.186382868		289.984541172		294.760909846		
1474458940.54		292.869225016		291.663776355		296.538079396		
1474492583.78		294.547186924		293.320293017		298.347651805		
1474526227.03		295.013293699		293.776475299		298.876526753		
1474559870.27		296.949657388		295.700252977		300.896435519		
1474593513.51		298.882220507		297.60635763		302.828146301		
1474627156.76		300.670394909		299.393954771		304.668388491		
1474660800.0		297.768794405		296.48874465		301.788915593		
1474694443.24		299.379427987		298.092909673		303.511751366		
1474728086.49		300.872956001		299.567319041		305.112733582		
1474761729.73		302.307763665		300.995441022		306.658865683		
1474795372.97		303.705113994		302.379533233		308.147792001		
1474829016.22		305.076182203		303.710126583		309.573975232		
1474862659.46		306.394175385		305.01955908		310.971759174		
1474896302.7		307.683748461		306.256939133		312.345566646		
1474929945.95		308.905832996		307.477630826		313.633282654		
1474963589.19		310.089733073		308.654864255		314.899178427		
1474997232.43		311.266747126		309.812664617		316.162118409		
1475030875.68		312.416374585		310.953141277		317.396873362		
1475064518.92		313.508743252		312.062828071		318.562912363		
1475098162.16		314.744479299		313.287756423		319.908485267		
1475131805.41		315.991754906		314.517971427		321.306181224		
1475165448.65		317.207386518		315.723012009		322.646412299		
1475199091.89		311.895112154		310.597715587		317.015204911		
1475232735.14		301.787712249		300.780404189		305.688799014		
1475266378.38		292.140874844		291.200004819		294.834335748		
1475300021.62		273.658877166		272.691792842		275.218335422		
1475333664.86		274.565020907		273.45515616		275.761305088		
1475367308.11		268.730673889		267.625962387		269.926993773		
1475400951.35		266.070887118		264.861407479		267.377095921		
1475434594.59		263.891770643		262.601903944		265.366364503		
1475468237.84		261.785511682		260.373466053		263.517175614		
1475501881.08		259.808032584		258.215947953		261.675851872		
1475535524.32		254.897039377		253.13282774		256.955232282		
1475569167.57		253.070638016		251.129653439		255.326804057		
1475602810.81		251.641573391		249.57049777		254.050170539		
1475636454.05		249.977738822		247.7722332		252.551891359		
1475670097.3		249.575383499		247.203659427		252.256745337		
1475703740.54		253.227760772		250.857894885		255.987156763		
1475737383.78		258.945785708		256.652123589		261.656406055		
1475771027.03		264.788784489		262.550173563		267.434395972		
1475804670.27		270.51589548		268.31770319		273.079810027		
1475838313.51		276.142976373		274.003506567		278.67489788		
1475871956.76		281.611845423		279.53845778		284.079171679		
1475905600.0		286.398214752		284.465617465		288.804158665		
1475939243.24		291.098684608		289.236683914		293.426542802		
1475972886.49		295.752627645		293.975723364		297.990718599		
1476006529.73		300.2833538		298.604760748		302.467653994		
1476040172.97		304.745883175		303.077379457		306.822873877		
1476073816.22		309.098106911		307.479167179		311.08452184		
1476107459.46		313.357086812		311.74883987		315.270880629		
1476141102.7		317.521523102		315.950629636		319.374027486		
1476174745.95		321.641785215		320.085671746		323.470003488		
1476208389.19		325.592398533		324.01691855		327.349603564		
1476242032.43		329.471281784		327.908395583		331.107329145		
1476275675.68		333.197348758		331.67806098		334.81862281		
1476309318.92		336.77976181		335.310657875		338.390924793		
1476342962.16		339.575020115		338.143667525		341.19628197		
1476376605.41		342.392150805		341.019587099		344.052038272		
1476410248.65		345.512360921		344.135930661		347.18102774		
1476443891.89		348.519207295		347.155043279		350.215897382		
1476477535.14		351.318374264		349.96089468		353.096922033		
1476511178.38		354.46009316		353.116911033		356.288081553		
1476544821.62		357.491806912		356.181047709		359.392547069		
1476578464.86		360.419233204		359.126790804		362.352881377		
1476612108.11		363.275168301		362.007945196		365.301644102		
1476645751.35		366.034325932		364.795568616		368.189760363		
1476679394.59		368.698132907		367.489070674		370.940703612		
1476713037.84		371.25739987		370.070676139		373.629921665		
1476746681.08		373.747897624		372.575142923		376.172347675		
1476780324.32		376.166280472		374.975926697		378.696261948		
1476813967.57		378.520219417		377.301414441		381.131891557		
1476847610.81		380.808106512		379.576064808		383.498904026		
1476881254.05		382.992613062		381.756673915		385.751609415		
1476914897.3		385.084798923		383.867280639		387.967629367		
1476948540.54		387.071565039		385.86416526		390.014824467		
1476982183.78		388.938908481		387.713867415		391.945635778		
1477015827.03		390.500413961		389.26484455		393.570385525		
1477049470.27		392.002537503		390.734183562		395.138743725		
1477083113.51		393.45207214		392.166679343		396.702649142		
1477116756.76		394.873809181		393.569293889		398.177314959		
1477150400.0		396.243334271		394.936657098		399.606121239		
1477184043.24		397.577105558		396.234952136		400.994543557		
1477217686.49		398.888806808		397.52505952		402.357768108		
1477251329.73		400.156215808		398.776403979		403.659000292		
1477284972.97		401.36528613		399.987277175		404.899689743		
1477318616.22		402.559122454		401.16527279		406.119050249		
1477352259.46		403.708557986		402.307653142		407.297946836		
1477385902.7		404.827303302		403.425281792		408.447768061		
1477419545.95		405.892665535		404.492779848		409.51211957		
1477453189.19		406.940074501		405.535738257		410.568900251		
1477486832.43		407.978792535		406.558961133		411.599940348		
1477520475.68		408.997838506		407.562712778		412.613876831		
1477554118.92		409.972319547		408.510881981		413.56431083		
1477587762.16		410.787617992		409.302443215		414.221715708		
1477621405.41		411.83130434		410.34167583		415.347143403		
1477655048.65		412.756607739		411.257415015		416.268604277		
1477688691.89		413.606654323		412.098742028		417.141213084		
1477722335.14		414.477853721		412.985265841		418.09321076		
1477755978.38		415.340756507		413.834358744		419.042493048		
1477789621.62		416.194518804		414.683213989		419.929196035		
1477823264.86		417.021386564		415.497111771		420.784643386		
1477856908.11		417.817844191		416.290619864		421.615787816		
1477890551.35		418.613533681		417.074758004		422.502373802		
1477924194.59		419.361364369		417.82020824		423.28833854		
1477957837.84		420.123708049		418.576449234		424.114495948		
1477991481.08		420.874990943		419.348678218		424.910367115		
1478025124.32		421.611813367		420.073515666		425.669580998		
1478058767.57		422.352355097		420.796362755		426.472312973		
1478092410.81		423.065599105		421.485874337		427.192059931		
1478126054.05		423.78162024		422.193062134		427.924346755		
1478159697.3		424.434941412		422.846816678		428.566994531		
1478193340.54		425.147839836		423.571298033		429.317451424		
1478226983.78		425.805643477		424.230731696		429.971528804		
1478260627.03		426.467934473		424.888129242		430.641290124		
1478294270.27		427.144226604		425.553361151		431.293781484		
1478327913.51		427.811576204		426.213996426		431.959950984		
1478361556.76		428.430884873		426.843675333		432.576873753		
1478395200.0		429.0702235		427.490979953		433.206565515		
1478428843.24		429.688248095		428.108122473		433.819360979		
1478462486.49		430.301058634		428.711012968		434.412371972		
1478496129.73		430.91059212		429.317065281		435.062194735		
1478529772.97		431.524210413		429.932575369		435.663990434		
1478563416.22		432.133206832		430.547103222		436.262587493		
1478597059.46		432.728091578		431.145330771		436.847862513		
1478630702.7		433.322821492		431.743782037		437.430688616		
1478664345.95		433.91976927		432.348807721		438.023330784		
1478697989.19		434.496788981		432.930376055		438.561937494		
1478731632.43		435.079278343		433.522847794		439.125932575		
1478765275.68		435.665960296		434.115774284		439.699336255		
1478798918.92		436.223770136		434.68120447		440.230362978		
1478832562.16		436.806627972		435.270089914		440.798729413		
1478866205.41		437.37393907		435.836039515		441.332425267		
1478899848.65		437.933707095		436.401105213		441.864524829		
1478933491.89		438.503661431		436.968601903		442.405039183		
1478967135.14		439.089708907		437.542030802		442.943395074		
1479000778.38		439.641044601		438.090389272		443.453436695		
1479034421.62		440.216078639		438.670052344		443.997621693		
1479068064.86		440.76983728		439.227832785		444.512323975		
1479101708.11		441.317608423		439.780117888		445.020048599		
1479135351.35		441.880755739		440.344933802		445.548288366		
1479168994.59		442.425530116		440.891917136		446.047299012		
1479202637.84		442.965770893		441.434855618		446.576356146		
1479236281.08		443.510579546		441.989099452		447.090965642		
1479269924.32		444.042888927		442.520911105		447.5751278		
1479303567.57		444.581945991		443.06153384		448.059621212		
1479337210.81		445.121274277		443.611287485		448.554907002		
1479370854.05		445.665199617		444.158623236		449.047622245		
1479404497.3		446.206245516		444.706141733		449.543675561		
1479438140.54		446.758714998		445.26390099		450.081548136		
1479471783.78		447.292167408		445.795670318		450.595996293		
1479505427.03		447.848691717		446.35516576		451.146967827		
1479539070.27		448.382842373		446.886890951		451.636795706		
1479572713.51		448.928842729		447.431888512		452.110685109		
1479606356.76		449.477343325		447.98304199		452.599149814		
1479640000.0		450.009960168		448.524591031		453.067370789		
1479673643.24		450.538203189		449.051804874		453.512994829		
1479707286.49		451.0681737		449.586790017		453.986232123		
1479740929.73		451.59986227		450.12686291		454.481602325		
1479774572.97		424.51576831		422.274825554		427.70429902		
1479808216.22		359.88779652		355.176667343		367.812892106		
1479841859.46		361.471458966		356.82312632		369.159096955		
1479875502.7		375.621330442		370.938971493		383.258119214		
1479909145.95		379.249987003		374.731468191		386.270020015		
1479942789.19		382.804387064		378.418851554		389.564845743		
1479976432.43		386.2667301		382.006601483		392.772036593		
1480010075.68		389.653399378		385.509754994		395.891890976		
1480043718.92		392.861058142		388.934400169		398.92536699		
1480077362.16		396.025783842		392.239160068		401.825861999		
1480111005.41		399.089928563		395.409391414		404.726278883		
1480144648.65		402.084083444		398.543050095		407.514707141		
1480178291.89		404.968411535		401.531441547		410.152300475		
1480211935.14		407.832759428		404.479877574		412.750526763		
1480245578.38		410.559388401		407.278986668		415.267539798		
1480279221.62		413.231394186		410.041434708		417.727572161		
1480312864.86		415.81341703		412.727609902		420.086496342		
1480346508.11		417.678827486		414.7410355		421.750796457		
1480380151.35		416.02553577		413.156094369		419.767178378		
1480413794.59		414.300233116		411.625144444		417.702010699		
1480447437.84		412.718073323		410.133334094		415.713197273		
1480481081.08		411.135330844		408.615669546		414.043576716		
1480514724.32		409.741568407		407.133768339		412.509967566		
1480548367.57		408.348548658		405.746270549		411.143514031		
1480582010.81		407.018198539		404.512706185		409.941906033		
1480615654.05		405.855588474		403.197424011		408.920092941		
1480649297.3		404.751271984		401.966694026		408.015879986		
1480682940.54		403.676172056		400.763249258		407.197482944		
1480716583.78		402.684094771		399.61627073		406.60181285		
1480750227.03		401.796328749		398.532732839		405.973277617		
1480783870.27		400.955416342		397.5743152		405.395435579		
1480817513.51		400.21445227		396.574521217		404.832155808		
1480851156.76		399.495585797		395.772718562		404.311918587		
1480884800.0		398.834389132		394.975251932		403.691544681		
1480918443.24		398.247629701		394.196890171		403.352939709		
1480952086.49		400.902289841		396.93109021		405.925198689		
1480985729.73		404.333037067		400.546772858		409.211888122		
1481019372.97		407.642267385		403.998296829		412.382655021		
1481053016.22		410.837404142		407.323961902		415.449337868		
1481086659.46		413.934204108		410.534390254		418.370273523		
1481120302.7		416.971958356		413.64350488		421.270142777		
1481153945.95		419.887479147		416.688071444		424.125546219		
1481187589.19		422.704962057		419.642488194		426.78917143		
1481221232.43		425.498672321		422.541715532		429.514819265		
1481254875.68		428.160208039		425.321255166		432.0830463		
1481288518.92		430.724253543		427.958727079		434.451153353		
1481322162.16		433.199122058		430.520009337		436.734678593		
1481355805.41		435.598212489		433.041457244		439.01905926		
1481389448.65		437.910404202		435.431415091		441.250960374		
1481423091.89		440.155778256		437.790526115		443.338586802		
1481456735.14		442.363574568		440.032828005		445.409941636		
1481490378.38		444.509141535		442.231583095		447.45231164		
1481524021.62		446.549071168		444.3642086		449.371398843		
1481557664.86		448.497354834		446.377562369		451.208385392		
1481591308.11		450.200242471		448.15674967		452.880563531		
1481624951.35		451.745714104		449.722751173		454.302395927		
1481658594.59		453.236251459		451.21663971		455.676923977		
1481692237.84		454.717842415		452.70140368		457.108187543		
1481725881.08		456.167490428		454.163224903		458.467884066		
1481759524.32		457.629932395		455.652994417		459.895679286		
1481793167.57		459.056387451		457.118707514		461.27641053		
1481826810.81		460.336811029		458.491013171		462.549778812		
1481860454.05		461.634121809		459.789869611		463.784621792		
1481894097.3		462.919969369		460.99902235		465.066699068		
1481927740.54		464.148679965		462.229697284		466.255392848		
1481961383.78		465.371102894		463.427974665		467.431371901		
1481995027.03		466.560038491		464.541416837		468.579975718		
1482028670.27		467.700454523		465.647851781		469.701501814		
1482062313.51		468.816461541		466.689539761		470.835412803		
1482095956.76		469.925336282		467.746269272		471.972913356		
1482129600.0		471.03549447		468.79019967		473.084193264		
1482163243.24		472.074475006		469.729835319		474.118485039		
1482196886.49		461.933604877		460.158625		463.936185907		
1482230529.73		451.232972593		448.786460417		453.826635007		
1482264172.97		441.496515443		437.825875082		445.320453495		
1482297816.22		432.09723403		427.38149		436.978641656		
1482331459.46		423.468458387		417.342100221		429.569649368		
1482365102.7		417.835590271		410.883965161		424.541364742		
1482398745.95		421.276454712		414.46613894		427.705762916		
1482432389.19		424.715809692		418.171209555		430.925184981		
1482466032.43		428.029943854		421.745249023		434.114909865		
1482499675.68		431.251754588		425.2369587		437.109461594		
1482533318.92		434.373976961		428.590537041		439.888052374		
1482566962.16		437.352691728		431.808643147		442.67398418		
1482600605.41		440.311798562		434.961804106		445.472674808		
1482634248.65		443.132252404		438.064088045		447.974608004		
1482667891.89		445.812360571		440.975727084		450.430517629		
1482701535.14		448.40606283		443.752652095		452.791681516		
1482735178.38		450.923861816		446.456476899		455.161985687		
1482768821.62		453.309320671		449.096872615		457.379590881		
1482802464.86		455.616138856		451.583145788		459.518548406		
1482836108.11		457.883792106		454.043889782		461.69239281		
1482869751.35		460.052194666		456.217182855		463.694512105		
1482903394.59		462.17830803		458.413025996		465.64920448		
1482937037.84		464.280114242		460.616843368		467.637112171		
1482970681.08		463.784973478		460.243710906		467.035412113		
1483004324.32		465.854489919		462.394623123		468.968603566		
1483037967.57		467.843047943		464.505850471		470.844468889		
1483071610.81		469.77734144		466.513858814		472.688522527		
1483105254.05		471.590875624		468.51050515		474.467578738		
1483138897.3		473.411636873		470.306635411		476.218090189		
1483172540.54		475.100328949		472.099550345		477.88794985		
1483206183.78		476.747477968		473.818926476		479.491695632		
1483239827.03		478.367837546		475.524362079		481.028793704		
1483273470.27		479.944733413		477.181461324		482.565513803		
1483307113.51		481.536083103		478.706343619		484.088743171		
1483340756.76		483.100728484		480.172718645		485.578875143		
1483374400.0		484.579065833		481.564727147		487.03182229		
1483408043.24		486.02555405		482.858346311		488.416591995		
1483441686.49		487.42029364		484.139812278		489.776088393		
1483475329.73		488.78690453		485.516406961		491.034438878		
1483508972.97		490.080272533		486.673658239		492.249941562		
1483542616.22		491.394466474		487.871942178		493.501077726		
1483576259.46		492.67088552		489.163885704		494.748836148		
1483609902.7		493.87831552		490.297446044		495.959805185		
1483643545.95		495.038892969		491.391147703		497.048423918		
1483677189.19		496.18366313		492.390919683		498.197788649		
1483710832.43		497.310400775		493.478495618		499.371683818		
1483744475.68		498.432133819		494.572106222		500.482289232		
1483778118.92		499.54046495		495.59303267		501.604031335		
1483811762.16		500.609573313		496.601590325		502.703991209		
1483845405.41		501.67155969		497.595625516		503.788822012		
1483879048.65		502.681385544		498.557224138		504.802073837		
1483912691.89		503.691518718		499.493041122		505.774697584		
1483946335.14		504.692923728		500.391832167		506.772722553		
1483979978.38		505.695527683		501.307713111		507.776116783		
1484013621.62		506.705632759		502.271698589		508.790520145		
1484047264.86		507.731156059		503.222869644		509.813495084		
1484080908.11		508.656822818		504.099265188		510.752393069		
1484114551.35		509.524839037		504.927049224		511.674366707		
1484148194.59		510.370842544		505.729383647		512.551809934		
1484181837.84		511.206031875		506.516686968		513.418617576		
1484215481.08		512.059092981		507.155094496		514.311977147		
1484249124.32		512.872571502		507.772400909		515.15192364		
1484282767.57		513.647698826		508.116723689		515.913890918		
1484316410.81		514.405593218		508.608013483		516.694192379		
1484350054.05		515.13160273		509.16034324		517.450810173		
1484383697.3		515.87632951		509.990085703		518.245034108		
1484417340.54		516.64653593		510.443615366		519.026688729		
1484450983.78		517.422540855		510.916376428		519.825014585		
1484484627.03		518.186951135		511.414368271		520.659154418		
1484518270.27		518.91101301		511.827470129		521.420522878		
1484551913.51		519.602296054		512.334945062		522.161892952		
1484585556.76		520.29421034		512.905068116		522.878055095		
1484619200.0		520.946805363		513.415119444		523.566723516		
1484652843.24		521.624433036		513.966552794		524.276445216		
1484686486.49		522.361878985		514.563462268		525.03380935		
1484720129.73		523.099020041		515.133602016		525.787442528		
1484753772.97		523.782251182		515.678422634		526.477855624		
1484787416.22		415.306491533		408.809727053		417.450247004		
1484821059.46		415.848345838		409.251142162		418.011538772		
1484854702.7		416.382704139		409.663510288		418.568904162		
1484888345.95		416.919269847		410.101321796		419.131619636		
1484921989.19		417.468418315		410.549190626		419.706094797		
1484955632.43		499.350389697		490.980582362		502.079551068		
1484989275.68		500.045297067		491.536697973		502.797586888		
1485022918.92		500.732349879		492.084133036		503.503797658		
1485056562.16		501.39360875		492.599857036		504.173800971		
1485090205.41		502.050247636		493.120157432		504.820284878		
1485123848.65		502.724842213		493.662583305		505.508535703		
1485157491.89		503.339267283		494.133688389		506.158668763		
1485191135.14		503.94816044		494.627723499		506.75632561		
1485224778.38		499.183932583		490.035971446		501.959255102		
1485258421.62		487.81523022		479.064779856		490.557339624		
1485292064.86		477.199866039		468.727544098		479.868785551		
1485325708.11		472.754597914		464.223206991		475.394090912		
1485359351.35		474.422459899		465.675671814		477.103439084		
1485392994.59		476.062793148		467.094817686		478.768858463		
1485426637.84		477.713195502		468.622037156		480.443899		
1485460281.08		401.214743914		393.471591995		403.514824208		
1485493924.32		402.610167077		394.673623876		404.908873534		
1485527567.57		403.981439808		395.838230569		406.291196911		
1485561210.81		405.287684878		396.946106723		407.636291264		
1485594854.05		406.507135297		397.955551185		408.922762626		
1485628497.3		407.74397631		398.934638706		410.191862406		
1485662140.54		408.959425641		399.913618125		411.433390427		
1485695783.78		410.159519829		400.93472813		412.657349965		
1485729427.03		411.324550405		401.924335158		413.84793504		
1485763070.27		412.463436045		402.885288759		415.012307331		
1485796713.51		413.56989991		403.807521208		416.148106293		
1485830356.76		476.30761219		464.822959964		479.301821398		
1485864000.0		477.502764334		465.751972877		480.525152889		
1485897643.24		478.672749425		466.675013176		481.719447362		
1485931286.49		479.807342761		467.652666356		482.884563833		
1485964929.73		458.840389524		453.190716153		464.458389265		
1485998572.97		451.431927777		443.491522983		461.069631915		
1486032216.22		453.542843367		445.910513949		462.471029697		
1486065859.46		465.182206034		457.953440448		473.749235569		
1486099502.7		467.39213487		460.445762167		475.179579089		
1486133145.95		469.446275482		462.763680055		476.153982269		
1486166789.19		471.295426212		464.995410328		477.569186084		
1486200432.43		473.074527638		467.244209723		478.98627721		
1486234075.68		474.827435073		469.279092947		480.247216056		
1486267718.92		476.652435559		471.272925695		481.417234817		
1486301362.16		478.304038194		473.31244816		482.641409811		
1486335005.41		479.862319653		475.156040187		484.056604252		
1486368648.65		481.379647681		476.920471842		485.526292618		
1486402291.89		482.778627323		478.629462655		486.944935542		
1486435935.14		484.320481623		480.202358222		488.443107314		
1486469578.38		485.731595117		481.774564057		489.9103196		
1486503221.62		487.273613516		483.280896713		491.338657976		
1486536864.86		488.829336067		484.683010452		492.684635541		
1486570508.11		490.285529894		485.817393733		494.046492084		
1486604151.35		491.787386165		486.978047136		495.373315209		
1486637794.59		493.250286918		488.078844087		496.716557528		
1486671437.84		494.553287791		488.805750989		497.92116803		
1486705081.08		495.868140372		489.383735019		499.161941991		
1486738724.32		497.067642407		490.061878643		500.308542185		
1486772367.57		498.329839887		490.638728981		501.497364507		
1486806010.81		499.557546352		491.259166239		502.619391718		
1486839654.05		500.734983439		491.769247672		503.776517752		
1486873297.3		501.892451727		492.284844571		504.964878763		
1486906940.54		503.135484138		492.870200465		506.129375886		
1486940583.78		504.337063284		493.483623924		507.373305548		
1486974227.03		505.484578752		493.982317084		508.514399495		
1487007870.27		506.563180249		494.465427045		509.649776087		
1487041513.51		507.703138639		494.973523475		510.811107693		
1487075156.76		508.758934444		495.44188229		511.907691818		
1487108800.0		509.82659796		495.925266495		512.941160844		
1487142443.24		510.918626219		496.450049871		514.00396244		
1487176086.49		511.988348547		497.103937978		515.048109626		
1487209729.73		513.060748468		497.684851532		516.124478845		
1487243372.97		514.085499176		498.213764726		517.133023831		
1487277016.22		515.982362152		498.959346011		519.065655445		
1487310659.46		516.88321045		498.854591388		520.075710165		
1487344302.7		517.792093767		499.313716263		520.987932653		
1487377945.95		518.740891674		499.887168477		521.999971317		
1487411589.19		519.656258265		500.455892923		522.973962147		
1487445232.43		520.510797027		500.968596827		523.846186933		
1487478875.68		521.370133606		501.518358869		524.770225596		
1487512518.92		522.273623241		502.119614561		525.783257361		
1487546162.16		523.153507538		502.665299797		526.697973903		
1487579805.41		524.036302202		503.258976725		527.631277352		
1487613448.65		524.908971348		503.794469681		528.523086079		
1487647091.89		525.799994814		504.39236901		529.435889919		
1487680735.14		526.669746948		504.995936845		530.413814089		
1487714378.38		527.556300939		505.565442256		531.341533314		
1487748021.62		528.458998213		506.176258328		532.290535585		
1487781664.86		529.335776025		506.743723523		533.192247809		
1487815308.11		530.290322639		507.400264249		534.17651326		
1487848951.35		531.194306838		507.991640512		534.957532432		
1487882594.59		532.034458366		508.651345322		535.884016572		
1487916237.84		532.946048889		509.257277335		536.649960408		
1487949881.08		533.740183032		509.776988866		537.381141736		
1487983524.32		534.578366895		510.344113504		538.150961223		
1488017167.57		535.365713022		510.892965548		538.821500897		
1488050810.81		536.173383628		511.476518269		539.518623935		
1488084454.05		536.915039174		512.210826055		540.25043694		
1488118097.3		537.622596364		512.86862312		540.835590127		
1488151740.54		538.337765287		513.469143057		541.502880717		
1488185383.78		539.077153428		514.074697144		542.180056901		
1488219027.03		539.738645809		514.692949932		542.788146763		
1488252670.27		540.406374974		515.349097653		543.363916768		
1488286313.51		541.020801051		515.944057796		543.896888722		
1488319956.76		541.616777029		516.524456929		544.416732564		
1488353600.0		542.177779889		517.107107613		544.951494731		
1488387243.24		542.779015881		517.714757558		545.464969738		
1488420886.49		543.435107368		518.406077154		545.997526841		
1488454529.73		543.974350501		519.05079041		546.53435957		
1488488172.97		544.567545782		519.766008728		547.109286929		
1488521816.22		545.065028394		520.370628218		547.549358397		
1488555459.46		545.533222729		521.046682389		548.052550162		
1488589102.7		545.929163248		521.678034471		548.502933396		
1488622745.95		546.373246106		522.373962302		548.973217011		
1488656389.19		546.758802436		523.026960127		549.349809078		
1488690032.43		547.094625652		523.630676959		549.682798386		
1488723675.68		547.391997019		524.235244792		549.999015135		
1488757318.92		546.464712703		523.66824189		549.071253419		
1488790962.16		546.429078135		523.821624795		549.028206577		
1488824605.41		546.947330378		524.627526289		549.560415922		
1488858248.65		547.427520105		525.480765537		550.095867336		
1488891891.89		547.935296445		526.379467864		550.643184082		
1488925535.14		548.413436854		527.229370978		551.123582402		
1488959178.38		548.827418015		528.043520671		551.538170587		
1488992821.62		549.222790791		528.874114978		551.977788754		
1489026464.86		549.746076997		529.782471592		552.486450238		
1489060108.11		550.165980704		530.637112839		552.896521483		
1489093751.35		551.656850288		531.604668126		554.367434483		
1489127394.59		551.959763312		531.693976238		554.595849202		
1489161037.84		552.265012432		532.447915766		554.929412642		
1489194681.08		552.519779223		533.290799096		555.208614174		
1489228324.32		552.864093777		534.183233971		555.54729712		
1489261967.57		553.234376926		535.086772258		555.940936247		
1489295610.81		553.528827693		535.965797335		556.220701615		
1489329254.05		553.825174965		536.830903122		556.555250715		
1489362897.3		554.038463387		537.687043826		556.788139366		
1489396540.54		554.21331211		538.676758921		556.964742122		
1489430183.78		554.376986737		539.480929568		557.15218611		
1489463827.03		554.540851989		540.27007584		557.342502651		
1489497470.27		554.700993595		541.01812547		557.501459831		
1489531113.51		554.866377632		541.798271297		557.699001517		
1489564756.76		555.011956167		542.578567718		557.855572467		
1489598400.0		555.175627967		543.388805982		558.063902623		
1489632043.24		555.30363438		544.169068465		558.229358399		
1489665686.49		555.494446859		545.003090555		558.408767598		
1489699329.73		555.558731414		545.736727623		558.541105252		
1489732972.97		555.614185311		546.478295668		558.616899133		
1489766616.22		555.746804676		547.268699883		558.740347474		
1489800259.46		555.885874276		548.089562341		558.884268629		
1489833902.7		555.982790491		548.815923795		559.006277145		
1489867545.95		555.994467944		549.315963972		559.050448127		
1489901189.19		556.019148854		550.021196015		559.082583374		
1489934832.43		555.997258891		550.525952362		559.103074444		
1489968475.68		556.043514242		551.077478952		559.184219165		
1490002118.92		556.153760654		551.530262062		559.235986259		
1490035762.16		556.245495436		551.914735816		559.270014091		
1490069405.41		556.276216405		552.29065341		559.308203987		
1490103048.65		556.337103674		552.654555314		559.379204211		
1490136691.89		556.364702252		553.134124826		559.501752488		
1490170335.14		556.456659175		553.490962518		559.544375809		
1490203978.38		556.555416796		553.802210828		559.533457889		
1490237621.62		556.681263554		554.080701159		559.576610107		
1490271264.86		556.86594294		554.208151135		559.654979223		
1490304908.11		557.068342577		554.392788841		559.79597237		
1490338551.35		557.238912059		554.467166133		559.892780934		
1490372194.59		557.359555867		554.493369523		559.989200277		
1490405837.84		557.59023066		554.601648134		560.277403627		
1490439481.08		557.706490739		554.689380845		560.587685434		
1490473124.32		557.732256202		554.726973341		560.777458956		
1490506767.57		557.839139064		554.795868689		561.146231477		
1490540410.81		557.913069537		554.826430671		561.497570035		
1490574054.05		557.925112338		554.809215183		561.836333396		
1490607697.3		557.895241798		554.80241326		562.345780859		
1490641340.54		557.994334759		554.887593112		563.015461872		
1490674983.78		558.08545604		554.985783291		563.560501728		
1490708627.03		558.178653071		555.080801582		564.188687066		
1490742270.27		558.187096068		555.090916649		564.941190229		
1490775913.51		558.234669208		555.150550763		565.750203195		
1490809556.76		558.423244197		555.279769848		566.650492592		
1490843200.0		558.563623049		555.410228444		567.478785845		
1490876843.24		558.65032849		555.479035445		568.281014735		
1490910486.49		558.688741725		555.487721812		569.061461288		
1490944129.73		558.784788429		555.579233453		569.911209873		
1490977772.97		558.895149162		555.699902059		570.765645282		
1491011416.22		558.991047169		555.780208753		571.615713871		
1491045059.46		559.200160339		555.958895246		572.579252319		
1491078702.7		559.369608562		556.118419982		573.496693852		
1491112345.95		559.480206121		556.235398033		574.376404584		
1491145989.19		559.533202787		556.26943777		575.189374571		
1491179632.43		559.548596164		556.274865429		575.973602082		
1491213275.68		559.496512305		556.260252819		576.739522347		
1491246918.92		559.51566752		556.257985715		577.548962675		
1491280562.16		559.615142248		556.285943346		578.423120243		
1491314205.41		559.68199825		556.338401055		579.269530906		
1491347848.65		559.796180838		556.434677402		580.164562684		
1491381491.89		559.801982438		556.441555643		580.998258572		
1491415135.14		559.928387443		556.517544347		581.89144898		
1491448778.38		559.951037938		556.546498759		582.734405337		
1491482421.62		559.980072403		556.545822899		583.581373983		
1491516064.86		558.273341039		554.821459748		582.459203051		
1491549708.11		558.304334671		554.847329658		583.030178634		
1491583351.35		558.399153249		554.925812686		583.919047335		
1491616994.59		558.495175807		554.996535431		584.812144418		
1491650637.84		558.617363613		555.112471216		585.738841424		
1491684281.08		558.685814383		555.187899958		586.627415145		
1491717924.32		558.766922549		555.238847699		587.5050646		
1491751567.57		558.855086616		555.236405333		588.357969598		
1491785210.81		558.910019388		555.248391288		589.223068915		
1491818854.05		559.042519079		555.362872739		590.1892408		
1491852497.3		559.184874914		555.493301027		591.141193187		
1491886140.54		559.260562406		555.543881108		592.018902395		
1491919783.78		559.300422549		555.565141749		592.876218265		
1491953427.03		559.335574194		555.592994846		593.747140903		
1491987070.27		559.301598373		555.559377206		594.57133874		
1492020713.51		559.348613774		555.610514379		595.45642192		
1492054356.76		559.342809566		555.591474206		596.31173393		
1492088000.0		559.324525072		555.517867053		597.12786638		
1492121643.24		560.775140677		556.932144902		598.105013103		
1492155286.49		560.699229047		556.876070526		598.682140823		
1492188929.73		560.677853483		556.819672918		599.376061731		
1492222572.97		560.603354405		556.709019734		600.276975226		
1492256216.22		560.601713515		556.665513627		601.280140433		
1492289859.46		560.593393621		556.652241254		602.182962862		
1492323502.7		560.598367463		556.67464277		603.100167829		
1492357145.95		560.54054594		556.629554793		603.964542347		
1492390789.19		560.507680239		556.592913878		604.845209304		
1492424432.43		560.437029152		556.528578495		605.691339018		
1492458075.68		560.467349314		556.567432272		606.642918176		
1492491718.92		560.556250215		556.59350978		607.618790369		
1492525362.16		560.632399868		556.634380099		608.596427057		
1492559005.41		560.70737401		556.661435403		609.588709338		
1492592648.65		560.757793207		556.708327199		610.587888274		
1492626291.89		560.834930968		556.747649996		611.579621063		
1492659935.14		560.940815645		556.796762962		612.572714144		
1492693578.38		561.036218829		556.856534531		613.567248937		
1492727221.62		561.117506958		556.895154555		614.563303778		
1492760864.86		561.166470527		556.981630384		615.560961396		
1492794508.11		561.232785734		557.020969707		616.560294573		
1492828151.35		561.272416218		557.048790473		617.561375263		
1492861794.59		561.327639877		557.076333518		618.564277373		
1492895437.84		561.394892319		557.103611159		619.569066202		
1492929081.08		561.45056547		557.130792185		620.575807981		
1492962724.32		561.5176138		557.161710182		621.584568997		
1492996367.57		561.568436342		557.215945182		622.595408089		
1493030010.81		561.642365029		557.245179636		623.60838637		
1493063654.05		561.716239822		557.266530107		624.62356355		
1493097297.3		561.775333643		557.291915955		625.650224506		
1493130940.54		561.847990585		557.317611308		626.680419683		
1493164583.78		561.895935195		557.376436556		627.713193307		
1493198227.03		561.971514777		557.419085244		628.748589316		
1493231870.27		562.050132521		557.46156382		629.786655065		
1493265513.51		562.103530268		557.503880475		630.827435135		
1493299156.76		562.147971064		557.546042338		631.870970064		
1493332800.0		562.2021699		557.589199391		632.917304228		
1493366443.24		562.261268443		557.633050472		633.966478665		
1493400086.49		562.309437081		557.676771047		635.018531258		
1493433729.73		562.357464743		557.71145598		636.073503502		
1493467372.97		562.411507509		557.741082812		637.131433359		
1493501016.22		562.47863087		557.788536826		638.192356867		
1493534659.46		562.507307048		557.833570336		639.256312578		
1493568302.7		562.552861563		557.875129472		640.323335996		
1493601945.95		562.607571487		557.89245255		641.393461537		
1493635589.19		562.670855986		557.909693827		642.466725251		
1493669232.43		562.731595678		557.930268424		643.54316056		
1493702875.68		562.790352397		557.951609719		644.622800462		
1493736518.92		562.853075082		557.966986945		645.705678887		
1493770162.16		562.923613634		557.999016452		646.791827504		
1493803805.41		562.993499475		558.033705919		647.881278079		
1493837448.65		563.054572365		558.07213821		648.974062755		
1493871091.89		563.109068814		558.123327326		650.07021174		
1493904735.14		563.146045017		558.147580335		651.16975573		
1493938378.38		563.217901539		558.168406553		652.272725378		
1493972021.62		563.272243555		558.207174763		653.379149677		
1494005664.86		563.325749173		558.236215359		654.489058413		
1494039308.11		563.374558032		558.250015897		655.584730635		
1494072951.35		563.430632782		558.263754014		656.546560752		
1494106594.59		563.485095818		558.277432757		657.673239302		
1494140237.84		563.53815612		558.291054948		658.802855919		
1494173881.08		563.584093721		558.304755121		659.935462184		
1494207524.32		563.644311798		558.322147659		661.071113953		
1494241167.57		563.704502953		558.338755244		662.209863399		
1494274810.81		563.759541786		558.352037158		663.351758067		
1494308454.05		563.813527561		558.365271968		664.496850193		
1494342097.3		563.871552456		558.378461868		665.645187656		
1494375740.54		563.956565582		558.391608824		666.796815202		
1494409383.78		564.03721198		558.411272059		667.951781256		
1494443027.03		564.086301199		558.432785438		669.110130217		
1494476670.27		564.157757636		558.458944606		670.27190459		
1494510313.51		564.229207756		558.474068833		671.437149354		
1494543956.76		564.310391823		558.499555687		672.605906034		
1494577600.0		564.362738304		558.513561566		673.778215174		
1494611243.24		564.408815669		558.542951949		674.954118839		
1494644886.49		564.469444441		558.568334945		676.133656136		
1494678529.73		564.524365781		558.58846716		677.316865905		
1494712172.97		564.596333606		558.60857272		678.503787758		
1494745816.22		564.658209302		558.628652877		679.694458778		
1494779459.46		564.75435381		558.650648869		680.888916333		
1494813102.7		564.836025931		558.672665786		681.968019749		
1494846745.95		564.894358507		558.694660389		682.729281539		
1494880389.19		564.964662369		558.714096544		683.491797605		
1494914032.43		565.034235503		558.730764246		684.589734405		
1494947675.68		565.09798605		558.759741782		685.802026986		
1494981318.92		565.161738802		558.796608117		687.01853252		
1495014962.16		565.225494347		558.830729269		688.239277159		
1495048605.41		565.292864415		558.864841755		689.464286726		
1495082248.65		565.363667576		558.898562992		690.693587534		
1495115891.89		565.424752628		558.916324545		691.927205783		
1495149535.14		565.498158964		558.934074487		693.165167414		
1495183178.38		565.555966997		558.953689127		694.407498907		
1495216821.62		565.623850807		558.97369125		695.654226579		
1495250464.86		565.710922822		559.00606928		696.905376565		
1495284108.11		565.795629883		559.039526734		698.160975548		
1495317751.35		565.871658749		559.079777936		699.421050011		
1495351394.59		565.947699223		559.112479417		700.685626395		
1495385037.84		566.003837438		559.146772992		701.954731577		
1495418681.08		566.069937583		559.181065136		703.228392289		
1495452324.32		566.150958746		559.215356101		704.493063967		
1495485967.57		566.221159617		559.234387551		705.760279004		
1495519610.81		566.284968141		559.253625387		707.032015957		
1495553254.05		566.351385881		559.27378218		708.308301106		
1495586897.3		566.416699349		559.293934492		709.589161006		
1495620540.54		566.484658834		559.314082587		710.87462214		
1495654183.78		566.58296144		559.336209786		712.164711164		
1495687827.03		566.642605722		559.364573792		713.459454952		
1495721470.27		566.694499981		559.395431518		714.758880347		
1495755113.51		566.758207434		559.556556903		716.063014409		
1495788756.76		566.846031617		559.59011688		717.371884379		
1495822400.0		566.916944466		559.610273235		718.616954159		
1495856043.24		566.982625495		559.619547665		719.884345567		
1495889686.49		567.048318731		559.671268422		721.220097012		
1495923329.73		567.108095792		559.698103854		722.560783559		
1495956972.97		567.145224139		559.708093938		723.906434115		
1495990616.22		567.205029671		559.718080487		725.257077707		
1496024259.46		567.287595415		559.728427017		726.612743404		
1496057902.7		567.36332454		559.76283287		727.962130936		
1496091545.95		567.425238889		559.81835184		729.314591265		
1496125189.19		567.487163942		559.876072981		730.672065036		
1496158832.43		567.549099844		559.90510403		732.034581243		
1496192475.68		567.611046726		559.94019339		733.402168977		
1496226118.92		567.673004705		559.960616638		734.774857448		
1496259762.16		567.734973908		560.04364139		736.152676184		
1496293405.41		567.9374288		560.06626504		737.535654815		
1496327048.65		568.143359895		560.087514469		738.923823136		
1496360691.89		568.219698014		560.111572729		740.317211229		
1496394335.14		568.287524773		560.138003233		741.715849302		
1496427978.38		568.346278984		560.183660892		743.119767756		
1496461621.62		568.405044025		560.200789264		744.391217431		
1496495264.86		568.463819998		560.216394856		745.817355998		
1496528908.11		568.525860369		560.231999543		747.24895746		
1496562551.35		568.591131234		560.24760341		748.686053858		
1496596194.59		568.656416362		560.263206532		750.128677408		
1496629837.84		568.709006618		560.278808983		751.576860573		
1496663481.08		568.761352588		560.294410838		753.03063607		
1496697124.32		568.813707144		560.310012159		754.491480113		
1496730767.57		568.866070339		560.325613013		755.959384276		
1496764410.81		568.918442223		560.341213464		757.433002347		
1496798054.05		568.970822838		560.362473232		758.912368144		
1496831697.3		569.023212231		560.390449603		760.397515772		
1496865340.54		569.075610445		560.418427952		761.888479583		
1496898983.78		569.128017517		560.446408321		763.281750684		
1496932627.03		569.18043349		560.474390749		764.768078229		
1496966270.27		569.232858399		560.502375278		766.260198781		
1496999913.51		569.29522158		560.531150288		767.758146576		
1497033556.76		569.34077414		560.556432343		768.551960959		
1497067200.0		569.498555008		560.57931605		769.760445148		
