1463461200.0		5.5430489895		3.30665288049		16.7038590159		
1463500118.92		2.94786409297		2.89377186965		3.03329543399		
1463539037.84		3.02339028105		2.99001489859		3.05883161666		
1463577956.76		3.18344886862		3.14828672332		3.21912651516		
1463616875.68		3.3313286604		3.29483487482		3.36929160064		
1463655794.59		3.51700404929		3.4784246389		3.55694485794		
1463694713.51		3.67712648674		3.6367496336		3.71884864333		
1463733632.43		3.88269445346		3.84009373021		3.92673007436		
1463772551.35		4.05969278138		4.01520448592		4.10581315732		
1463811470.27		4.28374150568		4.23705870735		4.33272064353		
1463850389.19		4.48742980176		4.43899649788		4.53868746954		
1463889308.11		4.73527216048		4.68395100201		4.78838874145		
1463928227.03		4.99627259167		4.94235579826		5.05211374068		
1463967145.95		5.23294297442		5.17696141707		5.29129200361		
1464006064.86		5.5207257856		5.46152470229		5.5817483696		
1464044983.78		5.73587445948		5.67424998023		5.7986431237		
1464083902.7		5.92611018751		5.863058623		5.99070230839		
1464122821.62		6.1221700146		6.05794514812		6.18864710151		
1464161740.54		6.4895590695		6.42165310188		6.55977853871		
1464200659.46		6.81265665281		6.74106875881		6.88586695381		
1464239578.38		7.11840123784		7.04338710096		7.19512818943		
1464278497.3		7.40520034275		7.32743933347		7.48510894179		
1464317416.22		7.75733925747		7.67591036506		7.84090683012		
1464356335.14		8.12366522235		8.03908315971		8.21068479993		
1464395254.05		8.47878227128		8.39052119884		8.56894377657		
1464434172.97		8.88746815065		8.79550430515		8.98222460926		
1464473091.89		9.26118121834		9.1651844414		9.35906920251		
1464512010.81		9.70522570152		9.6045550295		9.80746103769		
1464550929.73		10.1121396478		10.0067568232		10.218276184		
1464589848.65		10.5949832006		10.4849956341		10.7062153723		
1464628767.57		11.0141018551		10.9006808725		11.13029601		
1464667686.49		11.538684685		11.4204850526		11.6604811485		
1464706605.41		12.0195276426		11.8971690116		12.1473125594		
1464745524.32		12.5846810704		12.4573752072		12.7180844983		
1464784443.24		13.1763250298		13.0426470894		13.317321216		
1464823362.16		13.6887543022		13.5498910858		13.8345721199		
1464862281.08		14.3270746123		14.1826851236		14.479575202		
1464901200.0		14.9082243832		14.7586174802		15.0668106958		
1464940118.92		15.5976340992		15.4417272394		15.7621933771		
1464979037.84		16.162812516		16.0021231372		16.3340766026		
1465017956.76		16.9049693431		16.7367515735		17.084227668		
1465056875.68		17.5489679498		17.3736232171		17.7344704981		
1465095794.59		18.6285147529		18.4456978767		18.8275650515		
1465134713.51		19.8604278903		19.6661275096		20.0709012352		
1465173632.43		21.1645679242		20.9577402388		21.3882168996		
1465212551.35		22.5388295651		22.3186899463		22.7743681044		
1465251470.27		23.9506089517		23.7163189802		24.201069788		
1465290389.19		25.4317160181		25.1849176278		25.6978753286		
1465329308.11		27.0788312127		26.8165962333		27.3596013965		
1465368227.03		28.8201699987		28.5442271854		29.1149327982		
1465407145.95		30.6470282095		30.3578330091		30.9598231574		
1465446064.86		32.5685714312		32.2575691687		32.8946083923		
1465484983.78		34.5800523594		34.2524296253		34.9243425155		
1465523902.7		36.6929858622		36.3472132466		37.0569213404		
1465562821.62		38.9050228411		38.5407851867		39.2870040915		
1465601740.54		41.2155779972		40.8390033791		41.615803041		
1465640659.46		43.6360421775		43.2373531548		44.0581752761		
1465679578.38		46.1646927592		45.7448369977		46.6098375067		
1465718497.3		48.8120169997		48.3719152161		49.2820073788		
1465757416.22		51.5680263012		51.1037725838		52.057822833		
1465796335.14		54.4437071079		53.9477620476		54.9511992106		
1465835254.05		57.4400006461		56.9135903385		57.9645203912		
1465874172.97		60.5170113718		59.9608853272		61.0621613607		
1465913091.89		63.650034158		63.0653014492		64.2187071176		
1465937519.0		65.6752167966		65.0703511294		66.2576992456		
1465937520.0		65.6753013944		65.0704344527		66.2577842857		
1465937521.0		65.6753859924		65.0705177763		66.2578693261		
1465952010.81		41.062305307		39.5810953642		43.0279772568		
1465990929.73		34.5044351746		33.5962055531		35.3443262504		
1466029848.65		35.1385538435		34.2495146717		35.9877676342		
1466068767.57		35.9253771272		35.0269894642		36.7891989139		
1466107686.49		36.7290136908		35.8176044963		37.6032883793		
1466146605.41		37.5364126504		36.6144698318		38.4199333781		
1466185524.32		38.3547493951		37.4282120544		39.2547949032		
1466224443.24		39.1815418674		38.2514851376		40.1005129277		
1466263362.16		40.022795562		39.0794520068		40.9544379487		
1466302281.08		40.8675311805		39.915608522		41.8108508429		
1466341200.0		41.722968937		40.7571348803		42.6794680812		
1466380118.92		42.5834969447		41.6017672314		43.5496368198		
1466419037.84		43.4515168907		42.4556639319		44.4236107167		
1466457956.76		44.3318750355		43.3276945541		45.3173355618		
1466496875.68		45.2150759111		44.2073935689		46.2119182406		
1466535794.59		46.2065832439		45.1867667368		47.2120135961		
1466574713.51		48.7333557569		47.6714218019		49.7871314184		
1466613632.43		51.3840162767		50.2823368337		52.4803071338		
1466652551.35		54.1412590671		53.0003352864		55.2849225987		
1466691470.27		57.0174003638		55.8364853579		58.2003493445		
1466730389.19		60.005739267		58.7840388366		61.2323454712		
1466769308.11		63.0932250637		61.8371361149		64.3660498		
1466808227.03		66.3019894131		65.0120301305		67.6220845667		
1466847145.95		69.6069488999		68.275560678		70.9696385414		
1466886064.86		73.0228890954		71.6604347085		74.4276660607		
1466924983.78		76.5433421853		75.1422277024		77.9866409901		
1466963902.7		80.1730774271		78.7311212891		81.6599747218		
1467002821.62		83.9118632727		82.4328063298		85.4320942709		
1467041740.54		87.7436787579		86.2233364578		89.2907450948		
1467080659.46		91.6539160396		90.1026268334		93.26017469		
1467119578.38		95.6548720877		94.069434573		97.2819307151		
1467158497.3		99.7290605023		98.1273407627		101.392959621		
1467197416.22		103.889709549		102.252191723		105.572631804		
1467236335.14		108.149883143		106.480929175		109.853703308		
1467275254.05		112.455735757		110.746958827		114.188799244		
1467314172.97		109.261493925		107.64195199		110.933164127		
1467353091.89		121.104371234		119.385987222		122.933315311		
1467392010.81		125.533581048		123.777914345		127.37560631		
1467430929.73		130.028044444		128.258192141		131.864762803		
1467469848.65		134.473229455		132.709179532		136.323827256		
1467508767.57		138.943799854		137.179160006		140.795598254		
1467547686.49		143.412411871		141.64114856		145.28395105		
1467586605.41		147.8974549		146.107624695		149.792640075		
1467625524.32		152.346470804		150.587637915		154.267827881		
1467664443.24		156.79581787		155.043275041		158.713525343		
1467703362.16		161.220676513		159.428414737		163.13520642		
1467742281.08		165.60096147		163.784504155		167.522626336		
1467781200.0		169.888844445		168.075121756		171.844876584		
1467820118.92		174.145351518		172.26880589		176.112879363		
1467859037.84		178.345149605		176.466969085		180.322006215		
1467897956.76		182.499257692		180.605339247		184.468763934		
1467936875.68		186.853992431		184.986911508		188.82588345		
1467975794.59		190.538828692		188.644273547		192.527839235		
1468014713.51		194.41357307		192.495932565		196.415686436		
1468053632.43		198.210344686		196.224838763		200.248127968		
1468092551.35		201.911315839		199.89467291		203.954486042		
1468131470.27		205.507844006		203.525834157		207.51694073		
1468170389.19		209.00960589		207.007232816		211.030772374		
1468209308.11		212.414450004		210.419885564		214.431542407		
1468248227.03		215.675536048		213.700207308		217.729139593		
1468287145.95		218.937205181		216.911869206		220.979535281		
1468326064.86		222.075804194		220.034335695		224.164128851		
1468364983.78		225.09980075		223.024131666		227.172374571		
1468403902.7		228.018714676		225.914930158		230.120002636		
1468442821.62		230.81354593		228.694420483		232.948531288		
1468481740.54		250.00091696		247.672611434		252.281316058		
1468520659.46		252.756938766		250.376749458		255.003214504		
1468559578.38		255.400768396		252.973907169		257.628887086		
1468597799.0		257.890640731		255.404756246		260.123634882		
1468597800.0		257.890702918		255.404818032		260.123696454		
1468597801.0		257.890765106		255.404879817		260.123758025		
1468598497.3		256.277327272		254.094393976		258.398719801		
1468637416.22		137.070147236		132.998348906		141.871017383		
1468676335.14		138.922629766		135.40030995		142.293033235		
1468715254.05		143.550045739		140.138780839		146.736988727		
1468754172.97		148.374941977		144.98536916		151.516167161		
1468793091.89		153.239937138		149.852057101		156.363382592		
1468832010.81		158.117243529		154.722297058		161.224300942		
1468870929.73		162.952429927		159.562450902		165.996967914		
1468909848.65		167.796918935		164.4214239		170.79284607		
1468948767.57		172.613010661		169.254802906		175.540534575		
1468987686.49		175.511626734		172.244700483		178.35071285		
1469026605.41		180.348560015		177.118169881		183.09663912		
1469065524.32		185.042798425		181.90590398		187.717975959		
1469104443.24		189.776087581		186.673177269		192.366054243		
1469143362.16		194.414807988		191.345786488		196.882427252		
1469182281.08		198.968113927		195.969688696		201.392842155		
1469221200.0		182.991287443		180.403859741		185.118728378		
1469260118.92		186.669074297		184.19856363		188.785936057		
1469299037.84		190.286776527		187.896829635		192.31791166		
1469337956.76		193.774888604		191.480058628		195.782214878		
1469376875.68		197.215235583		195.037947851		199.149199608		
1469415794.59		200.578647413		198.475885085		202.42415947		
1469454713.51		203.826058064		201.807043272		205.592649584		
1469493632.43		206.993510056		205.008904725		208.692643093		
1469532551.35		210.064343573		208.161940354		211.716266355		
1469571470.27		203.817800559		202.091121556		205.336666288		
1469610389.19		206.578379735		204.918576481		208.048284305		
1469649308.11		209.218677362		207.583377545		210.672547207		
1469688227.03		211.800830535		210.196066816		213.181538361		
1469727145.95		214.332578977		212.736854433		215.691845293		
1469766064.86		221.743228216		220.164704259		223.146591339		
1469804983.78		224.156740396		222.545489824		225.539845572		
1469843902.7		240.438830772		238.70751338		241.889712542		
1469882821.62		242.767715213		241.016950013		244.257071969		
1469921740.54		244.993566188		243.293212761		246.553809021		
1469960659.46		247.145647689		245.483776366		248.768733336		
1469999578.38		249.232146042		247.544464578		250.924135935		
1470038497.3		251.192884315		249.48701932		252.877509589		
1470077416.22		237.743761429		236.113273118		239.340493181		
1470116335.14		255.011691139		253.208764563		256.709302783		
1470155254.05		256.687483674		254.836270633		258.404221637		
1470194172.97		240.268930019		238.550491661		241.859008503		
1470233091.89		241.972014879		240.282706508		243.572401144		
1470272010.81		243.643153929		241.971802504		245.236009585		
1470310929.73		245.220053937		243.602751876		246.830877539		
1470349848.65		246.143932969		244.555395201		247.765922059		
1470388767.57		247.871860411		246.276777077		249.484602915		
1470427686.49		249.352216075		247.759422098		250.945009574		
1470466605.41		250.72122104		249.150237752		252.318795134		
1470505524.32		249.363415175		247.843134506		250.958374818		
1470544443.24		250.527779643		249.027920974		252.149051054		
1470583362.16		251.850815063		250.34509416		253.456888916		
1470622281.08		253.118302075		251.630199176		254.746445491		
1470661200.0		254.376438909		252.877821033		255.984852951		
1470700118.92		275.049900402		273.413456982		276.76919561		
1470739037.84		276.208599295		274.58947499		277.921609683		
1470777956.76		277.558135567		275.96001264		279.253049482		
1470816875.68		277.869473377		276.284294245		279.535406727		
1470855794.59		278.006792375		276.421467119		279.686557242		
1470894713.51		278.08241324		276.492114464		279.753132423		
1470933632.43		278.15799174		276.592845587		279.863713919		
1470972551.35		278.544802731		277.002401687		280.182952699		
1471011470.27		278.933429761		277.42197286		280.507172344		
1471050389.19		279.373892152		277.93204439		280.861014196		
1471089308.11		279.75478922		278.357215267		281.183132659		
1471128227.03		280.198661987		278.790884207		281.636643042		
1471167145.95		280.610172101		279.184606888		282.067979943		
1471206064.86		280.998716683		279.595141672		282.44430204		
1471244983.78		281.369963311		279.933313042		282.751837896		
1471283902.7		281.686225056		280.29242413		283.105346423		
1471322821.62		282.140734702		280.730956168		283.582834257		
1471361740.54		282.408402459		280.99260204		283.894640157		
1471400659.46		282.805508294		281.355262814		284.27588428		
1471439578.38		283.099200031		281.63791423		284.574594763		
1471478497.3		283.526197657		282.031158294		285.011130966		
1471517416.22		283.882872654		282.378914372		285.468531227		
1471556335.14		284.264576586		282.746981756		285.902296191		
1471595254.05		284.624229776		283.0854242		286.322007718		
1471634172.97		285.012487804		283.411339421		286.693274449		
1471673091.89		285.330273998		283.698188842		287.066338317		
1471712010.81		285.634976709		283.987512731		287.423184034		
1471750929.73		285.951284982		284.260646695		287.764439432		
1471789848.65		286.278899841		284.529445144		288.100570165		
1471828767.57		286.603633124		284.814743518		288.437916365		
1471867686.49		286.894664764		285.08027163		288.759886779		
1471879999.0		287.178542765		285.360428417		289.065095748		
1471880000.0		287.17856552		285.360453029		289.065121204		
1471880001.0		287.178588276		285.360477641		289.06514666		
1471906605.41		284.499502701		282.928556285		286.126896441		
1471945524.32		274.481952156		273.137268175		275.90563078		
1471984443.24		265.294973533		263.997005813		266.68102856		
1472023362.16		256.790258278		255.464533766		258.198405123		
1472062281.08		245.701635118		244.233372518		247.122096765		
1472101200.0		241.960388934		240.468159789		243.366601905		
1472140118.92		217.043190192		215.685344083		218.332476414		
1472179037.84		229.714537752		228.294588074		231.134965562		
1472217956.76		207.603185741		206.333012626		208.900146309		
1472256875.68		218.763579565		217.474320011		220.173395446		
1472295794.59		213.768530713		212.487358931		215.13967733		
1472334713.51		209.013934044		207.7538632		210.404160242		
1472373632.43		204.508166513		203.281682937		205.888877141		
1472412551.35		200.23693559		199.025470023		201.617214324		
1472451470.27		196.160161357		194.981098804		197.52812001		
1472490389.19		192.297861501		191.134101389		193.634790242		
1472529308.11		188.611305702		187.454752898		189.933354545		
1472568227.03		185.089510001		183.954161592		186.392475621		
1472607145.95		181.714772114		180.592084738		183.020127392		
1472646064.86		178.48782185		177.373200758		179.764070947		
1472684983.78		175.399290344		174.28922822		176.668241914		
1472723902.7		172.420218634		171.337728783		173.708415662		
1472762821.62		169.598871249		168.47709841		170.881279834		
1472799999.0		166.995161992		165.858524842		168.271673758		
1472800000.0		166.995093944		165.858455685		168.271602281		
1472800001.0		166.995025896		165.858386527		168.271530805		
1472801740.54		166.876737536		165.738171708		168.147286294		
1472840659.46		164.021745833		162.868969271		165.23241743		
1472879578.38		168.667345024		167.50674077		169.924182023		
1472918497.3		173.157549097		171.99700379		174.419559968		
1472957416.22		177.580262724		176.408145766		178.835200155		
1472996335.14		182.053101873		180.850534525		183.304606999		
1473035254.05		186.4499827		185.246680763		187.661398828		
1473074172.97		190.816889469		189.582091177		192.029698272		
1473113091.89		195.373599279		194.137335717		196.594427118		
1473152010.81		199.606555615		198.384901439		200.796046402		
1473190929.73		203.887604778		202.656376137		205.052233172		
1473229848.65		208.117015345		206.865426732		209.271171434		
1473268767.57		212.264677432		211.015399037		213.414824555		
1473307686.49		216.35114246		215.088229763		217.501614985		
1473346605.41		220.391510575		219.100804407		221.533937187		
1473385524.32		224.149553939		222.901306408		225.317300627		
1473424443.24		228.109806046		226.862035227		229.257933746		
1473463362.16		231.886673608		230.62336313		233.034889885		
1473502281.08		235.582506754		234.328081058		236.742792245		
1473541200.0		239.229633862		237.985590321		240.397903321		
1473580118.92		242.777836906		241.547424407		243.978163477		
1473619037.84		246.240203605		245.01697726		247.452566831		
1473657956.76		249.6488777		248.413560866		250.850016339		
1473696875.68		252.987219356		251.757863142		254.209617715		
1473735794.59		256.235549588		255.001835743		257.432980321		
1473774713.51		259.423167887		258.18887318		260.619398427		
1473813632.43		262.906984304		261.69892177		264.097787775		
1473852551.35		266.055319412		264.900150554		267.241178633		
1473891470.27		268.90371799		267.746676556		270.040960289		
1473930389.19		271.521555767		270.349933687		272.690587765		
1473969308.11		274.338654251		273.141437888		275.498543964		
1474008227.03		277.067102373		275.857093023		278.218249975		
1474047145.95		279.72561464		278.51457643		280.887390057		
1474086064.86		273.518372033		272.347443108		274.652445442		
1474124983.78		275.961863151		274.762988494		277.089855493		
1474163902.7		278.357319661		277.155623268		279.488611324		
1474202821.62		280.677143661		279.481834065		281.838649849		
1474241740.54		282.936828459		281.741366018		284.109069238		
1474280659.46		285.125892643		283.938490954		286.296585754		
1474319578.38		287.265546848		286.064479725		288.418566291		
1474358497.3		289.324897922		288.118122523		290.489058251		
1474397416.22		289.336802747		288.150089063		290.494596973		
1474436335.14		291.334423506		290.128926059		292.506171138		
1474475254.05		293.268703267		292.064826307		294.457817964		
1474514172.97		293.922138513		292.713418893		295.108430624		
1474553091.89		296.128071393		294.887735028		297.343580157		
1474592010.81		298.359679479		297.112872982		299.581010092		
1474630929.73		300.424246793		299.158032874		301.644829037		
1474669848.65		297.74892607		296.488638853		298.9610982		
1474708767.57		299.571985545		298.278214239		300.778757575		
1474747686.49		301.260674496		299.956392586		302.47165161		
1474786605.41		302.890913292		301.580647392		304.103957866		
1474825524.32		304.458749853		303.138961738		305.693888728		
1474864443.24		305.985791771		304.650045103		307.219709401		
1474903362.16		312.232143911		310.874873352		313.510141422		
1474942281.08		308.823767702		307.492753095		310.095335945		
1474981200.0		310.190393286		308.849585553		311.470693874		
1475020118.92		311.5288299		310.173752989		312.823743919		
1475059037.84		312.818212104		311.448561262		314.131714502		
1475097956.76		314.219430838		312.829409063		315.526914547		
1475136875.68		315.640608414		314.260695911		316.936360157		
1475175794.59		320.834224797		319.449670491		322.1113068		
1475179999.0		316.9321743		315.56850555		318.189393305		
1475180000.0		316.931889383		315.568220241		318.189103362		
1475180001.0		316.931604466		315.567934932		318.18881342		
1475214713.51		306.713402139		305.654628633		307.806136321		
1475253632.43		295.425399048		294.490966059		296.376899253		
1475292551.35		275.36830492		274.510175057		276.187864107		
1475331470.27		275.040181625		274.093604226		275.92119945		
1475370389.19		268.58830331		267.532441991		269.589842542		
1475409308.11		265.704722137		264.594309812		266.844861616		
1475448227.03		263.272946548		262.070751032		264.509999254		
1475487145.95		260.9088926		259.584142463		262.292533458		
1475526064.86		257.041005517		255.586352615		258.556317425		
1475564983.78		253.602261064		251.980496474		255.240739044		
1475603902.7		251.912587212		250.169788465		253.668537539		
1475642821.62		250.234962187		248.350093621		252.088902208		
1475679999.0		249.396708115		247.352063984		251.409073974		
1475680000.0		249.396881987		247.352241014		251.409247516		
1475680001.0		249.397055859		247.352418045		251.409421059		
1475681740.54		249.699880492		247.659058984		251.711668301		
1475720659.46		256.515929207		254.506669382		258.490719294		
1475759578.38		263.130166786		261.17366572		265.071301689		
1475798497.3		269.754126254		267.844925483		271.706600296		
1475837416.22		276.292006821		274.428647082		278.180770792		
1475876335.14		282.491681081		280.693423256		284.347732164		
1475915254.05		288.007778604		286.239036263		289.799217193		
1475954172.97		293.389558312		291.657714981		295.135083432		
1475993091.89		298.726912633		297.064717995		300.405599461		
1476032010.81		303.816163071		302.233495615		305.451191986		
1476070929.73		308.804604857		307.281423439		310.383381195		
1476109848.65		313.688075701		312.19848002		315.166802962		
1476148767.57		318.448022891		317.002681898		319.8662446		
1476187686.49		323.108412937		321.716501472		324.4900798		
1476226605.41		327.585425367		326.25779852		328.927332584		
1476265524.32		331.935684497		330.65569475		333.241085065		
1476304443.24		336.201157249		334.943342265		337.459696089		
1476343362.16		339.451185916		338.24290937		340.69782245		
1476382281.08		342.769326582		341.547493521		343.959982277		
1476421200.0		346.341118217		345.106661292		347.45886709		
1476460118.92		349.702405105		348.477380876		350.77011783		
1476499037.84		353.131316958		351.932603187		354.185462288		
1476537956.76		356.655501374		355.492449791		357.683688452		
1476576875.68		360.074511049		358.899496015		361.030209464		
1476615794.59		363.368751198		362.204705599		364.324602376		
1476654713.51		366.548609301		365.421599209		367.517140951		
1476693632.43		369.603682091		368.450900238		370.593223695		
1476732551.35		372.534845469		371.402855447		373.531029047		
1476771470.27		375.376909459		374.254720213		376.375858425		
1476810389.19		378.090801764		376.947657759		379.094795596		
1476849308.11		380.719058572		379.539415956		381.740885527		
1476888227.03		383.257914532		382.058906794		384.281986423		
1476927145.95		385.650332758		384.483730821		386.702680334		
1476966064.86		387.903892271		386.717492705		388.971827874		
1477004983.78		389.809870496		388.637259083		390.907822127		
1477043902.7		391.541237943		390.369840179		392.678631805		
1477082821.62		393.226352965		392.039168958		394.378258064		
1477121740.54		394.871340845		393.670897283		396.029622753		
1477160659.46		396.445358285		395.218388838		397.620148548		
1477199578.38		397.979542717		396.737910575		399.165674165		
1477238497.3		399.469851156		398.218359223		400.654134994		
1477277416.22		400.91999521		399.630373998		402.107537602		
1477316335.14		402.316756308		400.988181755		403.496423231		
1477355254.05		403.640257299		402.301707731		404.842570296		
1477394172.97		404.933557444		403.572717349		406.139998341		
1477433091.89		406.17581746		404.792735067		407.396192774		
1477472010.81		407.383042874		405.998984891		408.626593458		
1477510929.73		408.584573018		407.183990648		409.833514715		
1477549848.65		409.714614619		408.313315723		410.967124215		
1477588767.57		413.793627006		412.355650706		415.038252308		
1477627686.49		411.886328739		410.45418807		413.129875241		
1477666605.41		412.955620294		411.525709254		414.215585661		
1477705524.32		413.93922665		412.498368869		415.196461524		
1477744443.24		414.922250268		413.48628667		416.185276502		
1477783362.16		415.892081328		414.451263483		417.160239478		
1477822281.08		416.854848419		415.401626029		418.137832157		
1477861200.0		417.785480752		416.327420999		419.087261092		
1477900118.92		418.685052678		417.217954687		419.990425361		
1477939037.84		419.574833556		418.106628785		420.889589733		
1477977956.76		420.434662608		418.972379378		421.755584776		
1478016875.68		421.275275964		419.799190478		422.599642679		
1478055794.59		422.120344276		420.624491166		423.445848004		
1478094713.51		422.908893823		421.42262435		424.253900557		
1478133632.43		423.715160004		422.242003891		425.060224673		
1478172551.35		424.511845717		423.031774637		425.866096847		
1478211470.27		425.296095428		423.818725277		426.653878569		
1478250389.19		426.058767288		424.572826577		427.40714033		
1478289308.11		426.835308143		425.339933315		428.188141119		
1478328227.03		427.607405725		426.100801355		428.959258236		
1478367145.95		428.343687511		426.812655204		429.69479079		
1478406064.86		429.086562571		427.53878328		430.430098026		
1478444983.78		429.79975619		428.255816087		431.142071648		
1478483902.7		430.486957302		428.94404147		431.828564837		
1478522821.62		431.202559153		429.655997346		432.528801711		
1478561740.54		431.926874408		430.366337457		433.259891195		
1478600659.46		432.623039678		431.046196403		433.952759737		
1478639578.38		433.321027012		431.736021855		434.646341104		
1478678497.3		434.015120332		432.425545084		435.330416268		
1478717416.22		434.698030373		433.121267267		436.008267577		
1478756335.14		435.368080439		433.805855947		436.69034786		
1478795254.05		436.023882562		434.477318467		437.358845244		
1478834172.97		436.712287749		435.163414328		438.051433472		
1478873091.89		437.375796205		435.816699606		438.711976543		
1478912010.81		438.042089645		436.487165639		439.36749743		
1478950929.73		438.702042348		437.162811319		440.040684603		
1478989848.65		439.349214306		437.814399758		440.717064953		
1479028767.57		440.024659853		438.467212096		441.394036839		
1479067686.49		440.678688831		439.113092719		442.02951926		
1479106605.41		441.319055642		439.756658081		442.68387141		
1479145524.32		441.982112085		440.412771606		443.356174683		
1479184443.24		442.626463071		441.046725762		444.004156547		
1479223362.16		443.258053968		441.674189554		444.641042233		
1479262281.08		443.889097161		442.307856224		445.279953906		
1479301200.0		444.516437173		442.945974935		445.908838293		
1479340118.92		445.160372804		443.595308805		446.549689653		
1479379037.84		445.792588295		444.215678424		447.182859106		
1479417956.76		446.43132207		444.866526119		447.825635313		
1479456875.68		447.068131847		445.499521353		448.463543228		
1479495794.59		447.717642918		446.157262797		449.114572059		
1479534713.51		448.342615128		446.791025491		449.754695148		
1479573632.43		448.978063525		447.435670065		450.397296267		
1479612551.35		449.622600265		448.081536927		451.035413388		
1479651470.27		450.254629782		448.710676969		451.667016021		
1479690389.19		450.874633094		449.310079241		452.287879091		
1479729308.11		451.501824365		449.940868203		452.917134463		
1479768227.03		439.4114029		437.907107642		440.797705542		
1479772378.0		439.485223744		437.985677298		440.874125876		
1479772379.0		439.485242229		437.985696916		440.87414477		
1479772380.0		439.485260715		437.985716534		440.874163665		
1479772799.0		439.493006397		437.993936666		440.882080571		
1479772800.0		439.493024883		437.993956284		440.882099467		
1479772801.0		439.483215267		437.985134397		440.873028021		
1479807145.95		359.652324107		354.939655143		365.130828242		
1479846064.86		361.247640864		356.468021505		366.267899809		
1479884983.78		375.977227292		371.282039169		380.977334105		
1479923902.7		380.200276363		375.670532236		384.960433101		
1479962821.62		384.303404363		379.90309585		388.896035517		
1480001740.54		388.288238719		383.992412796		392.674182343		
1480040659.46		392.081342986		388.029323475		396.357220822		
1480079578.38		395.776705681		391.884656368		399.96145614		
1480118497.3		399.389384757		395.587698357		403.374176855		
1480157416.22		402.874798712		399.224371974		406.661335566		
1480196335.14		406.231537179		402.725336708		409.841106437		
1480235254.05		409.502218278		406.125117632		412.912110736		
1480274172.97		412.641086525		409.387874028		415.912315259		
1480313091.89		415.677818143		412.530011598		418.757821558		
1480344348.0		417.687832526		414.6509238		420.624478559		
1480344349.0		417.687762927		414.650884805		420.624412762		
1480344350.0		417.687693329		414.65084581		420.624346965		
1480352010.81		417.279256838		414.286908791		420.114524203		
1480390929.73		414.997971089		412.42097346		417.666761344		
1480429848.65		412.974355389		410.698069769		415.491398184		
1480468767.57		411.149110519		408.960026282		413.362191914		
1480507686.49		409.432140473		407.208351591		411.576595271		
1480546605.41		407.787616769		405.637378337		410.013573259		
1480585524.32		406.328954708		404.131956558		408.639425332		
1480624443.24		404.929582156		402.527382346		407.376712813		
1480663362.16		403.573814925		401.048041264		406.295469012		
1480702281.08		402.362579539		399.542385118		405.366840102		
1480741200.0		401.330754397		398.249357581		404.497675837		
1480780118.92		400.293329091		396.996119057		403.679002393		
1480819037.84		399.311562092		395.813130668		403.001331274		
1480857956.76		398.418816155		394.657528715		402.343421106		
1480896875.68		397.672884143		393.669770358		401.685860493		
1480926699.0		397.369492548		393.176500433		401.468447151		
1480926700.0		397.369594222		393.176605752		401.468546098		
1480926701.0		397.369695895		393.176711071		401.468645045		
1480935794.59		398.308339217		394.180375128		402.364651707		
1480974713.51		402.376237028		398.4436991		406.304920378		
1481013632.43		406.313103992		402.527318505		410.088537678		
1481052551.35		410.147511577		406.503896606		413.740264087		
1481091470.27		413.78213396		410.356773926		417.238417646		
1481130389.19		417.336245223		414.059336563		420.67475603		
1481169308.11		420.75227338		417.622585428		423.973126112		
1481208227.03		424.14186277		421.140802688		427.194139841		
1481247145.95		427.314965616		424.50694174		430.282539674		
1481286064.86		430.373736334		427.650013997		433.190345359		
1481324983.78		433.276492007		430.707147174		436.004472868		
1481363902.7		436.114463436		433.66623145		438.702088285		
1481402821.62		438.807689851		436.498373582		441.338790789		
1481441740.54		441.46568039		439.224547865		443.868931221		
1481480659.46		444.045975424		441.928237351		446.360426895		
1481519578.38		446.498857605		444.442588399		448.712333221		
1481558497.3		448.799845082		446.764172057		450.934678407		
1481597416.22		450.813240903		448.863518539		452.832786472		
1481636335.14		452.651807959		450.748037494		454.603164168		
1481675254.05		454.463901435		452.584267324		456.37015153		
1481714172.97		456.203385632		454.359557654		458.091422564		
1481753091.89		457.937035636		456.157327866		459.775003287		
1481792010.81		459.662271789		457.94358239		461.499222769		
1481830929.73		461.22962779		459.531184918		463.013270579		
1481869848.65		462.766264483		461.103084701		464.535161009		
1481908767.57		464.306187844		462.672815157		466.079708854		
1481947686.49		465.770263876		464.175992151		467.516558628		
1481986605.41		467.182790667		465.604346383		468.876659048		
1482025524.32		468.545139916		466.964629831		470.245225771		
1482064443.24		469.917265165		468.324095109		471.613460848		
1482103362.16		471.23828039		469.64644018		472.957338642		
1482142281.08		472.535896502		470.928585119		474.223928637		
1482168544.0		472.689633229		471.118897839		474.345870281		
1482168545.0		472.68931616		471.118549476		474.345508599		
1482168546.0		472.688999093		471.118201114		474.345146917		
1482181200.0		468.12967586		466.710771028		469.603848149		
1482220118.92		454.514803486		452.613429167		456.631683523		
1482259037.84		441.897717549		439.252765785		445.121823096		
1482297956.76		430.690431736		426.763130325		434.783330854		
1482336875.68		420.161489202		415.290245442		425.133490863		
1482359159.0		415.054500934		409.722561326		420.492696248		
1482359160.0		415.054598714		409.722664324		420.492789561		
1482359161.0		415.054696494		409.722767323		420.492882874		
1482375794.59		416.731393534		411.513858373		422.125324734		
1482414713.51		420.869758721		415.830122254		426.049699001		
1482453632.43		424.907543995		420.025477624		429.808306423		
1482492551.35		428.79999189		424.101438112		433.527600011		
1482531470.27		432.565605885		428.050360166		437.11017442		
1482570389.19		436.147792834		431.860589162		440.523918101		
1482609308.11		439.674988011		435.592253288		443.872066118		
1482648227.03		443.072417728		439.115603653		447.072928382		
1482687145.95		446.255958987		442.467241962		450.073748754		
1482726064.86		449.285958512		445.838490316		452.994558784		
1482764983.78		452.226306756		448.925614064		455.795953535		
1482803902.7		455.077554667		451.870369229		458.416403025		
1482842821.62		457.846288045		454.71647835		460.986180491		
1482881740.54		460.444559601		457.471820632		463.524056567		
1482920659.46		462.982511432		460.151654775		465.986971658		
1482959578.38		462.974071493		460.260478604		465.867854648		
1482998497.3		465.496515624		462.844016413		468.241287288		
1483037416.22		467.946641653		465.405049534		470.631777603		
1483076335.14		470.27054294		467.830044092		472.908021533		
1483115254.05		472.582276765		470.200466134		475.151185006		
1483154172.97		474.756401048		472.423009436		477.243834763		
1483193091.89		476.789008544		474.563732891		479.174258475		
1483232010.81		478.809487058		476.575351076		481.137367805		
1483270929.73		480.75176613		478.574399858		482.991566927		
1483309848.65		482.626098314		480.519335495		484.818638567		
1483348767.57		484.410686441		482.374953094		486.604455384		
1483387686.49		486.186975253		484.187493544		488.325214775		
1483426605.41		487.869199413		485.911356832		490.002744127		
1483465524.32		489.498678175		487.613347996		491.60990194		
1483504443.24		491.047466679		489.1382128		493.09074836		
1483543362.16		492.59421221		490.670974637		494.596863011		
1483582281.08		494.059362533		492.179304609		496.087958552		
1483621200.0		495.438608805		493.576290846		497.493882866		
1483660118.92		496.799922975		494.971944025		498.8533142		
1483699037.84		498.168759107		496.33564556		500.208817728		
1483737956.76		499.515638404		497.684524548		501.537893884		
1483776875.68		500.831837377		499.017919436		502.868465911		
1483815794.59		502.089696478		500.2746502		504.155696722		
1483854713.51		503.342958121		501.530885643		505.461421453		
1483893632.43		504.57155109		502.715844771		506.678857693		
1483932551.35		505.737256452		503.86173734		507.89308987		
1483971470.27		506.923317491		504.980347055		509.083224799		
1484010389.19		508.131256115		506.141217219		510.314383019		
1484049308.11		509.32442662		507.313566261		511.555068083		
1484088227.03		510.397791716		508.366861465		512.709345104		
1484127145.95		511.425349611		509.385628955		513.795369899		
1484166064.86		512.433424761		510.38991614		514.878104984		
1484204983.78		513.448778123		511.389082012		515.955891009		
1484243902.7		514.451332181		512.372192263		516.985668217		
1484282821.62		515.381018507		513.280376766		517.953876597		
1484321740.54		516.280218723		514.154890616		518.915308085		
1484360659.46		517.169673715		515.029352366		519.815761807		
1484399578.38		518.082013969		515.925788313		520.763245162		
1484438497.3		518.999174615		516.822123796		521.725732058		
1484477416.22		519.958745951		517.747780716		522.695063572		
1484516335.14		520.818061894		518.594192869		523.584639906		
1484555254.05		521.670936433		519.426898309		524.471886021		
1484594172.97		522.50371797		520.247691409		525.342881537		
1484633091.89		523.312366339		521.040790419		526.183031263		
1484672010.81		524.147918097		521.848252989		527.061401877		
1484710929.73		525.000888587		522.683091708		527.935613351		
1484731511.0		525.444388034		523.128796141		528.408834798		
1484731512.0		525.444408767		523.128817045		528.408857327		
1484731513.0		525.444429501		523.128837949		528.408879857		
1484749848.65		525.807826955		523.494365129		528.80437778		
1484788767.57		417.001831314		415.158828814		419.424541346		
1484827686.49		417.63589702		415.78126431		420.084776311		
1484866605.41		418.272957151		416.405571255		420.737658999		
1484905524.32		418.933091841		417.057520441		421.404875273		
1484944443.24		419.566483739		417.681546458		422.062180966		
1484983362.16		502.055044914		499.791536262		505.063701611		
1485022281.08		502.867857767		500.598520896		505.905088839		
1485061200.0		503.64613652		501.365972918		506.723273207		
1485100118.92		504.407318428		502.120555631		507.543359763		
1485139037.84		505.170104555		502.871205749		508.351666311		
1485177956.76		505.922680791		503.609193291		509.142093105		
1485216875.68		504.160114232		501.834384561		507.405595734		
1485255794.59		490.755847025		488.493036684		493.941010328		
1485294713.51		478.411192655		476.189005952		481.589004818		
1485333632.43		475.165334677		472.940309487		478.329965159		
1485372551.35		477.138340865		474.891125689		480.341232982		
1485411470.27		479.067889258		476.795535443		482.299744317		
1485450389.19		402.590896123		400.662290169		405.310419344		
1485489308.11		404.213320175		402.261093658		406.965853688		
1485528227.03		405.814491192		403.845450379		408.603129824		
1485567145.95		407.361846318		405.373507622		410.184853535		
1485606064.86		408.8338765		406.823359477		411.688621254		
1485644983.78		410.27137869		408.237159822		413.148054325		
1485683902.7		411.704427246		409.643890827		414.607701609		
1485722821.62		413.083887222		411.00721915		416.018432118		
1485761740.54		414.42174313		412.330836382		417.389442607		
1485800659.46		415.727898095		413.61699312		418.729194112		
1485839578.38		479.003459974		476.547561732		482.494000711		
1485878497.3		480.41014204		477.905685722		483.937739484		
1485917416.22		481.770777686		479.219550869		485.331164834		
1485951099.0		482.954267597		480.36369617		486.526062776		
1485951100.0		482.954302605		480.363730454		486.526097935		
1485951101.0		482.954337614		480.363764737		486.526133094		
1485956335.14		475.292369305		473.004442201		477.522466782		
1485995254.05		447.88947776		441.007289695		454.339437635		
1486034172.97		450.216816727		443.794997893		456.440114271		
1486073091.89		462.746574644		456.469727218		468.648033367		
1486112010.81		465.450698612		459.428276684		470.94508357		
1486150929.73		468.055025094		462.314841545		473.263512233		
1486189848.65		470.565659405		465.206519224		475.529616554		
1486228767.57		472.92762532		467.879082241		477.743504265		
1486267686.49		475.289159273		470.504296929		479.74896994		
1486306605.41		477.566609076		473.059467268		481.699822372		
1486345524.32		479.795976667		475.510433653		483.67364396		
1486384443.24		481.898809363		477.828527907		485.551494607		
1486423362.16		483.981114037		480.076091988		487.369913529		
1486462281.08		486.024728381		482.382614596		489.211331506		
1486501200.0		488.029846586		484.659446321		491.071327617		
1486540118.92		489.888995774		486.698387246		492.817766361		
1486579037.84		491.743266001		488.661994612		494.593696291		
1486617956.76		493.500664482		490.53576919		496.248227829		
1486656875.68		495.221597414		492.268167971		497.856951352		
1486695794.59		496.82968672		494.017988355		499.382374972		
1486734713.51		498.405142726		495.636824696		500.926779798		
1486773632.43		499.87721451		497.211693127		502.489669422		
1486812551.35		501.373092243		498.797651515		504.03809042		
1486851470.27		502.826316129		500.27931331		505.610055881		
1486890389.19		504.334282189		501.769163977		507.09206075		
1486929308.11		505.860416889		503.302021714		508.600822898		
1486968227.03		507.323084892		504.657308421		509.991393706		
1487007145.95		508.693986456		506.055053479		511.426254472		
1487046064.86		510.052227379		507.366789181		512.811537963		
1487084983.78		511.354336656		508.633237285		514.233269071		
1487123902.7		512.611074824		509.922620588		515.563383049		
1487162821.62		513.911292643		511.198978576		516.94627466		
1487201740.54		515.244104443		512.448255242		518.30819219		
1487240659.46		516.532876122		513.731518807		519.626033987		
1487279578.38		518.622685116		515.771155388		521.821987955		
1487318497.3		519.744663367		516.903135973		523.034277863		
1487357416.22		520.856143512		517.95608322		524.149392964		
1487396335.14		521.938365975		518.996889381		525.247878054		
1487435254.05		522.990299338		519.993506996		526.333670562		
1487474172.97		523.991985468		520.989613134		527.300046018		
1487513091.89		525.09716425		522.021849801		528.323182243		
1487552010.81		526.171298979		523.029420876		529.210236731		
1487590929.73		527.213453865		524.032776806		530.119731561		
1487629848.65		528.218688792		525.030957388		531.029427278		
1487668767.57		529.203159334		526.038722547		531.923102271		
1487707686.49		530.182133722		527.03793473		532.814592916		
1487746605.41		531.087599955		528.027801435		533.610830612		
1487785524.32		532.015932156		529.006028703		534.491985826		
1487824443.24		532.952002486		530.018165197		535.318384705		
1487863362.16		533.853614639		530.987665828		536.055237374		
1487902281.08		534.661012264		531.833711576		536.847927157		
1487941200.0		535.423344403		532.763968882		537.552526143		
1487980118.92		536.046363027		533.552395386		538.135854831		
1488019037.84		536.678977482		534.235089901		538.765315611		
1488057956.76		537.328522677		534.977335128		539.410462287		
1488096875.68		537.947675843		535.616239589		540.012873051		
1488135794.59		538.552849491		536.26622482		540.633616185		
1488174713.51		539.058005235		536.803887569		541.144356252		
1488213632.43		539.674755751		537.452781187		541.717459039		
1488252551.35		540.292941213		538.089242217		542.280255548		
1488291470.27		540.800934808		538.662474369		542.81342504		
1488330389.19		541.294631147		539.184009861		543.277159169		
1488369308.11		541.757381614		539.621700428		543.730366831		
1488408227.03		542.249073711		540.076485107		544.275046974		
1488447145.95		542.77941224		540.593749056		544.778513546		
1488486064.86		543.219088826		541.046163874		545.298669121		
1488524983.78		543.631884378		541.460923475		545.739303752		
1488563902.7		544.116970178		541.925127559		546.272662034		
1488602821.62		544.511837334		542.314349367		546.663311387		
1488641740.54		544.938088611		542.715191081		547.072493153		
1488680659.46		545.250588156		543.002678417		547.410719708		
1488719578.38		545.513682219		543.270647762		547.740137434		
1488758497.3		544.078712548		541.817572349		546.317067041		
1488797416.22		544.593669114		542.332823641		546.872110664		
1488836335.14		545.162873816		542.844106898		547.481218758		
1488875254.05		545.696920376		543.350640941		548.016841398		
1488914172.97		546.206469536		543.828844056		548.542565167		
1488953091.89		546.65207822		544.298483802		549.014856139		
1488992010.81		547.157240442		544.787153313		549.511317059		
1489030929.73		547.64362729		545.263125492		550.005651762		
1489069848.65		548.130273788		545.727240198		550.509483267		
1489108767.57		549.518109739		547.125111218		551.936997025		
1489147686.49		549.902298572		547.486328906		552.344013308		
1489186605.41		550.264303322		547.841134995		552.724457061		
1489225524.32		550.630667365		548.193661875		553.092957175		
1489264443.24		551.106107748		548.624757957		553.579320579		
1489303362.16		551.49222831		549.012616822		553.9654947		
1489342281.08		551.847074627		549.347838832		554.318898339		
1489381200.0		552.118146291		549.640952295		554.607972276		
1489420118.92		552.337372286		549.866440256		554.818466313		
1489459037.84		552.621734893		550.155240964		555.108799206		
1489497956.76		552.843699219		550.379390958		555.326852043		
1489536875.68		553.082147753		550.630159256		555.55970423		
1489575794.59		553.327209547		550.881083744		555.813189867		
1489614713.51		553.591567839		551.148775224		556.095395616		
1489653632.43		553.845996966		551.400359337		556.351155428		
1489692551.35		554.016368889		551.579224098		556.522900732		
1489731470.27		554.140237857		551.733676233		556.641345873		
1489770389.19		554.402102316		552.011379912		556.912270775		
1489809308.11		554.612507123		552.234569036		557.106619824		
1489848227.03		554.767642294		552.408929544		557.251712866		
1489887145.95		554.849724631		552.498764956		557.327532827		
1489926064.86		554.994220806		552.658655214		557.467710641		
1489964983.78		555.057734568		552.740129209		557.517752399		
1490003902.7		555.228006052		552.918700234		557.686663645		
1490042821.62		555.373001088		553.070626377		557.851132282		
1490081740.54		555.493510802		553.211601113		557.970663516		
1490120659.46		555.640088624		553.387572757		558.109922414		
1490159578.38		555.763728214		553.517971548		558.218861516		
1490198497.3		555.862951058		553.624072454		558.306403226		
1490237416.22		555.968086006		553.755419712		558.390693436		
1490276335.14		556.181756274		554.008995292		558.603170395		
1490315254.05		556.325011275		554.176992817		558.732591574		
1490354172.97		556.42681843		554.307234892		558.823268637		
1490393091.89		556.530840715		554.438767056		558.935030428		
1490432010.81		556.704588563		554.6264622		559.084823222		
1490470929.73		556.83381487		554.769779817		559.190217405		
1490509848.65		556.975912364		554.907069807		559.287081514		
1490548767.57		557.100276745		555.045572672		559.389740083		
1490587686.49		557.211280587		555.178540012		559.480487434		
1490626605.41		557.339377022		555.307632418		559.601977359		
1490665524.32		557.552717361		555.537882678		559.813434744		
1490704443.24		557.757909861		555.765922466		560.040379542		
1490743362.16		557.873642445		555.900074231		560.146318753		
1490782281.08		558.059637426		556.098938622		560.314972243		
1490821200.0		558.354919583		556.371991215		560.607580909		
1490860118.92		558.570571371		556.583077676		560.798538716		
1490899037.84		558.731523491		556.760654878		560.954515488		
1490937956.76		558.870222385		556.936342697		561.089960559		
1490976875.68		559.108016961		557.182008694		561.304471804		
1491015794.59		559.374766278		557.462397645		561.546462418		
1491054713.51		559.674087593		557.775730845		561.842530333		
1491093632.43		559.97377537		558.092399473		562.110942851		
1491132551.35		560.148433299		558.275901609		562.24554441		
1491171470.27		560.336256235		558.472011407		562.398006938		
1491210389.19		560.428434726		558.582449495		562.464394155		
1491249308.11		560.568742917		558.720096355		562.610868318		
1491288227.03		560.728085366		558.884205692		562.791188542		
1491327145.95		560.960005715		559.09918447		562.983283519		
1491366064.86		561.17730669		559.335334958		563.186635293		
1491404983.78		561.352408088		559.528903601		563.30966377		
1491443902.7		561.519205807		559.689253044		563.447863579		
1491482821.62		561.68691361		559.867354612		563.588553995		
1491521740.54		560.087262294		558.278546476		561.974882727		
1491560659.46		560.260872489		558.444752534		562.133915849		
1491599578.38		560.497671272		558.679191918		562.382743343		
1491638497.3		560.721784391		558.899517		562.585480379		
1491677416.22		560.959899402		559.146613387		562.805076093		
1491716335.14		561.16183218		559.347423409		562.977746946		
1491755254.05		561.32000617		559.538637094		563.133380087		
1491794172.97		561.540552053		559.758298562		563.342073251		
1491833091.89		561.836722239		560.059100662		563.638601092		
1491872010.81		562.040303752		560.280421576		563.790402367		
1491910929.73		562.196142477		560.44414813		563.919064528		
1491949848.65		562.372668624		560.617325432		564.06969937		
1491988767.57		562.462316241		560.700031684		564.13959876		
1492027686.49		562.680686223		560.916023648		564.343326024		
1492066605.41		562.760773395		560.973524559		564.418711998		
1492105524.32		563.946495344		562.129519955		565.565494392		
1492144443.24		564.433418076		562.541927468		566.062118001		
1492183362.16		564.536142105		562.650600948		566.163676016		
1492222281.08		564.586384458		562.681685092		566.188728802		
1492261200.0		564.683872342		562.776195044		566.252715641		
1492300118.92		564.868269846		562.929285928		566.417188416		
1492339037.84		564.998732561		563.034986121		566.533693229		
1492377956.76		565.075554442		563.134982159		566.589463534		
1492416875.68		565.115058656		563.158916878		566.644466989		
1492455794.59		565.253154393		563.306325757		566.784814063		
1492494713.51		565.359966923		563.415839608		566.899814791		
1492533632.43		565.374371126		563.427476686		566.913942221		
1492572551.35		565.512954928		563.540043567		567.04148605		
1492611470.27		565.724153133		563.74985983		567.263076343		
1492650389.19		565.906721149		563.975111967		567.453879883		
1492689308.11		566.100074734		564.16725578		567.659764289		
1492728227.03		566.293701727		564.357091546		567.873284899		
1492767145.95		566.525629519		564.587449916		568.120443424		
1492806064.86		566.709435283		564.773585753		568.3257646		
1492844983.78		566.852119063		564.911193399		568.460126374		
1492883902.7		566.934456858		564.990618112		568.578607245		
1492922821.62		567.078096744		565.119362681		568.715672115		
1492961740.54		567.250442927		565.300820447		568.921908984		
1493000659.46		567.307534434		565.315610989		568.977643123		
1493039578.38		567.37375323		565.372078162		569.039083569		
1493078497.3		567.455189678		565.456833544		569.141151744		
1493117416.22		567.566325908		565.555436955		569.252146668		
1493156335.14		567.708381485		565.689037877		569.40859321		
1493195254.05		567.837271049		565.820726728		569.583640761		
1493234172.97		567.918566907		565.907622528		569.704236318		
1493273091.89		567.959121742		565.943629438		569.746045621		
1493312010.81		567.966316737		565.970244224		569.779006172		
1493350929.73		567.995593776		566.010999655		569.824751012		
1493389848.65		567.982386183		565.963992532		569.840473878		
1493428767.57		568.033952906		566.022073398		569.911210921		
1493467686.49		568.139282425		566.120663754		570.010251728		
1493506605.41		568.191122225		566.203280065		570.099055257		
1493545524.32		568.259194013		566.238571623		570.161248828		
1493584443.24		568.384228409		566.375863791		570.315967805		
1493623362.16		568.47428094		566.467057343		570.427948223		
1493662281.08		568.725967933		566.715463484		570.713196901		
1493701200.0		568.903866567		566.911052219		570.895412645		
1493740118.92		569.134967334		567.115981326		571.142977174		
1493779037.84		569.333580215		567.258880419		571.368889958		
1493817956.76		569.548193261		567.458815956		571.610796476		
1493856875.68		569.726221925		567.642961907		571.818029805		
1493895794.59		569.905042144		567.807811291		571.981177261		
1493934713.51		570.059129741		567.911220407		572.126073294		
1493973632.43		570.29641176		568.104180884		572.39317345		
1494012551.35		570.399210836		568.21471709		572.561091685		
1494051470.27		570.586429484		568.380453267		572.789642086		
1494090389.19		570.85136275		568.612856188		573.041602829		
1494129308.11		570.998665547		568.737777269		573.216842381		
1494168227.03		571.220373416		568.939710912		573.45021253		
1494207145.95		571.36707629		569.070659581		573.624377855		
1494246064.86		571.606753314		569.312936468		573.927111662		
1494284983.78		571.753548996		569.435229101		574.105165301		
1494323902.7		571.887260175		569.527917801		574.205330149		
1494362821.62		572.115478522		569.727774313		574.42417874		
1494401740.54		572.212579576		569.793115775		574.52653851		
1494440659.46		572.276796345		569.838734347		574.628423268		
1494479578.38		572.44555178		570.005959709		574.847364828		
1494518497.3		572.528166632		570.06416376		574.968853257		
1494557416.22		572.603777826		570.150300775		575.092230008		
1494596335.14		572.695646609		570.243023862		575.206439808		
1494635254.05		572.857704906		570.408556764		575.389629077		
1494674172.97		573.020652678		570.545611577		575.567595278		
1494713091.89		573.282444198		570.77339403		575.849292602		
1494752010.81		573.519185174		571.001615475		576.10944159		
1494790929.73		573.730662383		571.182055242		576.356791483		
1494829848.65		573.98552317		571.406815131		576.678453832		
1494868767.57		574.355413245		571.798720552		577.12678266		
1494907686.49		574.598462765		572.035600339		577.386680996		
1494946605.41		574.8895172		572.304438726		577.694586702		
1494985524.32		575.10734336		572.486723032		577.916569597		
1495024443.24		575.349625627		572.697880209		578.181300835		
1495063362.16		575.557205489		572.90000531		578.403373469		
1495102281.08		575.729177015		573.059240832		578.616815495		
1495141200.0		575.906481634		573.216465268		578.815564743		
1495180118.92		576.145806529		573.450133384		579.089112951		
1495219037.84		576.342929638		573.607799283		579.289104267		
1495257956.76		576.585226501		573.802487037		579.530871105		
1495296875.68		576.763343764		573.936438583		579.740449608		
1495335794.59		577.013016396		574.142198246		580.023945419		
1495374713.51		577.248048889		574.342081589		580.297927081		
1495413632.43		577.501169515		574.571556584		580.590856675		
1495452551.35		577.686899392		574.73793945		580.815903495		
1495491470.27		577.881246655		574.903032987		581.029637584		
1495530389.19		578.096033277		575.084022009		581.255329736		
1495569308.11		578.310480458		575.270384388		581.500242995		
1495608227.03		578.596036769		575.5152171		581.791035323		
1495647145.95		578.842142945		575.737477881		582.074930288		
1495686064.86		579.007818793		575.860606989		582.260207353		
1495724983.78		579.089551818		575.887262317		582.352956197		
1495763902.7		579.145827115		575.896396934		582.424824875		
1495802821.62		579.325192598		576.051109456		582.638350966		
1495841740.54		579.485974547		576.19115514		582.847494597		
1495880659.46		579.742470285		576.423856804		583.150495		
1495919578.38		579.982081439		576.631397206		583.445098621		
1495958497.3		580.25106808		576.887452297		583.797627759		
1495997416.22		580.532658543		577.13402317		584.130449915		
1496036335.14		580.817184182		577.357485725		584.415293758		
1496075254.05		581.027228037		577.567591558		584.676487818		
1496114172.97		581.157258701		577.708317229		584.871829316		
1496153091.89		581.371678807		577.901476354		585.105594471		
1496192010.81		581.552583432		578.047127169		585.307735167		
1496230929.73		581.762452877		578.212157044		585.526872507		
1496269848.65		581.812271644		578.239326613		585.618586384		
1496308767.57		581.877226417		578.295501977		585.756369555		
1496347686.49		582.766663552		579.175058936		586.700176761		
1496386605.41		582.872136485		579.228125096		586.827925326		
1496425524.32		582.91530944		579.237418765		586.911896705		
1496464443.24		582.988575495		579.289198539		587.033620585		
1496503362.16		583.139848175		579.405650219		587.214603213		
1496542281.08		583.205357016		579.427716938		587.306281879		
1496581200.0		583.269993864		579.468390085		587.397090767		
1496620118.92		583.30679889		579.470761022		587.450383594		
1496659037.84		583.372140733		579.492464124		587.531903276		
1496685599.0		516.805456939		508.547146689		524.335866534		
1496685600.0		516.788973259		508.529285192		524.321523579		
1496685601.0		516.789058528		508.529382047		524.321598559		
1496697956.76		517.826858201		509.655294302		525.233526459		
1496736875.68		520.809480126		513.058374156		527.943714243		
1496775794.59		523.739164948		516.330810387		530.637537317		
1496814713.51		526.600284168		519.338585651		533.233108989		
1496853632.43		529.164460388		522.328591857		535.574786231		
1496892551.35		531.795583734		525.248313176		537.79540828		
1496931470.27		534.189567807		528.100852012		539.913868789		
1496970389.19		536.628287521		530.903968379		542.050716244		
1497009308.11		539.013526919		533.393484611		544.170622366		
1497048227.03		541.228514653		535.760765443		546.212630269		
1497087145.95		543.350109429		538.199840332		548.109813195		
1497126064.86		545.329462212		540.535489385		549.942605056		
1497164983.78		547.294844199		542.761480334		551.75826618		
1497203902.7		549.204367155		544.867759747		553.486490872		
1497242821.62		551.029686197		546.750480577		555.138357007		
1497281740.54		552.758312841		548.511130793		556.875785317		
1497320659.46		554.452800775		550.179917866		558.407228583		
1497359578.38		556.049572087		551.918285417		559.886186123		
1497398497.3		557.626769624		553.406969069		561.345060517		
1497437416.22		559.002647391		554.93711939		562.657525037		
1497476335.14		560.27657184		556.26056068		563.926752725		
1497515254.05		561.561605484		557.535352851		565.239479378		
1497554172.97		562.891571588		558.779422792		566.480209127		
1497593091.89		564.106464952		559.959842456		567.756599339		
1497632010.81		565.265216056		561.122833659		568.932101643		
1497670929.73		566.338034391		562.203245746		570.099177718		
1497709848.65		567.366214128		563.342732039		571.198389026		
1497748767.57		568.345822786		564.447814598		572.263533733		
1497787686.49		569.375779124		565.39063961		573.332931677		
1497826605.41		570.312510037		566.242189555		574.371592379		
1497865524.32		571.207016125		567.021466148		575.364963651		
1497904443.24		572.089408226		567.872077396		576.223505858		
1497943362.16		572.916692172		568.694475306		577.077578647		
1497982281.08		573.763003121		569.447397012		577.996667747		
1498021200.0		574.569404479		570.127733135		578.815767292		
1498060118.92		575.291286703		570.814676606		579.696216103		
1498099037.84		575.99109265		571.491554275		580.450736774		
1498137956.76		576.73969114		572.178611157		581.176476448		
1498176875.68		577.401039149		572.826869803		581.956945346		
1498215794.59		578.096839817		573.465954226		582.784797161		
1498254713.51		578.659126095		574.066699807		583.506960764		
1498293632.43		579.257339114		574.649836788		584.184768705		
1498332551.35		579.836129999		575.175953914		584.861276686		
1498371470.27		580.411948686		575.636284468		585.520998985		
1498410389.19		580.954706076		576.131662801		586.154780294		
1498449308.11		581.504180054		576.605853762		586.78131738		
1498488227.03		582.017948916		577.095750885		587.398818069		
1498527145.95		582.501765062		577.545598818		587.999655751		
1498566064.86		583.005911773		577.877509061		588.513446213		
1498604983.78		583.481110965		578.375981038		589.025332789		
1498643902.7		583.9458627		578.77946236		589.545793309		
1498682821.62		584.362013679		579.181175225		590.00808193		
1498721740.54		584.80425708		579.578120816		590.463241744		
1498760659.46		585.229776484		579.939406545		590.928972133		
1498799578.38		585.635352222		580.334125806		591.391853085		
1498838497.3		586.017775765		580.673027248		591.833468734		
1498877416.22		586.394961466		580.990521524		592.268548106		
1498916335.14		586.774249715		581.328512753		592.716738374		
1498955254.05		587.138449751		581.655282922		593.162512072		
1498994172.97		587.498752722		581.974315994		593.597787244		
1499033091.89		587.855727919		582.281820699		594.019001117		
1499072010.81		588.209195265		582.593591034		594.427665477		
1499110929.73		588.58018351		582.905304482		594.822040628		
1499149848.65		588.927836328		583.214968068		595.20023592		
1499188767.57		589.274860055		583.51757015		595.566576868		
1499227686.49		589.608987442		583.813869868		595.924635468		
1499266605.41		589.928760532		584.106851636		596.265013831		
1499305524.32		590.244006551		584.401263801		596.6006107		
1499344443.24		590.566976383		584.670166701		596.947389119		
1499383362.16		590.873127062		584.929509487		597.31212712		
1499422281.08		591.175207921		585.176081496		597.666830779		
1499461200.0		591.473435786		585.427548897		598.006283235		
1499500118.92		591.76801047		585.686944952		598.34201212		
1499539037.84		592.056518071		585.955747903		598.672759303		
1499577956.76		592.34018618		586.199032993		599.002873909		
1499616875.68		592.631760793		586.450401452		599.339068375		
1499655794.59		592.914458403		586.702456868		599.668499194		
1499694713.51		593.197321847		586.950237123		599.964673403		
1499733632.43		593.469151868		587.163166281		600.270039999		
1499772551.35		593.743147654		587.373761112		600.580695674		
1499811470.27		594.016293312		587.582147579		600.894733576		
1499850389.19		594.286941947		587.806762505		601.201543458		
1499889308.11		594.55163794		588.029043576		601.509328721		
1499928227.03		594.817040983		588.248962354		601.813172722		
1499967145.95		595.080587291		588.466649396		602.115205072		
1500006064.86		595.342381259		588.6812168		602.414365095		
1500044983.78		595.60252196		588.892511178		602.707505286		
1500083902.7		595.85790627		589.101994913		602.998875108		
1500122821.62		596.113068787		589.311732868		603.288574745		
1500161740.54		596.370970129		589.520059649		603.576704052		
1500200659.46		596.618123375		589.726807452		603.863355087		
1500239578.38		596.868838144		589.932063878		604.15301853		
1500278497.3		597.117987592		590.138253419		604.445827148		
1500317416.22		597.365659321		590.343114326		604.737068258		
1500356335.14		597.608502321		590.544614438		605.026837025		
1500395254.05		597.842702611		590.744533421		605.315221938		
1500434172.97		598.074214337		590.943327926		605.606495553		
1500473091.89		598.305695743		591.1410117		605.896448281		
1500512010.81		598.534549907		591.337604725		606.183231029		
1500550929.73		598.763480285		591.533296713		606.469038742		
1500589848.65		599.00005489		591.728140919		606.746441842		
1500628767.57		599.25380877		591.919450625		607.01364017		
1500667686.49		599.506875588		592.111268715		607.291286143		
1500706605.41		599.755490394		592.303403451		607.57282993		
1500745524.32		599.998110758		592.495888905		607.852791752		
1500784443.24		600.235079008		592.688102493		608.128380855		
1500823362.16		600.457647258		592.88061869		608.403713073		
1500862281.08		600.677733147		593.072014574		608.68058837		
1500901200.0		600.91563444		593.261479196		608.956823081		
1500940118.92		601.155697498		593.450436486		609.23246101		
1500979037.84		601.395251203		593.64363435		609.507546367		
1501017956.76		601.627608873		593.833714373		609.782119718		
1501056875.68		601.860472537		594.024645794		610.056219542		
1501095794.59		602.092973267		594.215997621		610.329882339		
1501134713.51		602.325138072		594.418833891		610.603142022		
1501173632.43		602.559774796		594.607638038		610.87603195		
1501212551.35		602.798769654		594.788526221		611.14858357		
1501251470.27		603.03753162		594.974432784		611.420826427		
1501290389.19		603.276384502		595.158036185		611.692788553		
1501329308.11		603.518959677		595.342658713		611.964496213		
1501368227.03		603.758621494		595.529622648		612.235929944		
1501407145.95		603.99417301		595.716436761		612.50609031		
1501446064.86		604.227019488		595.90311465		612.77608255		
1501484983.78		604.451458017		596.089682119		613.045927425		
1501523902.7		604.675713047		596.276871633		613.315644548		
1501562821.62		604.909919631		596.464279432		613.585252242		
1501601740.54		605.140801849		596.652892504		613.85476874		
1501640659.46		605.371595603		596.841442682		614.124210863		
1501679578.38		605.602314434		597.028721879		614.393594574		
1501718497.3		605.832971194		597.214058577		614.66293502		
1501757416.22		606.063577778		597.399343724		614.93224623		
1501796335.14		606.294146039		597.585158218		615.201542178		
1501835254.05		606.524687009		597.771875638		615.470835874		
1501874172.97		606.754391625		597.958572162		615.740139606		
1501913091.89		606.976349474		598.14525485		616.009465042		
1501952010.81		607.201752602		598.33193029		616.278823079		
1501990929.73		607.429017905		598.518604883		616.548224304		
1502029848.65		607.65290088		598.705284746		616.81767884		
1502068767.57		607.881406795		598.891975607		617.087196165		
1502107686.49		608.113750698		599.0786829		617.356785281		
1502146605.41		608.346140456		599.265411744		617.62645467		
1502185524.32		608.578392758		599.452166985		617.896212366		
1502224443.24		608.808922822		599.638953383		618.164317742		
1502263362.16		609.035849691		599.825775352		618.432117557		
1502302281.08		609.262831718		600.012637086		618.700034144		
1502341200.0		609.489874826		600.199542564		618.968073592		
