1463461200.0		6.27665450156		3.3277311898		30.0175047162		
1463515949.55		2.9489433513		2.9068893513		3.01178136822		
1463570699.1		3.15050881063		3.11369198697		3.19232463376		
1463625448.65		3.36560350651		3.32652186857		3.4103239891		
1463680198.2		3.59699712704		3.55541429636		3.64430816152		
1463734947.75		3.88282075103		3.83804103496		3.93270531093		
1463789697.3		4.14945454649		4.10175381121		4.20233926327		
1463844446.85		4.45993544292		4.40830678108		4.51649225461		
1463899196.4		4.79173976071		4.73565188666		4.85286950858		
1463953945.95		5.12903231032		5.0696184161		5.19418742481		
1464008695.5		5.52876662736		5.46457194042		5.59887509475		
1464063445.05		5.81401720548		5.74639426634		5.88772162391		
1464118194.59		6.08762109097		6.01616551361		6.16357047968		
1464172944.14		6.58804233711		6.51105213887		6.67042408989		
1464227693.69		7.01053073555		6.92867118534		7.09770165756		
1464282443.24		7.42373573274		7.33814970387		7.51607352446		
1464337192.79		7.93128591932		7.83948287289		8.03013547203		
1464391942.34		8.42836861039		8.33147638276		8.53395459159		
1464446691.89		8.97414927398		8.87231561351		9.08809190443		
1464501441.44		9.56235542246		9.45450816562		9.68331463705		
1464556190.99		10.1543614072		10.0397644769		10.2822302807		
1464610940.54		10.8139888123		10.6920463836		10.9495158727		
1464665690.09		11.4873713203		11.3576930507		11.6305879767		
1464720439.64		12.192592894		12.0551417016		12.3426834269		
1464775189.19		13.007944655		12.8619348798		13.1667168439		
1464829938.74		13.767523191		13.6143789934		13.9342605766		
1464884688.29		14.6390047094		14.4760760323		14.815515824		
1464939437.84		15.5555638079		15.383121238		15.7423330785		
1464994187.39		16.4175535883		16.2349046956		16.6133865312		
1465048936.94		17.4175658157		17.2264152769		17.6266621154		
1465103686.49		18.8352972589		18.6317009665		19.0621475445		
1465158436.04		20.604753497		20.3860831793		20.8542735893		
1465213185.59		22.5131762599		22.2751050068		22.7861834677		
1465267935.14		24.468596841		24.2122405168		24.7625152904		
1465322684.68		26.7378273786		26.462002965		27.056406229		
1465377434.23		29.1839402895		28.8900978311		29.5279575368		
1465432183.78		31.8036889818		31.489458381		32.1777101772		
1465486933.33		34.6077042718		34.2699113759		35.0123724178		
1465541682.88		37.6090325843		37.2495079129		38.0401467498		
1465596432.43		40.810083624		40.4180607236		41.2667795624		
1465651181.98		44.2232432199		43.7988113564		44.7083470267		
1465705931.53		47.8530757625		47.3957148096		48.3781172869		
1465760681.08		51.7070443924		51.2141614386		52.2766596282		
1465815430.63		55.7834708573		55.2557365584		56.3937083052		
1465870180.18		60.0708114249		59.5087531573		60.7201009197		
1465924929.73		64.4954332613		63.8920751817		65.1606650822		
1465937519.0		65.5393875753		64.9313504322		66.2113589737		
1465937520.0		65.5394716272		64.931433952		66.2114441501		
1465937521.0		65.5395556793		64.931517472		66.2115293266		
1465979679.28		34.5139357832		33.6109804065		35.7314078596		
1466034428.83		35.1588666841		34.3083836491		36.171497198		
1466089178.38		36.2564028028		35.4106073935		37.2765870279		
1466143927.93		37.3808139239		36.5314805365		38.4301355028		
1466198677.48		38.5302169538		37.6730240147		39.6014960487		
1466253427.03		39.7066904469		38.8301475034		40.7983695739		
1466308176.58		40.8841169933		39.9984225352		41.9968397613		
1466362926.13		42.0791832606		41.1829624455		43.1966320721		
1466417675.68		43.2898586069		42.3858538792		44.4145460939		
1466472425.23		44.5209286844		43.6026042886		45.6536703541		
1466527174.77		45.7738694757		44.8511693068		46.9174946366		
1466581924.32		49.0701737001		48.1029440198		50.2817769323		
1466636673.87		52.8512350027		51.8360032623		54.1133780808		
1466691423.42		56.8525081407		55.7710052017		58.1800327016		
1466746172.97		61.0698305957		59.9228445001		62.471505423		
1466800922.52		65.5066282263		64.2997280234		66.9703794657		
1466855672.07		70.1487892001		68.8827013145		71.6922056362		
1466910421.62		75.0075689716		73.6594833397		76.6083637919		
1466965171.17		80.0678462452		78.6718931156		81.7250102511		
1467019920.72		85.3482238886		83.9129933517		87.0716382123		
1467074670.27		90.7979350267		89.3167914087		92.5798290301		
1467129419.82		88.9421023563		87.5117988305		90.6255514273		
1467184169.37		102.141899553		100.545193607		103.989209348		
1467238918.92		108.10364103		106.455831324		110.017571668		
1467293668.47		106.787574267		105.197388529		108.645368959		
1467348418.02		120.249368665		118.446259572		122.255794489		
1467403167.57		126.480906022		124.640306081		128.550842528		
1467457917.12		132.759046268		130.895653759		134.874007847		
1467512666.67		139.04402901		137.144324987		141.171912908		
1467567416.22		145.329299434		143.335881929		147.52173344		
1467622165.77		151.581831968		149.433132032		153.851554423		
1467676915.32		157.821580244		155.548488684		160.146528581		
1467731664.86		164.018160998		161.64153148		166.315910496		
1467786414.41		170.122615872		167.648317107		172.41640803		
1467841163.96		176.065611441		173.518826007		178.383213021		
1467895913.51		181.896883639		179.303326061		184.186166197		
1467950663.06		187.729474073		185.098582938		190.016215792		
1468005412.61		193.152107112		190.345164664		195.455433335		
1468060162.16		198.480090545		195.594334595		200.805399162		
1468114911.71		203.627754255		200.610249691		205.969889363		
1468169661.26		208.593914445		205.454305225		210.966926647		
1468224410.81		213.365988886		210.129590917		215.73843229		
1468279160.36		217.957418333		214.528137372		220.349607569		
1468333909.91		222.385300377		218.866929689		224.787810357		
1468388659.46		226.534591026		222.956619094		228.966765423		
1468443409.01		230.511488678		226.785927856		232.989069704		
1468498158.56		250.827013055		246.667728419		253.515154687		
1468552908.11		254.556745047		250.272465165		257.267785084		
1468597799.0		257.478242402		253.041879335		260.224860195		
1468597800.0		257.478305703		253.041938427		260.224923916		
1468597801.0		257.478369003		253.041997519		260.224987637		
1468607657.66		166.08170418		158.768324083		179.739372038		
1468662407.21		137.876982598		134.125977112		143.461388315		
1468717156.76		144.190643527		140.513247985		148.987878464		
1468771906.31		150.990342714		147.347296391		155.588284739		
1468826655.86		157.8180634		154.238654531		162.310085084		
1468881405.41		164.623442019		161.076741231		168.907144256		
1468936154.95		171.411349808		167.852026226		175.410217019		
1468990904.5		176.266733065		172.792534929		179.946671802		
1469045654.05		182.943327871		179.60673832		186.269166804		
1469100403.6		189.642983883		186.38943234		192.746146253		
1469155153.15		196.105545848		193.005101055		199.03624579		
1469209902.7		182.07858195		179.430003814		184.465234607		
1469264652.25		187.335030044		184.753418431		189.448128361		
1469319401.8		192.221651175		189.884211936		194.259010382		
1469374151.35		197.010671803		194.853159104		198.949754734		
1469428900.9		201.632591526		199.637634888		203.529051536		
1469483650.45		206.023928983		204.195963603		207.932286023		
1469538400.0		210.292079745		208.493351319		212.206914526		
1469593149.55		205.078136731		203.342484016		206.897254276		
1469647899.1		208.830581935		207.077494375		210.626432867		
1469702648.65		212.439184504		210.545667261		214.23980695		
1469757398.2		220.929049713		218.80429723		222.717880034		
1469812147.75		224.285242025		222.037205986		226.030595532		
1469866897.3		241.488682456		238.91606507		243.381163018		
1469921646.85		244.729175226		242.039292661		246.656608257		
1469976396.4		247.812224065		244.855094345		249.70024582		
1470031145.95		250.667659167		247.439430064		252.609730556		
1470085895.5		237.994543004		234.835679223		239.854670768		
1470140645.05		256.002695466		252.480290869		257.980841155		
1470195394.59		240.242862716		236.87956242		242.048747982		
1470250144.14		242.615003967		239.325524435		244.400078378		
1470304893.69		244.900554403		241.677918709		246.678008895		
1470359643.24		246.539274208		243.23482112		248.308986617		
1470414392.79		248.763450074		245.565770562		250.52768318		
1470469142.34		250.696070786		247.604176848		252.444706802		
1470523891.89		249.752231932		246.815884172		251.499868203		
1470578641.44		251.554716031		248.695547192		253.310429093		
1470633390.99		253.345573074		250.536690584		255.104735136		
1470688140.54		255.047019021		252.294433712		256.830486043		
1470742890.09		276.12914415		273.185149683		278.042991634		
1470797639.64		277.527467876		274.714760983		279.42224702		
1470852389.19		277.766473275		274.972110926		279.677975334		
1470907138.74		277.855853873		275.128071965		279.800993789		
1470961888.29		278.15386895		275.62630546		280.030747736		
1471016637.84		278.690577837		276.509854051		280.477831835		
1471071387.39		279.325012971		277.350295818		280.980020411		
1471126136.94		279.883369963		278.174834419		281.445181251		
1471180886.49		280.457350945		278.918831151		282.037825427		
1471235636.04		281.083324327		279.702372889		282.528017243		
1471290385.59		281.652250215		280.337607347		283.054507999		
1471345135.14		282.261087307		280.880985508		283.59476557		
1471399884.68		282.801768387		281.359203464		284.267651168		
1471454634.23		283.303053254		281.731892831		284.957635837		
1471509383.78		283.929558297		282.224309396		285.768463692		
1471564133.33		284.452539507		282.713090194		286.358076899		
1471618882.88		284.952748754		283.164560401		286.971379507		
1471673632.43		285.417953089		283.614602354		287.546579806		
1471728381.98		285.870733081		284.038706647		288.127054241		
1471783131.53		286.297153504		284.417924022		288.664010679		
1471837881.08		286.765107759		284.860741409		289.290025317		
1471879999.0		287.23617132		285.28926836		289.881896677		
1471880000.0		287.236196562		285.289292822		289.881923249		
1471880001.0		287.236221804		285.289317284		289.881949821		
1471892630.63		287.866135282		286.029562588		290.256662982		
1471947380.18		274.050322992		272.731107439		275.572776554		
1472002129.73		261.201007347		259.825653295		262.643749971		
1472056879.28		246.60333616		244.777367614		248.199126575		
1472111628.83		240.029659907		238.099732879		241.733550511		
1472166378.38		231.388753734		229.576353862		233.091643267		
1472221127.93		206.983294248		205.38799272		208.551430829		
1472275877.48		216.052666654		214.442667811		217.733665732		
1472330627.03		209.263547759		207.624520638		210.932702983		
1472385376.58		202.985447654		201.369642247		204.56919176		
1472440126.13		197.104653415		195.591154818		198.693072803		
1472494875.68		191.643666693		190.1614026		193.135812958		
1472549625.23		186.508468406		185.05090304		187.98806181		
1472604374.77		181.699055322		180.24496806		183.14393		
1472659124.32		177.166900158		175.72242396		178.624560325		
1472713873.87		172.896082485		171.460219877		174.26516716		
1472768623.42		168.869977523		167.432756919		170.18195067		
1472799999.0		166.611188474		165.216092867		167.97856466		
1472800000.0		166.611122868		165.216023264		167.978496417		
1472800001.0		166.611057262		165.215953661		167.978428174		
1472823372.97		164.779191654		163.433435859		166.090960292		
1472878122.52		168.159518218		166.87068199		169.457320097		
1472932872.07		174.468058011		173.200981729		175.780117455		
1472987621.62		180.751060854		179.532725314		182.0366371		
1473042371.17		186.935926148		185.73654729		188.219245681		
1473097120.72		193.269153272		192.143004511		194.5598089		
1473151870.27		199.294583675		198.149555319		200.558484732		
1473206619.82		205.311752417		204.157209244		206.578862126		
1473261369.37		211.274273673		210.082701566		212.490080073		
1473316118.92		217.069208932		215.852069993		218.312464191		
1473370868.47		222.712767573		221.464191789		223.962458649		
1473425618.02		228.130481196		226.881230952		229.423084097		
1473480367.57		233.43865875		232.149585029		234.799770671		
1473535117.12		238.623025189		237.320928981		240.05736648		
1473589866.67		243.638256743		242.292496465		245.189736212		
1473644616.22		248.470743412		247.116103549		250.083038872		
1473699365.77		253.198756986		251.8457091		254.93769888		
1473754115.32		257.754062213		256.398481871		259.576854712		
1473808864.86		262.509306102		261.164117169		264.352021179		
1473863614.41		266.97693288		265.688785567		268.556805505		
1473918363.96		270.738728395		269.415569519		272.031111263		
1473973113.51		274.670047676		273.342564859		276.156376693		
1474027863.06		278.480720134		277.159260164		280.062340429		
1474082612.61		273.345942293		272.051283305		274.926479165		
1474137362.16		276.786026228		275.457493171		278.368208453		
1474192111.71		280.132892692		278.788084061		281.725475563		
1474246861.26		283.327821758		281.973174112		284.953128825		
1474301610.81		286.388112463		285.033101549		287.980818022		
1474356360.36		289.347244642		287.958578852		290.926739139		
1474411109.91		290.139398546		288.766460488		291.702919821		
1474465859.46		292.925192558		291.561455361		294.52282832		
1474520609.01		294.394807419		293.048389421		295.978985761		
1474575358.56		297.490490117		296.12830334		299.08800526		
1474630108.11		300.49305732		299.121423807		302.115668606		
1474684857.66		298.575073367		297.231516568		300.226730826		
1474739607.21		300.999417821		299.643586803		302.692648606		
1474794356.76		303.291793439		301.932607524		305.022226173		
1474849106.31		305.475174566		304.096360853		307.20558278		
1474903855.86		312.346577722		310.950805624		314.107370371		
1474958605.41		309.487386094		308.082771385		311.250300747		
1475013354.95		311.384704955		309.972700783		313.17913424		
1475068104.5		313.20897609		311.761783423		315.005446691		
1475122854.05		315.235864408		313.788702287		317.045648966		
1475177603.6		332.503510603		330.959328775		334.426298799		
1475179999.0		317.017091902		315.545450616		318.842995085		
1475180000.0		317.016808331		315.545170229		318.842701614		
1475180001.0		317.016524761		315.544889841		318.842408144		
1475232353.15		301.673563835		300.470669125		302.948645666		
1475287102.7		276.831591897		275.872859876		278.059077487		
1475341852.25		272.504919299		271.460144483		273.516204372		
1475396601.8		266.37030338		265.016011756		267.569902743		
1475451351.35		262.782828584		261.202488536		264.228639625		
1475506100.9		259.465105895		257.664344929		261.115111196		
1475560850.45		253.448629325		251.325597575		255.204462029		
1475615600.0		249.986573237		247.500093067		251.895653355		
1475670349.55		249.480255928		246.726653709		251.573614322		
1475679999.0		248.993439743		246.21800434		251.128010426		
1475680000.0		248.993615321		246.218180409		251.128186861		
1475680001.0		248.993790898		246.218356477		251.128363296		
1475725099.1		256.932458187		254.189580396		259.021870863		
1475779848.65		266.192192118		263.601730487		268.275670592		
1475834598.2		275.418944431		273.067465638		277.474438093		
1475889347.75		283.940046144		281.727573839		285.977345365		
1475944097.3		291.596841459		289.584540603		293.553402435		
1475998846.85		299.105226027		297.205579294		300.947889694		
1476053596.4		306.276272006		304.489625081		308.049415422		
1476108345.95		313.234235221		311.565131071		314.893015995		
1476163095.5		319.919915248		318.370800808		321.516117831		
1476217845.05		326.36632168		324.944958085		327.928318497		
1476272594.59		332.530165449		331.227770837		334.047763608		
1476327344.14		338.023925785		336.777201044		339.496165698		
1476382093.69		342.70282523		341.500306719		344.130414716		
1476436843.24		347.726233593		346.474824309		349.096006402		
1476491592.79		352.474908555		351.2378089		353.853914717		
1476546342.34		357.466696309		356.207421993		358.889938183		
1476601091.89		362.196039225		360.924538027		363.69191558		
1476655841.44		366.707885904		365.470775493		368.209694915		
1476710590.99		370.968889117		369.708993809		372.484448444		
1476765340.54		375.037274634		373.750838473		376.546008999		
1476820090.09		378.82661534		377.559111158		380.383881768		
1476874839.64		382.494664177		381.211426853		384.024678884		
1476929589.19		385.904851034		384.637756722		387.449472436		
1476984338.74		388.984475387		387.698114211		390.526197387		
1477039088.29		391.511383557		390.213619475		393.049410831		
1477093837.84		393.882874089		392.526309925		395.425677183		
1477148587.39		396.161182255		394.801269494		397.730098837		
1477203336.94		398.337446319		396.93565819		399.912602386		
1477258086.49		400.397598421		399.009375153		402.009965941		
1477312836.04		402.377663987		400.948940447		403.987018446		
1477367585.59		404.227624692		402.791647068		405.858937843		
1477422335.14		406.010081169		404.590377912		407.688465518		
1477477084.68		407.711211175		406.277704012		409.417771605		
1477531834.23		409.355802536		407.926695762		411.107102502		
1477586583.78		410.789802393		409.339990929		412.553992653		
1477641333.33		412.431364032		410.972085431		414.23175558		
1477696082.88		413.865719022		412.37398615		415.691211668		
1477750832.43		415.276834901		413.740551587		417.099096348		
1477805581.98		416.642051953		415.1062155		418.448515254		
1477860331.53		417.960686309		416.409389591		419.770487324		
1477915081.08		419.217359022		417.66010231		421.04084783		
1477969830.63		420.443384732		418.897493759		422.27230513		
1478024580.18		421.643255728		420.07219341		423.450462604		
1478079329.73		422.802975139		421.222113259		424.623055601		
1478134079.28		423.929008031		422.353827291		425.773652805		
1478188828.83		425.050898055		423.488813735		426.904320774		
1478243578.38		426.13323278		424.575247228		427.99811185		
1478298327.93		427.221271762		425.655815207		429.093209277		
1478353077.48		428.282822578		426.703249878		430.15267969		
1478407827.03		429.337292319		427.740100504		431.208674126		
1478462576.58		430.326796762		428.725047272		432.215766141		
1478517326.13		431.328815684		429.699460304		433.269870269		
1478572075.68		432.328801486		430.694985398		434.288006487		
1478626825.23		433.310126897		431.674658579		435.275268292		
1478681574.77		434.284578741		432.63859844		436.258710506		
1478736324.32		435.237356217		433.592285145		437.252460133		
1478791073.87		436.182287891		434.558228		438.207232906		
1478845823.42		437.117998835		435.505777287		439.154405448		
1478900572.97		438.057942743		436.456608039		440.084429533		
1478955322.52		438.9951941		437.389673155		441.027991033		
1479010072.07		439.915316614		438.303161376		441.960899378		
1479064821.62		440.838686102		439.229053707		442.894465727		
1479119571.17		441.760903152		440.13138867		443.806248843		
1479174320.72		442.678696987		441.050854412		444.712904064		
1479229070.27		443.584169066		441.974692267		445.607437688		
1479283819.82		444.47539746		442.868122823		446.449743309		
1479338569.37		445.370961148		443.785085747		447.343821712		
1479393318.92		446.267132125		444.68393903		448.247384724		
1479448068.47		447.161212684		445.587349997		449.16212173		
1479502818.02		448.06504798		446.505412737		450.089297889		
1479557567.57		448.950131877		447.397986974		450.971161845		
1479612317.12		449.847221073		448.300284033		451.86598217		
1479667066.67		450.720357092		449.18367377		452.699814626		
1479721816.22		451.600904207		450.087623485		453.599418827		
1479772378.0		439.728132462		438.256888734		441.654103731		
1479772379.0		439.728151803		438.256908043		441.654123292		
1479772380.0		439.728171145		438.256927351		441.654142852		
1479776565.77		410.732459232		406.518535751		416.174747051		
1479831315.32		360.35052033		355.566419588		365.505232434		
1479886064.86		376.410037367		371.63175021		381.492569326		
1479940814.41		382.277183781		377.774991846		387.055873591		
1479995563.96		387.960659213		383.699059114		392.39849916		
1480050313.51		393.347519928		389.392066075		397.535714045		
1480105063.06		398.450513267		394.739233928		402.483707925		
1480159812.61		403.336402834		399.829629446		407.174721606		
1480214562.16		408.053161787		404.725432316		411.619559631		
1480269311.71		412.472540797		409.403417605		415.822192423		
1480324061.26		416.710186206		413.815691294		419.807463593		
1480344348.0		417.906061757		415.028322895		420.905934714		
1480344349.0		417.906009127		415.02827897		420.905873231		
1480344350.0		417.905956497		415.028235045		420.905811748		
1480378810.81		415.946841165		413.408429343		418.829972521		
1480433560.36		413.009682167		410.671486154		415.397246321		
1480488309.91		410.355715769		408.221302712		412.546010929		
1480543059.46		407.96814439		405.85901928		410.243036234		
1480597809.01		405.83569297		403.55757735		408.317206864		
1480652558.56		403.872475751		401.502094876		406.571288185		
1480707308.11		402.087182877		399.460344041		405.035086576		
1480762057.66		400.429699467		397.595330301		403.784377594		
1480816807.21		398.991345048		396.001082468		402.658214313		
1480871556.76		397.697454515		394.464952214		401.580762283		
1480926306.31		396.744325466		393.346742937		400.885529935		
1480926699.0		396.784659806		393.388596614		400.924491282		
1480926700.0		396.784762528		393.388703206		400.924590507		
1480926701.0		396.784865251		393.388809798		400.924689733		
1480981055.86		402.461601549		399.225377863		406.369140987		
1481035805.41		407.99332894		404.917509104		411.657789485		
1481090554.95		413.224519593		410.301787539		416.594310027		
1481145304.5		418.242971567		415.448451477		421.389772645		
1481200054.05		423.022743168		420.401337371		425.960663048		
1481254803.6		427.529361336		425.076693949		430.250278127		
1481309553.15		431.796764394		429.495109455		434.344255522		
1481364302.7		435.811177733		433.609500899		438.200867469		
1481419052.25		439.617929656		437.526380214		441.893028376		
1481473801.8		443.297275635		441.316162341		445.520349567		
1481528551.35		446.688313617		444.8331521		448.89217802		
1481583300.9		449.80814125		448.00630047		451.910674615		
1481638050.45		452.415405529		450.699833348		454.437835098		
1481692800.0		454.914546034		453.197210271		456.830245047		
1481747549.55		457.352595391		455.642829195		459.201823489		
1481802299.1		459.761909131		458.038802071		461.567162456		
1481857048.65		461.992383145		460.094732407		463.786252887		
1481911798.2		464.136563463		462.172223192		465.91844019		
1481966547.75		466.21022282		464.123211601		467.942476118		
1482021297.3		468.157015896		466.042622489		469.863880959		
1482076046.85		470.089666652		467.972337088		471.755741783		
1482130796.4		471.984909739		469.828624772		473.605025379		
1482168544.0		472.503030311		470.382879638		474.092426005		
1482168545.0		472.502661402		470.382527523		474.092028587		
1482168546.0		472.502292494		470.382175408		474.09163117		
1482185545.95		466.418768143		464.835758829		467.844331648		
1482240295.5		448.125600142		445.882946133		450.506974424		
1482295045.05		432.003466058		428.259449007		436.642492009		
1482349794.59		417.583513507		412.249242906		423.969891381		
1482359159.0		415.819042107		410.260473858		422.433458293		
1482359160.0		415.819138836		410.260578668		422.433549812		
1482359161.0		415.819235566		410.260683479		422.433641332		
1482404544.14		420.514748802		415.236764394		426.747400151		
1482459293.69		426.15718456		421.213148934		432.01037038		
1482514043.24		431.508972156		426.948163162		437.026190696		
1482568792.79		436.516721697		432.31033346		441.692251734		
1482623542.34		441.410476924		437.431547715		446.137189827		
1482678291.89		445.953589339		442.202254715		450.129407076		
1482733041.44		450.278484874		446.730123707		454.006539224		
1482787790.99		454.272888229		450.972110879		457.774238685		
1482842540.54		458.065178711		455.008787768		461.20544051		
1482897290.09		461.687643971		458.859440701		464.599594121		
1482952039.64		462.592009358		460.022341729		465.298530869		
1483006789.19		466.07537289		463.629354437		468.631298244		
1483061538.74		469.425367196		466.964681849		471.781364919		
1483116288.29		472.64314997		470.198259113		474.887514843		
1483171037.84		475.616450199		473.071568902		477.773901365		
1483225787.39		478.447056177		475.846942274		480.524153929		
1483280536.94		481.156686522		478.517485222		483.158454505		
1483335286.49		483.763775291		481.152544301		485.712072165		
1483390036.04		486.243459138		483.56808588		488.135326657		
1483444785.59		488.614826608		485.887792593		490.459668787		
1483499535.14		490.83251618		488.101623521		492.596458464		
1483554284.68		493.003047404		490.223024603		494.725581192		
1483609034.23		495.070484579		492.272283174		496.829628874		
1483663783.78		497.032950679		494.220019111		498.762392127		
1483718533.33		498.935809641		496.08497654		500.660109892		
1483773282.88		500.842214165		497.871477866		502.582348127		
1483828032.43		502.637545651		499.681141101		504.478693483		
1483882781.98		504.376804298		501.387271227		506.239479677		
1483937531.53		506.035434994		503.036999119		507.90924125		
1483992281.08		507.723965393		504.64305838		509.648261546		
1484047030.63		509.401320059		506.328845218		511.374514385		
1484101780.18		510.946888301		507.863559984		512.974931833		
1484156529.73		512.387713987		509.287949587		514.496182855		
1484211279.28		513.810608589		510.686457244		515.972351216		
1484266028.83		515.19366741		512.030054751		517.377729778		
1484320778.38		516.422171193		513.253778636		518.684899596		
1484375527.93		517.665724267		514.435454604		520.0027287		
1484430277.48		518.960604015		515.686330143		521.366033496		
1484485027.03		520.262302322		516.907120519		522.71640138		
1484539776.58		521.477707152		518.068217308		523.971997407		
1484594526.13		522.643077415		519.185489965		525.16474629		
1484649275.68		523.784489953		520.274367121		526.328691458		
1484704025.23		525.014119323		521.446234942		527.621061539		
1484758774.77		526.161813363		522.538630849		528.823255029		
1484813524.32		417.556382227		414.640787608		419.698788133		
1484868273.87		418.454379495		415.486138845		420.647823083		
1484923023.42		419.375942178		416.357361684		421.623250638		
1484977772.97		502.1309377		498.446795254		504.845439033		
1485032522.52		503.301572896		499.569201671		506.048201093		
1485087272.07		504.369780909		500.578442468		507.155136746		
1485142021.62		505.462543534		501.620243807		508.286915365		
1485196771.17		506.497674236		502.611132435		509.365059253		
1485251520.72		492.408985264		488.578319657		495.234955087		
1485306270.27		475.158649666		471.418123619		477.930934529		
1485361019.82		476.795578652		472.994403659		479.604801944		
1485415769.37		479.525587862		475.662490957		482.363529211		
1485470518.92		403.642081761		400.354763168		406.044134094		
1485525268.47		405.907169828		402.574778319		408.342272698		
1485580018.02		408.067339003		404.681638693		410.551051027		
1485634767.57		410.119958929		406.666180074		412.65749681		
1485689517.12		412.12281048		408.612801865		414.723491316		
1485744266.67		414.043312899		410.470183672		416.706978128		
1485799016.22		415.900099481		412.266914512		418.617487716		
1485853765.77		479.779677122		475.55800608		482.963515453		
1485908515.32		481.705147311		477.417900402		484.965198876		
1485951099.0		483.189238738		478.840671593		486.483052908		
1485951100.0		483.189273853		478.840704839		486.483088261		
1485951101.0		483.189308967		478.840738084		486.483123614		
1485963264.86		459.984905308		455.067970603		464.368433996		
1486018014.41		449.376059164		442.508040617		458.196301391		
1486072763.96		462.962453485		456.538408665		471.02463051		
1486127513.51		466.808152771		460.773329889		473.554492387		
1486182263.06		470.193085402		464.746281739		475.776014159		
1486237012.61		473.50393438		468.5193076		478.066247495		
1486291762.16		476.59115811		472.108285849		480.739894959		
1486346511.71		479.129759175		475.277877924		483.539102742		
1486401261.26		481.814028854		478.136051108		486.180393445		
1486456010.81		484.836709659		480.462228757		488.833527734		
1486510760.36		487.759568995		482.89572812		491.397955724		
1486565509.91		490.478195647		485.75121268		493.861863503		
1486620259.46		493.052663889		488.553711799		496.293460386		
1486675009.01		495.419440445		491.389901331		498.614944484		
1486729758.56		497.73168387		493.964063353		500.873400009		
1486784508.11		499.956746742		496.258398436		503.034427785		
1486839257.66		502.066387718		498.527521153		505.135626683		
1486894007.21		504.228151683		500.681012362		507.212347475		
1486948756.76		506.315119606		502.805878578		509.209579017		
1487003506.31		508.32385317		504.745391182		511.16179446		
1487058255.86		510.268110496		506.65894812		513.090889426		
1487113005.41		512.125153092		508.417129191		515.004126537		
1487167754.95		513.981259636		510.148865288		516.871697919		
1487222504.5		515.796105797		511.894213419		518.776446792		
1487277254.05		518.526046051		514.445324185		521.439426854		
1487332003.6		520.149167114		515.945488733		523.02024975		
1487386753.15		521.630701483		517.437189451		524.579858892		
1487441502.7		523.040822145		518.815963031		525.915787193		
1487496252.25		524.466057443		520.267839247		527.338626609		
1487551001.8		525.7760032		521.675128411		528.665565461		
1487605751.35		527.100955638		523.037211781		529.981362759		
1487660500.9		528.35459954		524.402016476		531.287328984		
1487715250.45		529.663922804		525.653159525		532.525960484		
1487770000.0		530.894370079		526.948369679		533.696747111		
1487824749.55		532.137560841		528.313669441		534.899286845		
1487879499.1		533.209035303		529.303683667		535.992174359		
1487934248.65		534.222609761		530.373294825		537.003760259		
1487988998.2		535.104505038		531.229519739		537.889450723		
1488043747.75		535.983435037		532.021690552		538.755109534		
1488098497.3		536.833778353		532.681497577		539.569209672		
1488153246.85		537.715963389		533.379149675		540.464232286		
1488207996.4		538.493097854		534.039659705		541.250400532		
1488262745.95		539.299621792		534.76421354		542.054829436		
1488317495.5		540.062420154		535.35213614		542.77985899		
1488372245.05		540.682662907		535.790286197		543.397238493		
1488426994.59		541.381471285		536.44712835		544.184241521		
1488481744.14		542.068479326		537.095812691		544.908103355		
1488536493.69		542.614114495		537.584721127		545.499963226		
1488591243.24		543.201424951		538.110072376		546.131152139		
1488645992.79		543.705010912		538.68022856		546.788815535		
1488700742.34		544.115689437		539.029084491		547.280570971		
1488755491.89		544.211373466		539.059570974		547.338986461		
1488810241.44		543.562703051		538.356243955		546.726413655		
1488864990.99		544.32258489		539.094699738		547.477060693		
1488919740.54		545.041274592		539.776683358		548.163031684		
1488974490.09		545.764027573		540.478850713		548.900056879		
1489029239.64		546.466900026		541.223452179		549.620106816		
1489083989.19		547.853852195		542.711914256		550.988043581		
1489138738.74		548.704118802		543.588837748		551.812957778		
1489193488.29		549.218168749		544.16421934		552.343230214		
1489248237.84		549.796129659		544.798027247		552.902851074		
1489302987.39		550.390779708		545.414637065		553.439936466		
1489357736.94		550.869792831		545.973538486		553.912279451		
1489412486.49		551.263185388		546.420376336		554.246951033		
1489467236.04		551.671056959		546.910625306		554.637738105		
1489521985.59		552.010225004		547.309249204		554.912538994		
1489576735.14		552.408599892		547.719264882		555.266446233		
1489631484.68		552.800813697		548.15782689		555.60702791		
1489686234.23		553.114627512		548.558623046		555.89538768		
1489740983.78		553.370692124		548.870501819		556.135636526		
1489795733.33		553.708261417		549.258107605		556.447315625		
1489850482.88		553.95090661		549.580019757		556.68345001		
1489905232.43		554.096197254		549.832289435		556.79602783		
1489959981.98		554.298395063		550.086880214		557.024426983		
1490014731.53		554.531665824		550.376242067		557.282413241		
1490069481.08		554.709846324		550.641396346		557.435323026		
1490124230.63		554.956733178		550.967296082		557.666055841		
1490178980.18		555.140176935		551.206717764		557.838860778		
1490233729.73		555.350138385		551.47577908		558.004239225		
1490288479.28		555.641114221		551.847981282		558.285029421		
1490343228.83		555.841190124		552.140253138		558.441933239		
1490397978.38		556.058246156		552.465569013		558.6410755		
1490452727.93		556.281393291		552.703451194		558.808980095		
1490507477.48		556.479014992		552.87611369		559.023554265		
1490562227.03		556.670588433		553.054839882		559.185193033		
1490616976.58		556.891218654		553.313668248		559.37348965		
1490671726.13		557.230856748		553.833445107		559.679581915		
1490726475.68		557.526841222		554.520642791		559.990884528		
1490781225.23		557.739716221		555.170412404		560.195513334		
1490835974.77		558.224375966		555.819471758		560.606905808		
1490890724.32		558.545963084		556.396418269		560.834520807		
1490945473.87		558.924384903		556.960945073		561.089908329		
1491000223.42		559.412955924		557.519328322		561.505147207		
1491054972.97		559.986479297		558.042552362		562.157662339		
1491109722.52		560.529042741		558.486987297		562.730934556		
1491164472.07		560.8903236		558.774150253		563.225222404		
1491219221.62		561.077957116		558.919294058		563.648524757		
1491273971.17		561.389585343		559.202575907		564.20445611		
1491328720.72		561.731740462		559.557114331		564.814604839		
1491383470.27		562.042408239		559.853926031		565.309246717		
1491438219.82		562.2948366		560.081337886		565.707787893		
1491492969.37		560.826428362		558.620722217		564.310931951		
1491547718.92		561.059142563		558.811427592		564.546196723		
1491602468.47		561.458073027		559.207968454		564.931039436		
1491657218.02		561.818932577		559.577645912		565.355811528		
1491711967.57		562.169137365		559.857957234		565.703662564		
1491766717.12		562.438892153		560.134834276		565.961203554		
1491821466.67		562.824573991		560.516871542		566.312106705		
1491876216.22		563.149049461		560.79363604		566.721138654		
1491930965.77		563.407125985		560.995197332		567.030524489		
1491985715.32		563.652804699		561.186349707		567.315842709		
1492040464.86		563.923533751		561.447839424		567.647585794		
1492095214.41		564.535687006		562.002242127		568.342193309		
1492149963.96		565.720741951		563.17937255		569.577544856		
1492204713.51		565.897827913		563.310389848		569.788038455		
1492259463.06		566.012916304		563.353499305		569.951205456		
1492314212.61		566.324092712		563.543302725		570.236152395		
1492368962.16		566.545813739		563.655348241		570.527660595		
1492423711.71		566.693842031		563.719931612		570.763330289		
1492478461.26		566.954061635		563.898972616		571.101406019		
1492533210.81		567.107554648		563.95583012		571.284306952		
1492587960.36		567.354208968		564.139164331		571.59340677		
1492642709.91		567.690554407		564.367419631		572.016566449		
1492697459.46		568.071113889		564.62899236		572.492602024		
1492752209.01		568.464349783		564.945380687		572.930163756		
1492806958.56		568.759721251		565.146503894		573.27851307		
1492861708.11		569.007589094		565.266895813		573.555604909		
1492916457.66		569.23697227		565.432195612		573.834697733		
1492971207.21		569.491399355		565.612928944		574.170517745		
1493025956.76		569.538615787		565.555745741		574.353859937		
1493080706.31		569.717912948		565.665769758		574.702393444		
1493135455.86		569.944200375		565.839231515		575.013759756		
1493190205.41		570.139402977		565.955952653		575.257830622		
1493244954.95		570.400144475		566.079489952		575.602507084		
1493299704.5		570.472572766		566.060666854		575.759211037		
1493354454.05		570.561786641		566.030576404		575.884716041		
1493409203.6		570.657388254		566.028470329		576.029279733		
1493463953.15		570.831985915		566.079003592		576.284026227		
1493518702.7		570.957111359		566.122235174		576.487133755		
1493573452.25		571.169296661		566.238856217		576.740335723		
1493628201.8		571.380651045		566.351596639		576.990531633		
1493682951.35		571.763428985		566.601849675		577.40603065		
1493737700.9		572.14918713		566.826031548		577.868933787		
1493792450.45		572.42993641		567.056284451		578.344192058		
1493847200.0		572.789394193		567.272371741		578.789964465		
1493901949.55		573.13506333		567.48402752		579.180002528		
1493956699.1		573.438664305		567.692140894		579.607189807		
1494011448.65		573.68697078		567.86137433		579.998319541		
1494066198.2		573.989247011		568.11380391		580.424989308		
1494120947.75		574.323054569		568.335204726		580.840936868		
1494175697.3		574.686854102		568.573974459		581.323464999		
1494230446.85		575.059754138		568.800338009		581.804136591		
1494285196.4		575.339425904		568.994562643		582.184387204		
1494339945.95		575.497437151		569.121790271		582.519156283		
1494394695.5		575.721481237		569.215899356		582.863461784		
1494449445.05		575.92299922		569.341051279		583.216664348		
1494504194.59		576.130637251		569.479292127		583.578176274		
1494558944.14		576.42181897		569.624672402		583.940905948		
1494613693.69		576.678596846		569.744554847		584.310710234		
1494668443.24		576.935340618		569.920318251		584.687280121		
1494723192.79		577.219119033		570.098738844		585.070180179		
1494777942.34		577.469173652		570.267953353		585.459008799		
1494832691.89		571.18473533		563.965743419		579.215714444		
1494887441.44		531.484691156		524.698157238		539.208138206		
1494942190.99		496.896271058		490.412483222		504.256204853		
1494996940.54		466.515736746		460.465687825		473.688713863		
1495051690.09		439.676988759		433.93626777		446.650528061		
1495106439.64		415.785282538		410.329604133		422.49430654		
1495161189.19		394.349672329		389.116353807		400.848771934		
1495215938.74		375.038384294		370.064406492		381.283238469		
1495270688.29		357.563665033		352.75356986		363.546588062		
1495325437.84		341.646733386		337.005286837		347.416754752		
1495380187.39		327.074962889		322.58549206		332.651035633		
1495434936.94		313.710683303		309.39652787		319.076236244		
1495489686.49		301.393306778		297.207697934		306.602567669		
1495544436.04		290.020565959		285.951900399		295.097716959		
1495599185.59		279.45757715		275.519856262		284.417965011		
1495653935.14		269.653347162		265.83368223		274.478726865		
1495708684.68		260.531592887		256.825806103		265.217569781		
1495763434.23		252.005651785		248.403080128		256.587115785		
1495818183.78		244.041273512		240.521257441		248.500163181		
1495872933.33		236.548718587		233.127572129		240.877140868		
1495927682.88		229.515728073		226.179885744		233.753507094		
1495982432.43		222.887437348		219.62143135		227.045575504		
1496037181.98		218.259165113		215.05838276		222.379571182		
1496091931.53		241.297912349		237.724615603		245.84730502		
1496146681.08		265.999436473		261.992521054		271.040571018		
1496201430.63		292.282668459		287.790488617		297.827902441		
1496256180.18		320.008623685		315.012774094		326.152447001		
1496310929.73		349.053410276		343.579759334		355.763790507		
1496365679.28		379.24095219		373.365486843		386.5695911		
1496420428.83		410.51689487		403.973474023		418.778831236		
1496475178.38		442.477272072		435.325902159		451.476589382		
1496529927.93		475.148103443		467.183357669		484.817015652		
1496584677.48		508.023207763		499.349745301		518.608521101		
1496639427.03		540.809648128		531.481459825		552.301510257		
1496694176.58		573.299530528		563.323336763		585.73547496		
1496748926.13		605.29764197		594.595691501		618.647139467		
1496803675.68		636.531458364		625.077230184		650.873745021		
1496858425.23		666.739698911		654.534744296		682.020163525		
1496913174.77		695.75329181		682.821148106		711.905717938		
1496967924.32		723.41210119		709.77688169		740.42692714		
1497022673.87		749.597383335		735.266737811		767.516873007		
1497077423.42		774.273487544		759.245396962		792.996954296		
1497132172.97		797.302742108		781.637428046		816.827733413		
1497186922.52		818.716552404		802.440648198		839.018969605		
1497241672.07		838.561891805		821.670756987		859.813602162		
1497296421.62		856.86788026		839.362779985		878.799395759		
1497351171.17		873.690361954		855.56944654		896.185826146		
1497405920.72		889.073342844		870.35767537		912.075606382		
1497460670.27		903.071215259		883.794274239		926.553530598		
1497515419.82		915.810222518		896.24538671		939.925909755		
1497570169.37		927.383276662		907.46112702		952.080477051		
1497624918.92		937.795624625		917.401783549		963.07241784		
1497679668.47		947.221947081		926.330303394		973.524960494		
1497734418.02		955.698446237		934.37019267		982.63208891		
1497789167.57		963.337310416		941.590731139		990.849998943		
1497843917.12		970.22018252		948.232771857		998.333695197		
1497898666.67		976.420014307		954.191280684		1005.10324117		
1497953416.22		981.996864182		959.461929628		1011.22839012		
1498008165.77		987.009232916		964.132640043		1016.77129843		
1498062915.32		991.526562798		968.319439703		1021.78694288		
1498117664.86		995.602029155		972.070672764		1026.29869233		
1498172414.41		999.254693434		975.474315346		1030.39148587		
1498227163.96		1002.59448829		978.483721384		1034.11868734		
1498281913.51		1005.6230141		981.164443547		1037.52125407		
1498336663.06		1008.37402486		983.578909359		1040.63565667		
1498391412.61		1010.87164197		985.807856186		1043.49459528		
1498446162.16		1013.14447681		987.867902497		1046.12727804		
1498500911.71		1015.21485272		989.745774752		1048.55973196		
1498555661.26		1017.10407776		991.456952616		1050.81538066		
1498610410.81		1018.84312698		993.020926171		1052.91095612		
1498665160.36		1020.41708091		994.454993557		1054.85886589		
1498719909.91		1021.88438502		995.774450309		1056.68563207		
1498774659.46		1023.26165891		996.944818952		1058.4056764		
1498829409.01		1024.54956521		998.001896478		1060.03183073		
1498884158.56		1025.75885315		999.019621368		1061.57538696		
1498938908.11		1026.89901287		999.986850863		1063.04632713		
1498993657.66		1027.97838729		1000.89390691		1064.45343711		
1499048407.21		1029.0043812		1001.73941782		1065.7897022		
1499103156.76		1029.98352329		1002.50845235		1067.04779136		
1499157906.31		1030.92124654		1003.23948055		1068.26255835		
1499212655.86		1031.81046265		1003.94183352		1069.43935789		
1499267405.41		1032.66121347		1004.61313089		1070.58288784		
1499322154.95		1033.483047		1005.25719522		1071.6973324		
1499376904.5		1034.28016268		1005.87737549		1072.78636275		
1499431654.05		1035.05562874		1006.47661268		1073.91858601		
1499486403.6		1035.81214541		1007.05749321		1075.06386571		
1499541153.15		1036.55207497		1007.62227837		1076.19338972		
1499595902.7		1037.27752516		1008.17298408		1077.30930943		
1499650652.25		1037.99033445		1008.7113676		1078.4135014		
1499705401.8		1038.71138368		1009.23897358		1079.5076165		
1499760151.35		1039.42275385		1009.75715804		1080.59310528		
1499814900.9		1040.12550259		1010.26711057		1081.6712414		
1499869650.45		1040.8207685		1010.76988649		1082.72385175		
1499924400.0		1041.50954674		1011.26134491		1083.75173878		
1499979149.55		1042.19271308		1011.74237055		1084.7748803		
1500033899.1		1042.88230019		1012.21832432		1085.79352523		
1500088648.65		1043.57756558		1012.68986336		1086.79590556		
1500143398.2		1044.26953575		1013.15756866		1087.79553686		
1500198147.75		1044.95871373		1013.6219486		1088.79296169		
1500252897.3		1045.64554183		1014.0591906		1089.78865787		
1500307646.85		1046.33040761		1014.49172362		1090.78304484		
1500362396.4		1047.01365392		1014.9460575		1091.77649433		
1500417145.95		1047.69558243		1015.41017219		1092.75462817		
1500471895.5		1048.37645752		1015.87279062		1093.72542032		
1500526645.05		1049.05651174		1016.33102818		1094.696046		
1500581394.59		1049.71809026		1016.77414769		1095.66672989		
1500636144.14		1050.34393277		1017.21389177		1096.63767213		
1500690893.69		1050.96567602		1017.61075224		1097.60723364		
1500745643.24		1051.58707518		1018.00692991		1098.57181463		
1500800392.79		1052.20825938		1018.40254404		1099.53708996		
1500855142.34		1052.8293417		1018.79769889		1100.50318051		
1500909891.89		1053.45042314		1019.19248737		1101.47019457		
1500964641.44		1054.09131442		1019.58858909		1102.43822722		
1501019390.99		1054.74312088		1019.99804392		1103.40736261		
1501074140.54		1055.39104966		1020.49426774		1104.37767526		
1501128890.09		1056.03933724		1020.99057619		1105.34923115		
1501183639.64		1056.68803717		1021.48701785		1106.32208938		
1501238389.19		1057.33719642		1021.98076875		1107.2963022		
1501293138.74		1057.98685646		1022.464866		1108.26451877		
1501347888.29		1058.63705387		1022.90891273		1109.23006422		
1501402637.84		1059.28782104		1023.33495843		1110.19704474		
1501457387.39		1059.9391868		1023.76118192		1111.21312176		
1501512136.94		1060.59117654		1024.18760492		1112.21450233		
1501566886.49		1061.2438128		1024.61923905		1113.23915592		
1501621636.04		1061.89711549		1025.05337071		1114.26767565		
1501676385.59		1062.5511024		1025.48776685		1115.29796921		
1501731135.14		1063.20578938		1025.92244047		1116.33005702		
1501785884.68		1063.86119051		1026.35740301		1117.36395761		
1501840634.23		1064.51731834		1026.79746515		1118.39968796		
1501895383.78		1065.1698671		1027.25620107		1119.43726363		
1501950133.33		1065.81127434		1027.71529469		1120.47669903		
1502004882.88		1066.45339962		1028.17903162		1121.5180075		
1502059632.43		1067.09625082		1028.64461535		1122.56086014		
1502114381.98		1067.73983507		1029.11058533		1123.5966768		
1502169131.53		1068.38415877		1029.57694641		1124.63436528		
1502223881.08		1069.02922776		1030.04370295		1125.67393577		
1502278630.63		1069.67504735		1030.51085882		1126.71539782		
1502333380.18		1070.32162236		1030.9784175		1127.75978689		
1502388129.73		1070.9689572		1031.44638211		1128.81491238		
1502442879.28		1071.61705593		1031.91475545		1129.87199255		
1502497628.83		1072.2659223		1032.3476234		1130.9310355		
1502552378.38		1072.91884818		1032.80931658		1131.992049		
1502607127.93		1073.59711079		1033.27918944		1133.0516717		
1502661877.48		1074.27622211		1033.75204421		1134.11241402		
1502716627.03		1074.95618504		1034.214228		1135.17513348		
1502771376.58		1075.63700236		1034.66956282		1136.23983699		
1502826126.13		1076.34321568		1035.12529099		1137.3065313		
1502880875.68		1077.05292291		1035.58141397		1138.37522305		
1502935625.23		1077.76356158		1036.05016792		1139.44591879		
1502990374.77		1078.47513416		1036.52176468		1140.53308837		
1503045124.32		1079.18764304		1036.99579396		1141.63831158		
1503099873.87		1079.90109056		1037.47025296		1142.74567541		
1503154623.42		1080.615479		1037.94514275		1143.85518667		
1503209372.97		1081.32835691		1038.42046436		1144.96685212		
1503264122.52		1082.02473991		1038.89621875		1146.07418276		
1503318872.07		1082.72201889		1039.37240686		1147.13802402		
1503373621.62		1083.42019585		1039.84902957		1148.2038413		
1503428371.17		1084.13544922		1040.32608773		1149.27164039		
1503483120.72		1084.85321073		1040.80179109		1150.34142704		
1503537870.27		1085.57192188		1041.23306468		1151.41756293		
1503592619.82		1086.29158472		1041.65955297		1152.52462506		
1503647369.37		1087.0122013		1042.08638972		1153.63381707		
1503702118.92		1087.73377365		1042.51357547		1154.74068392		
1503756868.47		1088.45630378		1042.94111076		1155.84674756		
1503811618.02		1089.17979371		1043.36899614		1156.95493126		
1503866367.57		1089.90424544		1043.80539825		1158.06524122		
1503921117.12		1090.62966096		1044.26126711		1159.17768368		
1503975866.67		1091.35604229		1044.71753407		1160.29226485		
1504030616.22		1092.08339139		1045.1741997		1161.40899098		
1504085365.77		1092.81171027		1045.63126459		1162.52786835		
1504140115.32		1093.54100091		1046.0887293		1163.64890322		
1504194864.86		1094.25536827		1046.54659441		1164.77210189		
1504249614.41		1094.96518503		1047.00486048		1165.89747068		
1504304363.96		1095.67592368		1047.46352807		1167.02501592		
1504359113.51		1096.38758604		1047.91026498		1168.15474397		
1504413863.06		1097.10017394		1048.34505154		1169.28666119		
1504468612.61		1097.81368922		1048.7848277		1170.42077398		
1504523362.16		1098.5281337		1049.22497325		1171.55708877		
1504578111.71		1099.25697246		1049.66548868		1172.69561199		
1504632861.26		1099.99087838		1050.10637447		1173.83635011		
1504687610.81		1100.72576483		1050.5476311		1174.9793096		
1504742360.36		1101.46163377		1050.98925906		1176.12449698		
1504797109.91		1102.19745953		1051.44645888		1177.27191878		
1504851859.46		1102.92646971		1051.91735432		1178.42158155		
1504906609.01		1103.65644492		1052.38867209		1179.57349189		
1504961358.56		1104.38738707		1052.86041279		1180.72765638		
1505016108.11		1105.1192981		1053.33257698		1181.88408167		
1505070857.66		1105.85217995		1053.80808538		1183.04277441		
1505125607.21		1106.58603454		1054.28798195		1184.20374129		
1505180356.76		1107.3270726		1054.76831578		1185.366989		
1505235106.31		1108.07005273		1055.24908747		1186.53252427		
1505289855.86		1108.787946		1055.73029762		1187.70035388		
1505344605.41		1109.49904263		1056.21194683		1188.8704846		
1505399354.95		1110.21860562		1056.69403571		1190.04292324		
1505454104.5		1110.93910281		1057.17656486		1191.21767665		
1505508854.05		1111.66944816		1057.65953489		1192.39475168		
1505563603.6		1112.41302131		1058.14294639		1193.57415523		
1505618353.15		1113.15758998		1058.62679999		1194.75589421		
1505673102.7		1113.90315618		1059.11109628		1195.93997557		
1505727852.25		1114.64503531		1059.59583588		1197.12640629		
1505782601.8		1115.37843691		1060.08101939		1198.31519336		
1505837351.35		1116.11280429		1060.56664743		1199.50634381		
1505892100.9		1116.84813936		1061.05272061		1200.6998647		
1505946850.45		1117.58444405		1061.53923954		1201.89576311		
1506001600.0		1118.32172026		1062.02620484		1203.09404615		
1506056349.55		1119.05996992		1062.51361711		1204.28876389		
1506111099.1		1119.79919496		1063.00147699		1205.48348445		
1506165848.65		1120.53939732		1063.48978507		1206.68057785		
1506220598.2		1121.28673704		1063.97066751		1207.88005117		
1506275347.75		1122.03504629		1064.45142226		1209.0819115		
1506330097.3		1122.78435544		1064.93261171		1210.28616599		
1506384846.85		1123.5346665		1065.41423644		1211.49282179		
1506439596.4		1124.28598147		1065.89629704		1212.7018861		
1506494345.95		1125.03222342		1066.37879412		1213.91336613		
1506549095.5		1125.77705365		1066.85281852		1215.12726913		
1506603845.05		1126.52287087		1067.31022767		1216.34360238		
1506658594.59		1127.26967703		1067.79813996		1217.56237318		
1506713344.14		1128.01747411		1068.2734182		1218.78358887		
1506768093.69		1128.76626407		1068.7268528		1220.00725681		
1506822843.24		1129.5160489		1069.1806725		1221.2333844		
1506877592.79		1130.26683058		1069.63621824		1222.46197905		
1506932342.34		1131.0186111		1070.09703898		1223.69304823		
1506987091.89		1131.77139246		1070.55825726		1224.92659942		
1507041841.44		1132.52517665		1071.03084027		1226.16264013		
1507096590.99		1133.27996568		1071.51724744		1227.4011779		
1507151340.54		1134.03576156		1072.01117751		1228.64222031		
1507206090.09		1134.79256631		1072.50566338		1229.88577497		
1507260839.64		1135.55170624		1073.00060566		1231.13184951		
1507315589.19		1136.31288835		1073.49600501		1232.38045159		
1507370338.74		1137.07509167		1073.99535245		1233.63158893		
1507425088.29		1137.83831825		1074.49957154		1234.88526924		
1507479837.84		1138.59786939		1074.98358306		1236.14150028		
1507534587.39		1139.35831407		1075.47387883		1237.40028986		
1507589336.94		1140.11977519		1075.96702253		1238.66164579		
1507644086.49		1140.8822548		1076.46061876		1239.92557594		
1507698836.04		1141.64575495		1076.95466815		1241.19208818		
1507753585.59		1142.41027767		1077.44917133		1242.46119044		
1507808335.14		1143.17582504		1077.94412891		1243.73289067		
1507863084.68		1143.9423991		1078.43954153		1245.00719687		
1507917834.23		1144.71000193		1078.94074302		1246.28379792		
1507972583.78		1145.47863559		1079.44411088		1247.56061703		
1508027333.33		1146.24830218		1079.94794881		1248.84005503		
1508082082.88		1147.01900376		1080.45225749		1250.12211999		
1508136832.43		1147.79074243		1080.95912579		1251.40682001		
1508191581.98		1148.56352029		1081.48351314		1252.69416321		
1508246331.53		1149.33733943		1081.98979364		1253.98415777		
1508301081.08		1150.11220196		1082.4859093		1255.27681188		
1508355830.63		1150.88810999		1082.98248013		1256.57213378		
1508410580.18		1151.66506564		1083.47950678		1257.87013174		
1508465329.73		1152.44307104		1083.97698985		1259.17081405		
1508520079.28		1153.2221283		1084.47492999		1260.47418905		
1508574828.83		1154.00223957		1084.9767962		1261.78026511		
1508629578.38		1154.78340699		1085.48045596		1263.08905064		
1508684327.93		1155.5656327		1085.98458357		1264.40055408		
1508739077.48		1156.34891886		1086.48917967		1265.7147839		
1508793827.03		1157.13326762		1086.99424491		1267.03174861		
1508848576.58		1157.91868114		1087.49977995		1268.35145676		
1508903326.13		1158.7051616		1088.00578544		1269.67391693		
1508958075.68		1159.49271117		1088.51226205		1270.99913774		
1509012825.23		1160.28133204		1089.01921043		1272.32712784		
1509067574.77		1161.07102638		1089.52663124		1273.65789592		
1509122324.32		1161.8617964		1090.03452513		1274.9914507		
1509177073.87		1162.65364429		1090.54289278		1276.32780095		
1509231823.42		1163.44657226		1091.05173485		1277.66695547		
1509286572.97		1164.24058252		1091.561052		1279.00892309		
1509341322.52		1165.03567729		1092.07084489		1280.35371269		
1509396072.07		1165.83185879		1092.58111419		1281.70133318		
1509450821.62		1166.62912924		1093.09186058		1283.05179351		
1509505571.17		1167.4274909		1093.60308471		1284.40510265		
1509560320.72		1168.22694599		1094.11478727		1285.76126964		
1509615070.27		1169.02749676		1094.62696892		1287.12030354		
1509669819.82		1169.82914548		1095.13963033		1288.48221345		
1509724569.37		1170.6318944		1095.65277219		1289.84700851		
1509779318.92		1171.44550228		1096.16639516		1291.21469789		
1509834068.47		1172.26389329		1096.68049992		1292.58529082		
1509888818.02		1173.08342888		1097.19508716		1293.95879654		
1509943567.57		1173.90411143		1097.71015755		1295.33522436		
1509998317.12		1174.72594337		1098.22571176		1296.7145836		
1510053066.67		1175.54892711		1098.7417505		1298.09688365		
1510107816.22		1176.37306508		1099.25827442		1299.47929568		
1510162565.77		1177.1983597		1099.77528423		1300.8634457		
1510217315.32		1178.02481341		1100.29278061		1302.25054775		
1510272064.86		1178.85242866		1100.81076425		1303.64061126		
1510326814.41		1179.6812079		1101.32923582		1305.03364574		
1510381563.96		1180.51115359		1101.84819603		1306.42966072		
1510436313.51		1181.34226818		1102.36764556		1307.82866578		
1510491063.06		1182.17455416		1102.88758511		1309.23067053		
1510545812.61		1183.008014		1103.40801537		1310.63568463		
1510600562.16		1183.84265019		1103.92893704		1312.02702046		
1510655311.71		1184.67846522		1104.45035081		1313.41583389		
1510710061.26		1185.51546159		1104.97225738		1314.80759082		
1510764810.81		1186.3536418		1105.49465744		1316.20230063		
1510819560.36		1187.19300838		1106.0175517		1317.59997273		
1510874309.91		1188.03356384		1106.54094087		1319.00061656		
1510929059.46		1188.87531071		1107.06482564		1320.40424161		
1510983809.01		1189.71825152		1107.58920671		1321.81085742		
1511038558.56		1190.56238883		1108.1140848		1323.22047354		
1511093308.11		1191.40772517		1108.63946061		1324.6330996		
1511148057.66		1192.25426311		1109.16533485		1326.04874524		
1511202807.21		1193.10200522		1109.69170822		1327.46742016		
1511257556.76		1193.95095405		1110.21858144		1328.88913408		
1511312306.31		1194.80111219		1110.74595523		1330.31389679		
1511367055.86		1195.65248224		1111.27383029		1331.74171811		
1511421805.41		1196.50702702		1111.80220734		1333.17260789		
1511476554.95		1197.36895556		1112.3310871		1334.64449868		
1511531304.5		1198.23212686		1112.86047028		1336.12754767		
1511586054.05		1199.09654362		1113.39035761		1337.61389633		
1511640803.6		1199.96220853		1113.9207498		1339.10355567		
1511695553.15		1200.8291243		1114.45164757		1340.59653677		
1511750302.7		1201.69729364		1114.98305166		1342.09285075		
1511805052.25		1202.56671928		1115.51496278		1343.59250878		
1511859801.8		1203.43740394		1116.04738165		1345.09552209		
1511914551.35		1204.30935036		1116.58030902		1346.60190195		
1511969300.9		1205.18256128		1117.1137456		1348.11165969		
1512024050.45		1206.05703946		1117.64769213		1349.62480667		
1512078800.0		1206.93278765		1118.18214934		1351.14135434		
1512133549.55		1207.80980864		1118.71711796		1352.66131415		
1512188299.1		1208.68810518		1119.25259872		1354.18469764		
1512243048.65		1209.56768008		1119.78859236		1355.7115164		
1512297798.2		1210.44853611		1120.32509963		1357.24178205		
1512352547.75		1211.33067609		1120.86212125		1358.77550629		
1512407297.3		1212.21410282		1121.39965796		1360.31270084		
1512462046.85		1213.09779974		1121.93771052		1361.85337751		
1512516796.4		1213.97522315		1122.47627966		1363.39754813		
1512571545.95		1214.85391675		1123.01536612		1364.94522461		
1512626295.5		1215.73388331		1123.55497065		1366.49641891		
1512681045.05		1216.61512559		1124.09509401		1368.05114302		
1512735794.59		1217.49764637		1124.63573693		1369.60940901		
1512790544.14		1218.38144844		1125.17690017		1371.171229		
1512845293.69		1219.26653458		1125.71858448		1372.72574662		
1512900043.24		1220.1529076		1126.2607906		1374.27587836		
1512954792.79		1221.04057031		1126.80351931		1375.8285841		
1513009542.34		1221.92952553		1127.34677135		1377.38480242		
1513064291.89		1222.81977607		1127.89054748		1378.94362635		
1513119041.44		1223.71132477		1128.43484845		1380.50287251		
1513173790.99		1224.60417448		1128.97967504		1382.06564892		
1513228540.54		1225.49832804		1129.52502799		1383.63196758		
1513283290.09		1226.39378831		1130.07090808		1385.20184055		
1513338039.64		1227.29055815		1130.61731607		1386.77527993		
1513392789.19		1228.18864046		1131.16425272		1388.3522979		
1513447538.74		1229.08803809		1131.7117188		1389.93290668		
1513502288.29		1229.98875396		1132.25971509		1391.51711854		
1513557037.84		1230.89079095		1132.80824234		1393.10494583		
1513611787.39		1231.79415198		1133.35730135		1394.69640092		
1513666536.94		1232.69883997		1133.90689286		1396.29149627		
1513721286.49		1233.60485784		1134.45701767		1397.89024438		
1513776036.04		1234.51220852		1135.00273626		1399.49265782		
1513830785.59		1235.42089496		1135.54536682		1401.0987492		
1513885535.14		1236.33092011		1136.08851648		1402.70853121		
1513940284.68		1237.24228693		1136.63218598		1404.32201656		
1513995034.23		1238.15499839		1137.17637607		1405.93921807		
1514049783.78		1239.06905746		1137.72108751		1407.56014858		
1514104533.33		1239.98446715		1138.26632103		1409.18482101		
1514159282.88		1240.90123043		1138.81207739		1410.81324833		
1514214032.43		1241.81935032		1139.35835734		1412.44544356		
1514268781.98		1242.73882983		1139.90516164		1414.08141981		
1514323531.53		1243.65967197		1140.45249104		1415.72119023		
1514378281.08		1244.58187979		1141.00034629		1417.36476803		
1514433030.63		1245.50545633		1141.54872817		1419.01216649		
1514487780.18		1246.43040462		1142.09763742		1420.66339894		
1514542529.73		1247.35672774		1142.6470748		1422.31847879		
1514597279.28		1248.28442874		1143.19704109		1423.97741949		
1514652028.83		1249.21351071		1143.74753703		1425.64023458		
1514706778.38		1250.14397673		1144.29856341		1427.30693764		
1514761527.93		1251.0758299		1144.85012098		1428.97754233		
1514816277.48		1252.00907331		1145.40221052		1430.65206235		
1514871027.03		1252.94371009		1145.95483279		1432.33051149		
1514925776.58		1253.87974336		1146.50798857		1434.0129036		
1514980526.13		1254.81717624		1147.06167863		1435.69925259		
1515035275.68		1255.75601188		1147.61590374		1437.38957243		
1515090025.23		1256.69625344		1148.17066468		1439.08387716		
1515144774.77		1257.63790407		1148.72596223		1440.7821809		
1515199524.32		1258.58096694		1149.28179716		1442.48449781		
1515254273.87		1259.52544522		1149.83817026		1444.19084214		
1515309023.42		1260.47134212		1150.3950823		1445.9012282		
1515363772.97		1261.41866083		1150.95253408		1447.61567036		
1515418522.52		1262.36740456		1151.51052638		1449.33418308		
1515473272.07		1263.31757652		1152.06905997		1451.05678086		
1515528021.62		1264.26917994		1152.62813566		1452.78347828		
1515582771.17		1265.22221806		1153.18775423		1454.51429001		
1515637520.72		1266.17669413		1153.74791647		1456.24923077		
1515692270.27		1267.1326114		1154.30862318		1457.98831533		
1515747019.82		1268.08997314		1154.86987514		1459.73155858		
1515801769.37		1269.04878263		1155.43167316		1461.47897545		
1515856518.92		1270.00904315		1155.99401803		1463.23058093		
1515911268.47		1270.970758		1156.55691055		1464.98639012		
1515966018.02		1271.93393049		1157.12035153		1466.74641816		
1516020767.57		1272.89856393		1157.68434175		1468.51068027		
1516075517.12		1273.86466165		1158.24888203		1470.27919175		
1516130266.67		1274.83222698		1158.81397318		1472.05196798		
1516185016.22		1275.80126328		1159.37961599		1473.82902439		
1516239765.77		1276.77177389		1159.94581128		1475.61037652		
1516294515.32		1277.74376219		1160.51255985		1477.39603995		
1516349264.86		1278.71723156		1161.07986252		1479.18603035		
1516404014.41		1279.69218538		1161.64772011		1480.98036347		
1516458763.96		1280.66862705		1162.21613342		1482.77905513		
1516513513.51		1281.64655998		1162.78510327		1484.58212124		
1516568263.06		1282.62751785		1163.35463048		1486.38957777		
1516623012.61		1283.61300864		1163.92471586		1488.20144078		
1516677762.16		1284.60001507		1164.49536025		1490.0177264		
1516732511.71		1285.58854064		1165.06656446		1491.83845084		
1516787261.26		1286.57858885		1165.63832932		1493.6636304		
1516842010.81		1287.57016322		1166.21065564		1495.49328144		
1516896760.36		1288.5632673		1166.78354427		1497.32742042		
1516951509.91		1289.55790461		1167.35699603		1499.16606388		
1517006259.46		1290.55407872		1167.93101175		1501.00922842		
1517061009.01		1291.55179318		1168.50559225		1502.85693074		
1517115758.56		1292.55105159		1169.08073839		1504.70918763		
1517170508.11		1293.55185751		1169.65645098		1506.56601593		
1517225257.66		1294.55421455		1170.23273088		1508.42743261		
1517280007.21		1295.55812632		1170.80957891		1510.29345468		
1517334756.76		1296.56359644		1171.38699592		1512.16409925		
1517389506.31		1297.57062854		1171.96498275		1514.03938353		
1517444255.86		1298.57922626		1172.54354025		1515.9193248		
1517499005.41		1299.58939325		1173.12266925		1517.80394043		
1517553754.95		1300.6011332		1173.70237061		1519.69324787		
1517608504.5		1301.61444976		1174.28264518		1521.58726467		
1517663254.05		1302.62934662		1174.86349381		1523.48600845		
1517718003.6		1303.6458275		1175.44491734		1525.38949694		
1517772753.15		1304.6638961		1176.02691664		1527.29774793		
1517827502.7		1305.68355613		1176.60949256		1529.21077934		
1517882252.25		1306.70481135		1177.19264595		1531.12860913		
1517937001.8		1307.72766549		1177.77637768		1533.0512554		
1517991751.35		1308.75212231		1178.3606886		1534.9787363		
1518046500.9		1309.77818558		1178.94557958		1536.91107009		
1518101250.45		1310.80585909		1179.53105148		1538.84827513		
1518156000.0		1311.83514663		1180.11710518		1540.79036986		
