1463457600.0		5.04596408204		3.30517506553		13.3736762609		
1463491243.24		2.97062835502		2.88783329478		3.11922134525		
1463524886.49		2.98670514246		2.94289619324		3.02449466862		
1463558529.73		3.12041472662		3.0774152359		3.15479899483		
1463592172.97		3.23781203713		3.19372496186		3.27140081256		
1463625816.22		3.39304126665		3.34721132195		3.42752938898		
1463659459.46		3.55494806367		3.50720520501		3.59087148383		
1463693102.7		3.69015669021		3.64062167053		3.72717972127		
1463726745.95		3.86783047529		3.81580917468		3.90650371093		
1463760389.19		4.01437989319		3.96033338834		4.05458453496		
1463794032.43		4.20593120222		4.14937257234		4.24806490872		
1463827675.68		4.40558753581		4.3468577828		4.44980922301		
1463861318.92		4.58213207803		4.52093723248		4.6274844808		
1463894962.16		4.79970090086		4.73559909544		4.84664823579		
1463928605.41		5.02739102637		4.9602240204		5.07625461987		
1463962248.65		5.22750116339		5.15775435442		5.27779548857		
1463995891.89		5.47474539562		5.40179683805		5.52712386128		
1464029535.14		5.67608106283		5.60115637026		5.7309753658		
1464063178.38		5.855668278		5.77949273771		5.91328510111		
1464096821.62		6.02291992955		5.94569341312		6.08221861061		
1464130464.86		6.22458361991		6.14375299629		6.28492936029		
1464164108.11		6.5490998522		6.4639627822		6.61238604409		
1464197751.35		6.82791401831		6.73916568739		6.8935521399		
1464231394.59		7.09232602044		7.00010565456		7.16024945145		
1464265037.84		7.36652968101		7.27085061833		7.43753233625		
1464298681.08		7.62431633278		7.52539560333		7.69820114722		
1464332324.32		7.94309259621		7.84018125435		8.02002949803		
1464365967.57		8.22778956726		8.12128444563		8.30829998839		
1464399610.81		8.57029081265		8.45961646988		8.65359613778		
1464433254.05		8.92645887614		8.81141962481		9.01267898982		
1464466897.3		9.24300091933		9.12373281683		9.33181867368		
1464500540.54		9.6255329649		9.50107088612		9.71748279568		
1464534183.78		9.98327083161		9.85491580475		10.078718355		
1464567827.03		10.3753988308		10.2423975543		10.4740923693		
1464601470.27		10.8020365788		10.6634567147		10.904359404		
1464635113.51		11.1588834193		11.0158059299		11.2643982378		
1464668756.76		11.6164566595		11.467987208		11.7264077371		
1464702400.0		12.0507047655		11.8979438934		12.1652572967		
1464736043.24		12.5112907474		12.3525894019		12.630918922		
1464769686.49		13.0186674949		12.854703822		13.1423943438		
1464803329.73		13.4420232463		13.2728629395		13.5701723999		
1464836972.97		13.9831067488		13.8058634636		14.117031061		
1464870616.22		14.5449526063		14.3599788981		14.6836333535		
1464904259.46		15.0424228489		14.8505959058		15.1845612861		
1464937902.7		15.6425708724		15.4427463927		15.7892293094		
1464971545.95		16.1253083077		15.91949507		16.2765485913		
1465005189.19		16.7485148504		16.5352685564		16.906613492		
1465038832.43		17.4082584658		17.1879948814		17.5740924802		
1465072475.68		18.021838539		17.7956229896		18.1927580652		
1465106118.92		19.0495699065		18.8114514993		19.228910701		
1465139762.16		20.1296481839		19.881840314		20.3221163076		
1465173405.41		21.265017264		21.0044537132		21.4686718276		
1465207048.65		22.4518624428		22.1792310073		22.6672116583		
1465240691.89		23.6950218885		23.4077347888		23.9207301898		
1465274335.14		24.900718288		24.5995980972		25.1364458733		
1465307978.38		26.2946668255		25.9767483355		26.5396657207		
1465341621.62		27.7552655186		27.4250548817		28.01408861		
1465375264.86		29.2866489603		28.9397233641		29.5584250997		
1465408908.11		30.8831107346		30.5194645093		31.1682448463		
1465442551.35		32.547662198		32.1659010373		32.8453381088		
1465476194.59		34.2811432515		33.8835230582		34.5945349539		
1465509837.84		36.0877313449		35.6707314644		36.4113064936		
1465543481.08		37.9692972275		37.5307412315		38.3087569693		
1465577124.32		39.9275142242		39.4682179141		40.2863486978		
1465610767.57		41.9629753733		41.4833254778		42.3369658221		
1465644410.81		44.0753072428		43.5819682032		44.4664964564		
1465678054.05		46.2708661708		45.7565876469		46.682092947		
1465711697.3		48.5577308799		48.023963839		48.9865014205		
1465745340.54		50.9294810001		50.3764904608		51.3743326289		
1465778983.78		53.3862217216		52.8153525596		53.8480548007		
1465812627.03		55.9205170076		55.324455942		56.4047611314		
1465846270.27		58.5642167294		57.938486397		59.073083839		
1465879913.51		61.2178555739		60.5777066658		61.7452622279		
1465913556.76		63.9437247914		63.2720083469		64.4909276259		
1465947200.0		45.020264936		43.2994303016		47.9581582737		
1465980843.24		34.5842566264		33.6321385882		35.8058371507		
1466014486.49		34.9485940021		34.0262029914		36.1561273003		
1466048129.73		35.5775079367		34.6906549873		36.8041347554		
1466081772.97		36.2590649695		35.3786111396		37.5102836514		
1466115416.22		36.9601180309		36.0725522649		38.2223559723		
1466149059.46		37.6645162121		36.7646570125		38.9354084063		
1466182702.7		38.3754402917		37.4667865871		39.6603808267		
1466216345.95		39.0963660517		38.1758571455		40.393387341		
1466249989.19		39.826605787		38.891786763		41.1328671484		
1466283632.43		40.5564421977		39.6030171628		41.8748663342		
1466317275.68		41.2942977061		40.3166486348		42.6232929833		
1466350918.92		42.0377354744		41.0455850219		43.3755782058		
1466384562.16		42.7818359386		41.7805893368		44.1289365515		
1466418205.41		43.533303526		42.5241898432		44.8905247353		
1466451848.65		44.294366357		43.2788999104		45.6621491043		
1466485491.89		45.0521769848		44.0339740146		46.4372644244		
1466519135.14		45.8280465582		44.7947049536		47.2253097465		
1466552778.38		47.3959159078		46.3367811837		48.8266122793		
1466586421.62		49.6261890893		48.5370179301		51.111384212		
1466620064.86		51.9417896651		50.8147064231		53.482526251		
1466653708.11		54.3424214349		53.1746124293		55.9365118676		
1466687351.35		56.8294621816		55.6226374666		58.4653925711		
1466720994.59		59.3997734364		58.1538528836		61.0883111022		
1466754637.84		62.0475229225		60.7646252346		63.7879619505		
1466788281.08		64.7826604248		63.4549717537		66.5751205938		
1466821924.32		67.6012488308		66.2342496618		69.4428428199		
1466855567.57		70.5040859343		69.079106108		72.3920230753		
1466889210.81		73.4769534658		72.0055769933		75.4127139641		
1466922854.05		76.5324847638		75.0204094557		78.5167905874		
1466956497.3		79.6531946655		78.1081702675		81.7001587994		
1466990140.54		82.8714578831		81.2846855074		84.9504467662		
1467023783.78		86.1539323288		84.5092656099		88.2623487526		
1467057427.03		89.5146005702		87.7914204381		91.6639731654		
1467091070.27		92.9345174388		91.164121028		95.1200352668		
1467124713.51		96.4277739277		94.6210400599		98.6451947659		
1467158356.76		99.9627661174		98.1248841495		102.193248869		
1467192000.0		103.565383659		101.671897037		105.817527173		
1467225643.24		107.22435269		105.30844616		109.520370275		
1467259286.49		110.940017269		108.995578105		113.260749792		
1467292929.73		107.269243782		105.406927067		109.477537994		
1467326572.97		110.805878797		108.892929654		113.027075906		
1467360216.22		122.176248545		120.106501004		124.550564393		
1467393859.46		126.007201354		123.952508858		128.421373578		
1467427502.7		129.897930784		127.815972491		132.33070248		
1467461145.95		133.752540202		131.641520972		136.175255795		
1467494789.19		137.656351937		135.539916031		140.040287471		
1467528432.43		141.509663537		139.405553899		143.948703811		
1467562075.68		145.385098418		143.223059497		147.857531478		
1467595718.92		149.314117779		147.091336451		151.593454311		
1467629362.16		153.148663295		150.948511674		155.339446666		
1467663005.41		156.945869148		154.783443142		159.125014075		
1467696648.65		160.759795921		158.580892762		162.964243292		
1467730291.89		164.551283595		162.278747771		166.787696427		
1467763935.14		168.311550668		165.887748637		170.555060486		
1467797578.38		172.014988111		169.52162872		174.256596249		
1467831221.62		175.687159185		173.214857182		177.946548431		
1467864864.86		179.277316133		176.905488202		181.581583397		
1467898508.11		182.820517691		180.426516015		185.147582063		
1467932151.35		186.77672374		184.371426727		189.11192509		
1467965794.59		189.806653911		187.364743091		192.148384813		
1467999437.84		193.180236017		190.658042427		195.55202413		
1468033081.08		196.48007733		193.97555354		198.879723872		
1468066724.32		199.738165966		197.213239479		202.12100286		
1468100367.57		202.92440706		200.40971504		205.292621454		
1468134010.81		206.03413673		203.503911583		208.422835621		
1468167654.05		209.094968663		206.508734351		211.466933555		
1468201297.3		212.034083296		209.436696939		214.367201103		
1468234940.54		214.909113387		212.2390052		217.240764403		
1468268583.78		217.717888089		214.976089489		220.043616803		
1468302227.03		220.534870245		217.7682815		222.785495357		
1468335870.27		223.230513514		220.411242894		225.449837244		
1468369513.51		225.794483303		222.950323531		228.040215952		
1468403156.76		228.299255482		225.476354285		230.517874574		
1468436800.0		230.713687261		227.78550125		232.968054941		
1468470443.24		249.513833433		246.322161957		251.898614822		
1468504086.49		251.918958723		248.70930648		254.333393043		
1468537729.73		254.18366375		250.940483056		256.601827816		
1468571372.97		256.456713972		253.122178969		258.84952475		
1468605016.22		175.920799656		169.243413969		190.031611902		
1468638659.46		137.247377173		133.349428199		145.221447456		
1468672302.7		138.931477886		135.407518186		144.389671463		
1468705945.95		142.943210619		139.398202444		148.069956809		
1468739589.19		147.089951521		143.607428817		152.050116468		
1468773232.43		151.303661213		147.832578917		156.191019495		
1468806875.68		155.511188866		152.06725757		160.308500377		
1468840518.92		159.694995786		156.294167134		164.431501888		
1468874162.16		163.865944735		160.502976958		168.561353566		
1468907805.41		168.051391466		164.747310643		172.626655631		
1468941448.65		172.201980183		168.968161802		176.660102305		
1468975091.89		174.404938332		171.272170526		178.712984343		
1469008735.14		178.582321669		175.538906396		182.782915357		
1469042378.38		182.602500651		179.618717081		186.702482375		
1469076021.62		186.708490347		183.806593616		190.70598941		
1469109664.86		190.733327942		187.939801272		194.710286386		
1469143308.11		194.706778803		192.002296758		198.6166953		
1469176951.35		198.646185741		196.050534061		202.478903932		
1469210594.59		182.154302876		179.874525346		185.505238109		
1469244237.84		185.420061916		183.219237175		188.59236107		
1469277881.08		188.546652839		186.466307152		191.613823473		
1469311524.32		191.549189078		189.572160292		194.580943112		
1469345167.57		194.566611387		192.616951374		197.389056064		
1469378810.81		197.524793174		195.642047981		200.276603004		
1469412454.05		200.435379755		198.595260496		202.844435875		
1469446097.3		203.218998551		201.456070434		205.497612942		
1469479740.54		205.932469402		204.159724428		208.174943104		
1469513383.78		208.577779633		206.722842848		210.712169469		
1469547027.03		202.06185314		200.271526682		204.030632019		
1469580670.27		204.508029578		202.748882755		206.420444022		
1469614313.51		206.909408848		205.099533699		208.740425868		
1469647956.76		209.231952609		207.42220875		211.006116908		
1469681600.0		211.484143911		209.746576272		213.271901727		
1469715243.24		213.643810053		211.902433089		215.452199072		
1469748886.49		220.795147747		219.028166497		222.609997879		
1469782529.73		222.866875552		221.074618095		224.65020885		
1469816172.97		224.92343044		223.110055964		226.65734495		
1469849816.22		240.846440569		238.864305469		242.717457117		
1469883459.46		242.831672254		240.834197619		244.654328634		
1469917102.7		244.746252411		242.675454003		246.659322007		
1469950745.95		246.657741456		244.512598422		248.615600078		
1469984389.19		248.497627098		246.267512567		250.500778135		
1470018032.43		250.238188187		247.956126606		252.25966159		
1470051675.68		251.967934664		249.659175414		254.023106951		
1470085318.92		238.229518446		236.002619116		240.161691581		
1470118962.16		255.199676672		252.733976518		257.296076753		
1470152605.41		256.670019674		254.109468855		258.794638491		
1470186248.65		239.971337654		237.576946444		241.965216276		
1470219891.89		241.511057249		239.130699658		243.468421493		
1470253535.14		242.968596011		240.620834242		244.850304708		
1470287178.38		244.352043595		242.041367643		246.267722273		
1470320821.62		245.656413846		243.390530608		247.552342212		
1470354464.86		246.41865041		244.127927044		248.358527314		
1470388108.11		247.932610306		245.684324781		249.846478913		
1470421751.35		249.212439018		246.990092425		251.139454509		
1470455394.59		250.400498915		248.213771442		252.298156674		
1470489037.84		251.55955254		249.399620894		253.464318603		
1470522681.08		249.914993978		247.819082608		251.800649669		
1470556324.32		251.028225576		248.935747538		252.936438109		
1470589967.57		252.146259143		250.041475464		254.017829433		
1470623610.81		253.227316106		251.150415548		255.091926719		
1470657254.05		254.307080747		252.261604534		256.164451748		
1470690897.3		255.345724806		253.340379229		257.190728161		
1470724540.54		275.804752093		273.660500674		277.828908177		
1470758183.78		258.365823824		256.376227094		260.248387395		
1470791827.03		277.72640225		275.625209487		279.718696891		
1470825470.27		277.932674463		275.87214557		279.918802447		
1470859113.51		278.018393587		275.981142505		280.008610705		
1470892756.76		278.077870662		276.033823899		280.083420919		
1470926400.0		278.135436765		276.143706013		280.133111318		
1470960043.24		278.439121387		276.493347797		280.36872659		
1470993686.49		278.829517137		276.934704339		280.715428685		
1471027329.73		279.129894374		277.274104027		280.952391256		
1471060972.97		279.517248107		277.626356171		281.282416744		
1471094616.22		279.835405096		278.004068399		281.575535951		
1471128259.46		280.231845388		278.458572572		281.958921271		
1471161902.7		280.622372262		278.891060592		282.259592922		
1471195545.95		280.931768093		279.265995618		282.592809224		
1471229189.19		281.26850171		279.638262018		282.919046666		
1471262832.43		281.550346394		279.955383292		283.194486357		
1471296475.68		281.859553585		280.275930604		283.562098573		
1471330118.92		282.208936624		280.662262507		283.952205558		
1471363762.16		282.495569683		280.892525553		284.251821293		
1471397405.41		282.796467799		281.196675006		284.60635674		
1471431048.65		283.088524814		281.472405457		284.907313997		
1471464691.89		283.476465754		281.753934868		285.292642565		
1471498335.14		283.83873541		282.095118296		285.72248736		
1471531978.38		284.11482353		282.34437573		286.014125304		
1471565621.62		284.440623014		282.654976074		286.423101243		
1471599264.86		284.760985091		282.939094592		286.814553761		
1471632908.11		285.051911042		283.213740914		287.142688658		
1471666551.35		285.328991443		283.53259072		287.463007809		
1471700194.59		285.62667536		283.83332526		287.841036936		
1471733837.84		285.905617845		284.160753907		288.143160276		
1471767481.08		286.200845696		284.430381185		288.477884881		
1471801124.32		286.493447406		284.677211293		288.830894483		
1471834767.57		286.83573919		284.99903678		289.316635384		
1471868410.81		286.986742022		285.138634791		289.517803859		
1471902054.05		285.851561545		284.12134627		287.826456068		
1471935697.3		276.903594575		275.268144063		278.591118006		
1471969340.54		268.737983504		267.099673853		270.340645938		
1472002983.78		261.070487151		259.458365767		262.78775968		
1472036627.03		253.937964267		252.086492877		255.74900748		
1472070270.27		238.72405878		236.592044829		240.606854092		
1472103913.51		241.340875077		239.232712526		243.257768606		
1472137556.76		217.284353284		215.398291358		218.988135916		
1472171200.0		230.758870806		228.76566038		232.544810267		
1472204843.24		225.804694111		223.938237507		227.637906806		
1472238486.49		221.120346473		219.304836316		222.925994784		
1472272129.73		216.649862151		214.877909584		218.469359171		
1472305772.97		212.393956103		210.663819955		214.243013381		
1472339416.22		208.346912179		206.633840818		210.175284092		
1472373059.46		204.482204063		202.782022096		206.298808287		
1472406702.7		200.797134811		199.104867402		202.54883357		
1472440345.95		197.269963539		195.607982436		198.97510902		
1472473989.19		193.875436886		192.235987265		195.553825818		
1472507632.43		190.613713903		189.026689024		192.313898505		
1472541275.68		187.475026357		185.912757324		189.159432171		
1472574918.92		184.500484171		182.917559317		186.097259971		
1472608562.16		181.597066791		180.042543284		183.186345502		
1472642205.41		178.814826236		177.297872451		180.377647758		
1472675848.65		176.113187614		174.646680971		177.660490797		
1472709491.89		173.510720165		172.07125553		175.04673412		
1472743135.14		170.99478187		169.572533163		172.546063642		
1472776778.38		168.570097598		167.190806766		170.123773785		
1472810421.62		166.139545683		164.810647897		167.732080991		
1472844064.86		164.392867866		163.133071008		165.935120395		
1472877708.11		168.43376804		167.193471356		169.965839684		
1472911351.35		172.310968289		171.056017152		173.848584286		
1472944994.59		176.170256187		174.911344688		177.734444122		
1472978637.84		180.017229754		178.780814789		181.609058284		
1473012281.08		183.839317766		182.595019495		185.48410359		
1473045924.32		187.612411932		186.401774769		189.258483932		
1473079567.57		191.402515041		190.182268249		193.028164735		
1473113210.81		195.377527289		194.132895263		197.020826475		
1473146854.05		199.026976389		197.751665652		200.683946084		
1473180497.3		202.779710692		201.490068956		204.388269414		
1473214140.54		206.461165426		205.149338475		208.028057036		
1473247783.78		210.080841881		208.782409534		211.64540944		
1473281427.03		213.656107387		212.353447982		215.226540564		
1473315070.27		217.171734302		215.881063039		218.725767878		
1473348713.51		220.659654921		219.369418179		222.267911742		
1473382356.76		223.890493859		222.60054231		225.44508139		
1473416000.0		227.372855625		226.052601816		228.994662065		
1473449643.24		230.657102838		229.335106133		232.320413554		
1473483286.49		233.908513921		232.568800299		235.531360672		
1473516929.73		237.086102053		235.786180889		238.751766		
1473550572.97		240.221929741		238.920290975		241.883344338		
1473584216.22		243.294252552		241.98349949		244.954229628		
1473617859.46		246.283286638		244.993636131		247.98961658		
1473651502.7		249.225394487		247.9456646		250.958741586		
1473685145.95		252.145640466		250.849125862		253.886233613		
1473718789.19		254.99423709		253.693108177		256.748863713		
1473752432.43		257.796633244		256.465438202		259.585930323		
1473786075.68		260.536498694		259.204695253		262.347189356		
1473819718.92		263.610752572		262.27089115		265.349021441		
1473853362.16		266.275720232		265.008233364		267.928043779		
1473887005.41		268.824299427		267.596241306		270.416173833		
1473920648.65		270.975294583		269.688070066		272.590477165		
1473954291.89		273.394100109		272.10092982		275.037644909		
1473987935.14		275.808411099		274.500345939		277.473300523		
1474021578.38		278.16043856		276.854206096		279.82546248		
1474055221.62		280.425996839		279.122484879		282.168496659		
1474088864.86		273.850904314		272.589446561		275.543410147		
1474122508.11		275.945746153		274.665498501		277.672499962		
1474156151.35		278.023659289		276.731789653		279.803366912		
1474189794.59		280.075813528		278.77698365		281.869453593		
1474223437.84		282.039340066		280.751163603		283.884100938		
1474257081.08		283.955063199		282.677334292		285.836650688		
1474290724.32		285.824409233		284.547706884		287.745813967		
1474324367.57		287.662802559		286.366110225		289.59633661		
1474358010.81		289.440988691		288.13526273		291.396176778		
1474391654.05		289.205294858		287.899660903		291.155014276		
1474425297.3		290.923773992		289.616387548		292.88614437		
1474458940.54		292.620888504		291.299645818		294.623502464		
1474492583.78		294.278690999		292.966750238		296.343086604		
1474526227.03		294.750332153		293.440373937		296.829927608		
1474559870.27		296.664628808		295.363716883		298.796627616		
1474593513.51		298.595307473		297.274370909		300.740024942		
1474627156.76		300.384256109		299.047276715		302.554320063		
1474660800.0		297.47808813		296.148553659		299.610409881		
1474694443.24		299.100235361		297.748560862		301.236950661		
1474728086.49		300.587067798		299.23358082		302.738120831		
1474761729.73		302.017405223		300.643437367		304.208323622		
1474795372.97		303.4135213		302.025519592		305.629680624		
1474829016.22		304.760825913		303.368267853		307.025002365		
1474862659.46		306.046480256		304.643124457		308.325158307		
1474896302.7		307.315581312		305.894716532		309.627190644		
1474929945.95		308.534224659		307.102257982		310.902934861		
1474963589.19		309.722539801		308.274499994		312.143766622		
1474997232.43		310.889684055		309.451252017		313.345187469		
1475030875.68		312.040798127		310.595265199		314.478534267		
1475064518.92		313.142741367		311.705994577		315.577799074		
1475098162.16		314.37068477		312.928703327		316.802042793		
1475131805.41		315.605027385		314.148275378		318.060026085		
1475165448.65		316.831006383		315.363634165		319.290095861		
1475199091.89		311.491076249		310.171104342		313.691435314		
1475232735.14		301.476946611		300.486608497		303.27178937		
1475266378.38		291.926695244		290.977610699		293.301774455		
1475300021.62		273.482278309		272.56053885		274.71856722		
1475333664.86		274.400353249		273.369700517		275.545106107		
1475367308.11		268.764433555		267.492367259		270.005471472		
1475400951.35		266.125973881		264.740418472		267.536452175		
1475434594.59		263.95672991		262.512984765		265.48192681		
1475468237.84		261.87516511		260.289487965		263.539547528		
1475501881.08		259.885115715		258.090312751		261.7022989		
1475535524.32		255.005513834		253.076461864		256.952210462		
1475569167.57		253.24413012		251.068136341		255.310868703		
1475602810.81		251.773330474		249.484584584		253.999573796		
1475636454.05		250.073778403		247.624972055		252.488030018		
1475670097.3		249.632288393		247.024484424		252.194789548		
1475703740.54		253.314022101		250.696114197		255.913704295		
1475737383.78		259.032197667		256.488785878		261.577836864		
1475771027.03		264.870616705		262.360943471		267.365525695		
1475804670.27		270.583625912		268.107971658		273.023234858		
1475838313.51		276.267992547		273.812783735		278.608679878		
1475871956.76		281.733231137		279.283243216		283.983161988		
1475905600.0		286.504508582		284.107775384		288.699341808		
1475939243.24		291.177005942		288.865354708		293.327715758		
1475972886.49		295.82399969		293.523738764		297.897369735		
1476006529.73		300.352859002		298.110135704		302.344202215		
1476040172.97		304.774347878		302.589049399		306.683816167		
1476073816.22		309.083017688		306.975251978		310.952599477		
1476107459.46		313.325451817		311.261823396		315.107248966		
1476141102.7		317.437375508		315.503587134		319.203678499		
1476174745.95		321.555407699		319.670798542		323.245496037		
1476208389.19		325.475565702		323.647047315		327.099387007		
1476242032.43		329.328130525		327.539233021		330.866898224		
1476275675.68		333.045760709		331.301765882		334.544992706		
1476309318.92		336.61155663		334.966078852		338.148156996		
1476342962.16		339.373276744		337.820804355		340.95493247		
1476376605.41		342.178776344		340.697750725		343.716185149		
1476410248.65		345.264694642		343.8449424		346.73435112		
1476443891.89		348.245009342		346.870651452		349.691050919		
1476477535.14		351.023126415		349.669291322		352.477234186		
1476511178.38		354.147838744		352.806548233		355.653839437		
1476544821.62		357.185637571		355.912209697		358.667902845		
1476578464.86		360.107440972		358.820778003		361.586725422		
1476612108.11		362.923945986		361.69821308		364.428710503		
1476645751.35		365.696931099		364.467016682		367.201091502		
1476679394.59		368.365603675		367.129998973		369.914711536		
1476713037.84		370.962574718		369.724931755		372.5137177		
1476746681.08		373.467770163		372.232439963		374.994276906		
1476780324.32		375.866430747		374.658707802		377.384736589		
1476813967.57		378.187748687		377.011783427		379.726399496		
1476847610.81		380.459432032		379.294031887		382.011827019		
1476881254.05		382.635708328		381.479337442		384.220467686		
1476914897.3		384.73531773		383.596256553		386.323793743		
1476948540.54		386.70769008		385.591720377		388.336596902		
1476982183.78		388.559721745		387.441456674		390.223754381		
1477015827.03		390.139428979		389.015388729		391.814453278		
1477049470.27		391.626379051		390.518677476		393.353950518		
1477083113.51		393.07251356		391.935411481		394.830873055		
1477116756.76		394.500885644		393.34628209		396.310658527		
1477150400.0		395.876504527		394.712522477		397.706009967		
1477184043.24		397.200937348		396.039371481		399.062200186		
1477217686.49		398.512574079		397.326413004		400.399978683		
1477251329.73		399.77998115		398.587877154		401.671015504		
1477284972.97		400.99769915		399.80718597		402.911542038		
1477318616.22		402.191736403		400.982430475		404.115631536		
1477352259.46		403.351945133		402.130032403		405.286956547		
1477385902.7		404.462799411		403.242687678		406.434213252		
1477419545.95		405.52540661		404.297705426		407.527266099		
1477453189.19		406.581222065		405.349982146		408.600044529		
1477486832.43		407.626443134		406.376095816		409.6477619		
1477520475.68		408.642990004		407.389626159		410.682504554		
1477554118.92		409.616992374		408.352259869		411.659107534		
1477587762.16		410.429605551		409.15111022		412.46733988		
1477621405.41		411.474057674		410.19037167		413.524540192		
1477655048.65		412.408740955		411.104453082		414.454041394		
1477688691.89		413.25419631		411.95344963		415.309023758		
1477722335.14		414.120724063		412.816507899		416.182470769		
1477755978.38		414.972974048		413.651320412		417.070163154		
1477789621.62		415.81916584		414.493068205		417.938554641		
1477823264.86		416.646794472		415.308728343		418.773097925		
1477856908.11		417.440722766		416.100231263		419.568735097		
1477890551.35		418.22860795		416.888676253		420.38881335		
1477924194.59		418.980158491		417.626566575		421.166288913		
1477957837.84		419.732316111		418.374766494		421.929103443		
1477991481.08		420.477728862		419.110991185		422.666331723		
1478025124.32		421.200260141		419.849160715		423.388701981		
1478058767.57		421.925409117		420.560937872		424.106004556		
1478092410.81		422.612883181		421.248482834		424.789991536		
1478126054.05		423.324042906		421.938778588		425.517144179		
1478159697.3		423.978252078		422.575677095		426.171442789		
1478193340.54		424.693750336		423.281218859		426.888063244		
1478226983.78		425.349081853		423.945328784		427.538635313		
1478260627.03		426.001947821		424.599767405		428.189948798		
1478294270.27		426.664781426		425.260747088		428.864029494		
1478327913.51		427.317609149		425.917169255		429.537633672		
1478361556.76		427.935868779		426.531353326		430.178822628		
1478395200.0		428.578215784		427.168568009		430.837123059		
1478428843.24		429.192155289		427.777065127		431.461333911		
1478462486.49		429.800009621		428.377701972		432.080459642		
1478496129.73		430.407201968		428.969986647		432.69815076		
1478529772.97		431.016752601		429.576254486		433.322362814		
1478563416.22		431.629289654		430.177935541		433.940311811		
1478597059.46		432.220919969		430.768307083		434.543563365		
1478630702.7		432.82021859		431.370338041		435.145364259		
1478664345.95		433.438226525		431.957629393		435.746567451		
1478697989.19		434.01664763		432.527232873		436.314840232		
1478731632.43		434.599208983		433.107287866		436.892836602		
1478765275.68		435.192853904		433.697686804		437.487171092		
1478798918.92		435.757091426		434.249305701		438.042568931		
1478832562.16		436.34276996		434.83767768		438.638804268		
1478866205.41		436.911670774		435.398575327		439.216143559		
1478899848.65		437.484461677		435.976406468		439.789961192		
1478933491.89		438.062211946		436.551231969		440.362098978		
1478967135.14		438.639356798		437.129731805		440.928505741		
1479000778.38		439.196759456		437.684396765		441.476834462		
1479034421.62		439.777417344		438.27082847		442.065081259		
1479068064.86		440.33571547		438.828670178		442.600191689		
1479101708.11		440.890500978		439.377652495		443.131850771		
1479135351.35		441.461754426		439.950666845		443.700649616		
1479168994.59		442.011492428		440.504684871		444.232139953		
1479202637.84		442.558084106		441.049879206		444.777078192		
1479236281.08		443.107387144		441.60334044		445.306827104		
1479269924.32		443.64302583		442.142311537		445.832014557		
1479303567.57		444.184406783		442.679603578		446.3585761		
1479337210.81		444.723453624		443.226607598		446.86452687		
1479370854.05		445.268237295		443.778455804		447.390601064		
1479404497.3		445.815178341		444.314721891		447.924894619		
1479438140.54		446.367805027		444.879528387		448.481435641		
1479471783.78		446.897781862		445.41116369		449.010680351		
1479505427.03		447.457956704		445.965593562		449.563104913		
1479539070.27		448.001963247		446.506837496		450.091586898		
1479572713.51		448.547587566		447.052063683		450.622720849		
1479606356.76		449.098172373		447.607577448		451.17321411		
1479640000.0		449.640660858		448.147832391		451.715483036		
1479673643.24		450.162459996		448.675221484		452.217628947		
1479707286.49		450.69261996		449.208113922		452.73689789		
1479740929.73		451.238158135		449.75021447		453.278689781		
1479774572.97		424.425315608		422.133655483		427.546885465		
1479808216.22		360.408597991		355.093611086		366.925856723		
1479841859.46		361.722776793		356.515607085		367.740071479		
1479875502.7		375.871563221		370.361960857		381.802336412		
1479909145.95		379.498415636		374.186052291		385.22124561		
1479942789.19		383.005190273		377.907597222		388.515753168		
1479976432.43		386.424101798		381.515196284		391.7574154		
1480010075.68		389.758211295		385.016707313		394.964545631		
1480043718.92		393.047619917		388.473510717		398.071814233		
1480077362.16		396.211407979		391.809346972		400.986906661		
1480111005.41		399.288277252		395.005218684		403.74220903		
1480144648.65		402.308589551		398.144952452		406.556109389		
1480178291.89		405.180182379		401.145615674		409.263418059		
1480211935.14		407.956296504		404.096085332		411.905911253		
1480245578.38		410.682873365		406.970969532		414.512877693		
1480279221.62		413.284644587		409.75028516		417.058142939		
1480312864.86		415.868002377		412.348898944		419.473535591		
1480346508.11		417.697349258		414.401613348		421.160019486		
1480380151.35		415.870154053		412.9165415		419.089393204		
1480413794.59		414.171751252		411.483527979		417.031985224		
1480447437.84		412.394401759		409.983978255		415.245300349		
1480481081.08		410.782803157		408.568746849		413.654957715		
1480514724.32		409.323860127		407.108788654		412.176452181		
1480548367.57		407.932427821		405.750763973		410.781316976		
1480582010.81		406.713928057		404.42408687		409.683173968		
1480615654.05		405.553538631		403.232760561		408.516639467		
1480649297.3		404.407186281		401.915172177		407.525716215		
1480682940.54		403.36842882		400.705136797		406.641001429		
1480716583.78		402.420214005		399.54635098		405.827756466		
1480750227.03		401.586512294		398.374729793		405.095873539		
1480783870.27		400.826361016		397.332796313		404.473884147		
1480817513.51		400.054385716		396.304696327		403.801588261		
1480851156.76		399.326211804		395.424830989		403.344393316		
1480884800.0		398.68911212		394.63565216		402.827533552		
1480918443.24		398.102930419		393.824768767		402.450697509		
1480952086.49		400.788983224		396.635428355		405.062899277		
1480985729.73		404.202246852		400.196046906		408.384460067		
1481019372.97		407.521231322		403.674438355		411.517495004		
1481053016.22		410.72156974		407.046027211		414.587916705		
1481086659.46		413.794701784		410.26689897		417.526834339		
1481120302.7		416.827359824		413.405854982		420.373004477		
1481153945.95		419.81035083		416.509136503		423.221261938		
1481187589.19		422.688194042		419.518979332		425.97333711		
1481221232.43		425.468082881		422.442053804		428.65599001		
1481254875.68		428.139579952		425.222699005		431.180561189		
1481288518.92		430.711736		427.901101426		433.634012385		
1481322162.16		433.175226698		430.516789933		436.004842491		
1481355805.41		435.580968675		433.003272853		438.312913075		
1481389448.65		437.907232685		435.44099843		440.590716818		
1481423091.89		440.191704166		437.79382258		442.786937173		
1481456735.14		442.38474641		440.110145222		444.915185581		
1481490378.38		444.543759968		442.378216941		446.965658584		
1481524021.62		446.576971779		444.566179311		448.964520142		
1481557664.86		448.50271281		446.620331041		450.798849912		
1481591308.11		450.216346773		448.434037972		452.48980198		
1481624951.35		451.80858073		450.070768356		454.003675133		
1481658594.59		453.32695874		451.638628265		455.453404582		
1481692237.84		454.838569981		453.172629623		456.936130118		
1481725881.08		456.309343913		454.677323945		458.363094986		
1481759524.32		457.791321562		456.182134633		459.80424896		
1481793167.57		459.240975167		457.677315558		461.209756206		
1481826810.81		460.591133792		459.035967241		462.555996414		
1481860454.05		461.884714474		460.406189101		463.816349205		
1481894097.3		463.208010866		461.685538029		465.045236271		
1481927740.54		464.457553025		462.948294479		466.313910456		
1481961383.78		465.731314585		464.139715924		467.541580791		
1481995027.03		466.886343376		465.356894131		468.692263515		
1482028670.27		468.044118787		466.486780385		469.834031045		
1482062313.51		469.208217507		467.652670042		470.980274439		
1482095956.76		470.344553914		468.786269079		472.11796622		
1482129600.0		471.499916532		469.930249215		473.232500719		
1482163243.24		472.557266034		470.959787595		474.287477757		
1482196886.49		462.123431921		460.553142846		463.82665226		
1482230529.73		451.075840099		448.670947452		453.694457774		
1482264172.97		440.951520563		437.438744091		444.731795867		
1482297816.22		431.587143415		427.009912535		436.352278535		
1482331459.46		422.92069384		417.105470077		428.576810826		
1482365102.7		417.221084099		410.611794705		423.41916468		
1482398745.95		420.623190108		414.311190288		426.71874274		
1482432389.19		424.072357169		418.036839428		429.986818388		
1482466032.43		427.414924919		421.62187969		433.074016492		
1482499675.68		430.64805908		425.086796169		436.148581292		
1482533318.92		433.761416151		428.45022319		439.007164988		
1482566962.16		436.772422201		431.678591309		441.778020019		
1482600605.41		439.7467667		434.859058639		444.570099125		
1482634248.65		442.643777617		437.896527833		447.288253826		
1482667891.89		445.374097665		440.853070627		449.8585774		
1482701535.14		447.997755847		443.686989542		452.337300303		
1482735178.38		450.534564372		446.417809206		454.75616051		
1482768821.62		452.997713015		449.09813588		457.030710117		
1482802464.86		455.381939172		451.664879378		459.223185389		
1482836108.11		457.677247517		454.165337757		461.413037164		
1482869751.35		459.854296163		456.485912386		463.442270948		
1482903394.59		462.014567157		458.709197149		465.494746746		
1482937037.84		464.151047428		460.972359687		467.460154146		
1482970681.08		463.759595814		460.720316302		466.936363491		
1483004324.32		465.862096657		462.89730265		468.976596289		
1483037967.57		467.867423884		465.02395657		470.963152282		
1483071610.81		469.8488625		467.115184847		472.830942347		
1483105254.05		471.779625627		469.105646583		474.651936868		
1483138897.3		473.578531409		470.984019225		476.358896675		
1483172540.54		475.385965693		472.793096309		478.024295409		
1483206183.78		477.073385908		474.508757078		479.636729603		
1483239827.03		478.684200108		476.237346461		481.2518851		
1483273470.27		480.310095228		477.974819498		482.786728908		
1483307113.51		481.896519249		479.570872429		484.332853671		
1483340756.76		483.443007857		481.176085051		485.843413814		
1483374400.0		484.975930259		482.737891718		487.303976467		
1483408043.24		486.415144198		484.241964022		488.69284483		
1483441686.49		487.778270375		485.649330264		490.022894245		
1483475329.73		489.104639403		487.075313479		491.320014259		
1483508972.97		490.378780834		488.451703605		492.589511403		
1483542616.22		491.657188526		489.711617354		493.835269292		
1483576259.46		492.919147058		491.074592265		495.106286438		
1483609902.7		494.137110512		492.299307964		496.341149769		
1483643545.95		495.320292513		493.480818662		497.526844243		
1483677189.19		496.500299309		494.698884966		498.688860054		
1483710832.43		497.64753507		495.852712741		499.838554536		
1483744475.68		498.790885768		496.969793024		500.96878017		
1483778118.92		499.890870286		498.096047278		502.158296308		
1483811762.16		501.011737439		499.172787153		503.286456875		
1483845405.41		502.076107262		500.251867914		504.387423853		
1483879048.65		503.118224591		501.284300958		505.442320116		
1483912691.89		504.13005329		502.312911729		506.48263153		
1483946335.14		505.117329283		503.290092819		507.506612273		
1483979978.38		506.16543772		504.304583595		508.531311022		
1484013621.62		507.212476769		505.328055357		509.593341361		
1484047264.86		508.205439715		506.334912964		510.649133592		
1484080908.11		509.159849256		507.219926149		511.627818693		
1484114551.35		510.052086835		508.087417843		512.542132458		
1484148194.59		510.939167241		508.953399675		513.420231923		
1484181837.84		511.783366865		509.812254308		514.27781648		
1484215481.08		512.679041663		510.658716059		515.173740359		
1484249124.32		513.514967093		511.509811115		516.029111815		
1484282767.57		514.304036353		512.255508797		516.818842912		
1484316410.81		515.07715276		513.012965589		517.615940782		
1484350054.05		515.817604151		513.723536163		518.403805615		
1484383697.3		516.583969947		514.469790636		519.21245885		
1484417340.54		517.350475068		515.225327561		520.005247631		
1484450983.78		518.129697594		515.983447116		520.819849314		
1484484627.03		518.930995583		516.749759551		521.630272963		
1484518270.27		519.663564023		517.446096729		522.384366431		
1484551913.51		520.379632677		518.128861578		523.11360389		
1484585556.76		521.097901799		518.807955669		523.838249294		
1484619200.0		521.764941092		519.440272423		524.534835152		
1484652843.24		522.464116284		520.106888919		525.267645267		
1484686486.49		523.203723203		520.814850433		526.038893158		
1484720129.73		523.938705157		521.531797407		526.810949712		
1484753772.97		524.6266215		522.209526362		527.566869601		
1484787416.22		415.981123745		414.058057863		418.333709433		
1484821059.46		416.536814794		414.596451788		418.912491457		
1484854702.7		417.085190454		415.126850193		419.483591014		
1484888345.95		417.639825425		415.660072008		420.039188053		
1484921989.19		418.187049845		416.197170204		420.613295995		
1484955632.43		500.243712385		497.845002722		503.150949097		
1484989275.68		500.939793787		498.510916514		503.866713284		
1485022918.92		501.619179651		499.174352526		504.561636278		
1485056562.16		502.277646498		499.809061494		505.229356331		
1485090205.41		502.920114436		500.448332821		505.894563137		
1485123848.65		503.589590277		501.120226684		506.576912381		
1485157491.89		504.224571886		501.744619244		507.269592809		
1485191135.14		504.838276459		502.342924617		507.926026153		
1485224778.38		500.050701461		497.555571117		503.145569799		
1485258421.62		488.66345672		486.194267086		491.750518978		
1485292064.86		478.014293034		475.612803676		481.05377777		
1485325708.11		473.564668342		471.171888707		476.580875534		
1485359351.35		475.271440186		472.855327304		478.31593273		
1485392994.59		476.926231392		474.494987947		480.021076802		
1485426637.84		478.603622737		476.136364633		481.717716683		
1485460281.08		401.961276559		399.88293409		404.60106408		
1485493924.32		403.359481563		401.258896972		406.011157249		
1485527567.57		404.728685801		402.607476685		407.343197672		
1485561210.81		406.057880244		403.911127852		408.66875846		
1485594854.05		407.327887425		405.157939148		409.926486777		
1485628497.3		408.564533316		406.379246486		411.206772252		
1485662140.54		409.773585939		407.57953029		412.462552432		
1485695783.78		410.973824486		408.768013217		413.704944253		
1485729427.03		412.153706138		409.902009943		414.913579554		
1485763070.27		413.299482893		411.027702429		416.094625605		
1485796713.51		414.414069611		412.12517391		417.243216162		
1485830356.76		477.285100193		474.627681008		480.584515703		
1485864000.0		478.500781872		475.745903983		481.826084582		
1485897643.24		479.693995694		476.84573127		483.050983334		
1485931286.49		480.834870021		477.932908531		484.229899638		
1485964929.73		458.329167314		452.917928843		465.503713533		
1485998572.97		449.805086334		443.323500936		460.003651248		
1486032216.22		451.806607551		445.476117758		461.657535964		
1486065859.46		463.756127219		457.590616101		473.373692986		
1486099502.7		465.983980221		460.098071886		475.152579992		
1486133145.95		468.15604492		462.363714045		476.763525857		
1486166789.19		470.183599014		464.651428813		478.250609642		
1486200432.43		472.19127343		466.854121057		479.85490418		
1486234075.68		474.159380193		469.042045063		481.34495909		
1486267718.92		476.05810229		471.097405607		482.715484043		
1486301362.16		477.960710279		473.115103052		483.979888952		
1486335005.41		479.652221559		475.110095456		485.288179981		
1486368648.65		481.309210021		477.052858047		486.5684637		
1486402291.89		482.879150712		478.90876621		487.928522129		
1486435935.14		484.562834106		480.712538102		489.427014318		
1486469578.38		486.258843735		482.52086121		490.918439891		
1486503221.62		487.763657996		484.217004407		492.405569391		
1486536864.86		489.261288154		485.738402603		493.720330167		
1486570508.11		490.708825857		487.368382895		495.073935349		
1486604151.35		492.18494108		488.862419377		496.411219846		
1486637794.59		493.6565579		490.257165474		497.731215187		
1486671437.84		495.048810093		491.545294166		498.99057409		
1486705081.08		496.358025929		492.927419114		500.224285539		
1486738724.32		497.701147497		494.260945708		501.434143124		
1486772367.57		498.98092194		495.596996715		502.579784704		
1486806010.81		500.224406714		496.918362141		503.780526365		
1486839654.05		501.479782352		498.205729018		504.955234124		
1486873297.3		502.724435077		499.455130662		506.140189488		
1486906940.54		503.959354548		500.750983431		507.342118546		
1486940583.78		505.250251108		502.000133841		508.514255295		
1486974227.03		506.429199861		503.181425329		509.650224756		
1487007870.27		507.587930451		504.341552166		510.84660532		
1487041513.51		508.760919508		505.462691142		511.965208595		
1487075156.76		509.811638797		506.549560968		512.995516722		
1487108800.0		510.878595153		507.63308486		514.150186198		
1487142443.24		511.981893357		508.687930963		515.302673137		
1487176086.49		513.039550641		509.742329262		516.461706049		
1487209729.73		514.160322463		510.876362845		517.607570742		
1487243372.97		515.203939685		511.897296911		518.742924891		
1487277016.22		517.168535809		513.704710605		520.671422281		
1487310659.46		518.085524569		514.645401562		521.622188032		
1487344302.7		519.039823991		515.565632896		522.593328103		
1487377945.95		519.982946078		516.480707092		523.527388054		
1487411589.19		520.880044427		517.359994239		524.409334045		
1487445232.43		521.732706042		518.215594526		525.30965726		
1487478875.68		522.583566815		519.09075208		526.124143451		
1487512518.92		523.480019855		519.965583044		527.036206854		
1487546162.16		524.314562458		520.794276284		527.877794983		
1487579805.41		525.179658915		521.610275289		528.714903404		
1487613448.65		526.007527829		522.432474009		529.497878425		
1487647091.89		526.843217375		523.341030685		530.357329434		
1487680735.14		527.698040194		524.179139857		531.206309505		
1487714378.38		528.466318745		524.985823513		532.010448473		
1487748021.62		529.307673354		525.899962141		532.702749471		
1487781664.86		530.104214689		526.777823435		533.459015698		
1487815308.11		530.98723682		527.70974971		534.32598252		
1487848951.35		531.797879424		528.592972764		535.019179959		
1487882594.59		532.57710405		529.360115405		535.681492859		
1487916237.84		533.260186371		530.172423929		536.434199322		
1487949881.08		533.894693974		530.817361763		537.045291456		
1487983524.32		534.501470528		531.515017961		537.717297272		
1488017167.57		535.10444971		532.260896946		538.371233393		
1488050810.81		535.753850663		532.930327454		538.942875609		
1488084454.05		536.358455742		533.594953168		539.463485827		
1488118097.3		536.925747059		534.173613018		539.991342915		
1488151740.54		537.445744828		534.706614438		540.495702607		
1488185383.78		538.006155728		535.242126941		540.998997738		
1488219027.03		538.566972447		535.732742165		541.507568683		
1488252670.27		539.181656784		536.228396041		542.041618708		
1488286313.51		539.652886066		536.68522637		542.484173715		
1488319956.76		540.151283804		537.145835197		542.937128468		
1488353600.0		540.597583446		537.583448466		543.398311464		
1488387243.24		541.008830097		537.98338624		543.827501599		
1488420886.49		541.533077666		538.430983056		544.31706213		
1488454529.73		541.956438842		538.889838434		544.779404901		
1488488172.97		542.418685949		539.281118754		545.245522723		
1488521816.22		542.835860603		539.581779328		545.636636619		
1488555459.46		543.25885063		539.994724959		546.05740475		
1488589102.7		543.647116331		540.292405194		546.466290956		
1488622745.95		544.034782235		540.66530464		546.860999542		
1488656389.19		544.361843965		540.995703209		547.261369333		
1488690032.43		544.650416571		541.251028888		547.596159349		
1488723675.68		544.913594364		541.496765479		547.890337203		
1488757318.92		543.935656289		540.538763991		546.965819325		
1488790962.16		543.885114224		540.404778683		546.893303965		
1488824605.41		544.352938392		540.861754824		547.392880576		
1488858248.65		544.820466531		541.298508133		547.916793261		
1488891891.89		545.320185958		541.78395326		548.422374734		
1488925535.14		545.759843025		542.182606236		548.909714773		
1488959178.38		546.120844831		542.552915		549.326814701		
1488992821.62		546.521883356		542.972243278		549.773010882		
1489026464.86		546.995870808		543.468568579		550.260749271		
1489060108.11		547.416868821		543.860528189		550.672523091		
1489093751.35		548.851982789		545.317136412		552.153582504		
1489127394.59		549.136055753		545.59916244		552.427704814		
1489161037.84		549.492338966		545.953522596		552.815331432		
1489194681.08		549.812301132		546.256001907		553.166559142		
1489228324.32		550.157514452		546.605641734		553.559206354		
1489261967.57		550.549181448		547.026166823		553.935781679		
1489295610.81		550.881398658		547.413031108		554.268936222		
1489329254.05		551.203979881		547.753378582		554.546007189		
1489362897.3		551.469635592		548.057781499		554.802397229		
1489396540.54		551.699615118		548.295022063		555.033156705		
1489430183.78		551.963527818		548.593819214		555.279024476		
1489463827.03		552.192138695		548.905363449		555.482569249		
1489497470.27		552.395645428		549.177679003		555.648400348		
1489531113.51		552.629005723		549.390899261		555.843611343		
1489564756.76		552.817509235		549.728160631		556.019924339		
1489598400.0		553.040886292		550.053702389		556.272812922		
1489632043.24		553.261241289		550.30594069		556.443191032		
1489665686.49		553.532620856		550.636718813		556.640371884		
1489699329.73		553.686976726		550.786715373		556.77527296		
1489732972.97		553.861180889		551.026914624		556.909913519		
1489766616.22		554.082935439		551.24883232		557.077985222		
1489800259.46		554.313112373		551.64839877		557.292442137		
1489833902.7		554.525727229		551.879581087		557.534517463		
1489867545.95		554.651903586		551.971154782		557.589553555		
1489901189.19		554.802856903		552.054517284		557.773958431		
1489934832.43		554.943229421		552.150154083		557.818668541		
1489968475.68		555.164785493		552.271749718		558.000463653		
1490002118.92		555.304909568		552.386518391		558.162429899		
1490035762.16		555.454288994		552.500171418		558.311612737		
1490069405.41		555.601448797		552.62001455		558.628075016		
1490103048.65		555.765595915		552.783747062		558.826617344		
1490136691.89		555.876181064		552.850673059		559.118165831		
1490170335.14		555.997417486		552.966591394		559.254366211		
1490203978.38		556.065635146		553.009607797		559.380553414		
1490237621.62		556.219907592		553.172636048		559.508838597		
1490271264.86		556.356052207		553.283246718		559.73904596		
1490304908.11		556.510632104		553.423637642		559.974061795		
1490338551.35		556.604933858		553.539915819		560.068783385		
1490372194.59		556.724076777		553.632272566		560.159551266		
1490405837.84		556.906829148		553.795743382		560.383769809		
1490439481.08		557.075994252		553.93528918		560.528052138		
1490473124.32		557.171635485		554.047057549		560.654174264		
1490506767.57		557.287330979		554.152694784		560.718798579		
1490540410.81		557.355943192		554.252670431		560.784278535		
1490574054.05		557.484062875		554.32784087		560.944692736		
1490607697.3		557.564424781		554.391932425		561.067503999		
1490641340.54		557.751838954		554.549896546		561.343387621		
1490674983.78		557.94182826		554.691024022		561.5897742		
1490708627.03		558.104479611		554.825563264		561.835497334		
1490742270.27		558.18739501		554.921657601		561.949458075		
1490775913.51		558.335726287		555.029376531		562.244642275		
1490809556.76		558.566204389		555.233018652		562.549394772		
1490843200.0		558.808443917		555.383075369		562.791639713		
1490876843.24		558.98753564		555.48251588		563.026598755		
1490910486.49		559.108721211		555.588816101		563.268061453		
1490944129.73		559.274582186		555.74255361		563.497052274		
1490977772.97		559.460513835		555.893219412		563.753807704		
1491011416.22		559.650267611		556.073073563		564.004939225		
1491045059.46		559.928262267		556.33212342		564.355267407		
1491078702.7		560.184237654		556.594175574		564.707821243		
1491112345.95		560.398481045		556.78070217		564.970018003		
1491145989.19		560.559398166		556.910607951		565.141220968		
1491179632.43		560.658675771		557.002102587		565.319371621		
1491213275.68		560.747077859		557.057747604		565.493288099		
1491246918.92		560.872405178		557.105892755		565.666074194		
1491280562.16		561.033183702		557.228048005		565.868624575		
1491314205.41		561.184893914		557.38313602		566.170492805		
1491347848.65		561.394244685		557.524996201		566.457971532		
1491381491.89		561.474144326		557.590914879		566.664435161		
1491415135.14		561.691519121		557.736002372		566.947445437		
1491448778.38		561.794399312		557.820951168		567.140399315		
1491482421.62		561.939071499		557.880675633		567.366943053		
1491516064.86		560.314839177		556.22978009		565.809702917		
1491549708.11		560.435766139		556.323075215		566.017437681		
1491583351.35		560.611956422		556.55147448		566.286908175		
1491616994.59		560.795851442		556.737841947		566.549545215		
1491650637.84		561.012366383		556.914337916		566.895774414		
1491684281.08		561.209442433		557.051535765		567.254053601		
1491717924.32		561.408744293		557.220853374		567.611255218		
1491751567.57		561.609561738		557.356700262		567.920437707		
1491785210.81		561.818368156		557.516102655		568.221952634		
1491818854.05		562.007817541		557.653609191		568.520801019		
1491852497.3		562.198999892		557.794766686		568.818228982		
1491886140.54		562.373176107		557.914949778		569.114316882		
1491919783.78		562.564957607		558.07354085		569.40913432		
1491953427.03		562.767146659		558.221174379		569.702750455		
1491987070.27		562.971236586		558.387934042		569.995234576		
1492020713.51		563.15568996		558.527217688		570.286646727		
1492054356.76		563.350323581		558.631977859		570.571525403		
1492088000.0		563.524688708		558.735799334		570.851995514		
1492121643.24		563.714171311		558.891226869		571.086487572		
1492155286.49		563.904635027		559.00002379		571.348125043		
1492188929.73		564.093362297		559.137193988		571.620629662		
1492222572.97		564.27681042		559.26839797		571.909755223		
1492256216.22		564.45643431		559.364574582		572.192973361		
1492289859.46		564.626590917		559.46069078		572.475101608		
1492323502.7		564.78493947		559.557982205		572.78658696		
1492357145.95		564.984922543		559.686353368		573.097982495		
1492390789.19		565.18224831		559.761872535		573.405288774		
1492424432.43		565.375252508		559.850306206		573.691466621		
1492458075.68		565.582566146		559.932560173		574.024038063		
1492491718.92		565.768117732		560.050716707		574.356825664		
1492525362.16		565.931592918		560.172326895		574.636046424		
1492559005.41		566.092092852		560.272599696		574.903663249		
1492592648.65		566.261435948		560.373809356		575.21283668		
1492626291.89		566.430292252		560.481803401		575.521786641		
1492659935.14		566.599388211		560.598397649		575.830539272		
1492693578.38		566.774385722		560.705117819		576.137962436		
1492727221.62		566.954074354		560.785218563		576.44268012		
1492760864.86		567.123233014		560.925791747		576.747256601		
1492794508.11		567.297126431		561.003019478		577.051711626		
1492828151.35		567.472983271		561.129677613		577.378184647		
1492861794.59		567.656268718		561.228316048		577.688170034		
1492895437.84		567.824206292		561.325393586		577.978602539		
1492929081.08		567.98971095		561.447726425		578.27296076		
1492962724.32		568.167493781		561.587113473		578.567203738		
1492996367.57		568.348537177		561.690074349		578.848212087		
1493030010.81		568.55168633		561.81098636		579.137561198		
1493063654.05		568.749648294		561.896881857		579.429119205		
1493097297.3		568.930799277		561.97643349		579.723558831		
1493130940.54		569.125042625		562.044487063		580.043369833		
1493164583.78		569.317540287		562.112272471		580.363268472		
1493198227.03		569.490489319		562.182286335		580.683265886		
1493231870.27		569.660603368		562.260636186		581.006440187		
1493265513.51		569.815561768		562.398380685		581.341014824		
1493299156.76		569.987062538		562.500259531		581.653980283		
1493332800.0		570.176651817		562.590204047		581.976286755		
1493366443.24		570.375253132		562.698947322		582.302518371		
1493400086.49		570.566981896		562.807537198		582.628923049		
1493433729.73		570.753258365		562.922725479		582.955510381		
1493467372.97		570.939480266		563.024695204		583.272398776		
1493501016.22		571.102071369		563.109193685		583.588664099		
1493534659.46		571.287277748		563.183921773		583.896859307		
1493568302.7		571.529794228		563.294786347		584.179773835		
1493601945.95		571.68523101		563.388254238		584.462814871		
1493635589.19		571.861108725		563.482746842		584.752810543		
1493669232.43		572.004137852		563.581369054		585.06436657		
1493702875.68		572.186772908		563.699221089		585.37612806		
1493736518.92		572.354714676		563.789847032		585.688101311		
1493770162.16		572.527933437		563.858196248		586.000291844		
1493803805.41		572.685293472		563.930877032		586.312705126		
1493837448.65		572.857941168		564.015844161		586.625346665		
1493871091.89		573.01572005		564.100735006		586.938221294		
1493904735.14		573.190615174		564.185554257		587.251333927		
1493938378.38		573.367294594		564.274050355		587.564689387		
1493972021.62		573.545672915		564.365982125		587.878291919		
1494005664.86		573.726539818		564.458476022		588.19214594		
1494039308.11		573.885057224		564.550920502		588.506255686		
1494072951.35		574.039778173		564.649932342		588.820624893		
1494106594.59		574.207198364		564.730062334		589.13525754		
1494140237.84		574.382544213		564.826078021		589.450157353		
1494173881.08		574.53099792		564.93842266		589.762277622		
1494207524.32		574.681595379		565.035315499		590.072525904		
1494241167.57		574.850851056		565.123489495		590.402835119		
1494274810.81		575.022781288		565.211633135		590.738597413		
1494308454.05		575.215048737		565.297628345		591.074688186		
1494342097.3		575.415816156		565.368858		591.411110432		
1494375740.54		575.623499637		565.44740883		591.747866894		
1494409383.78		575.824130585		565.536937878		592.084960559		
1494443027.03		576.008767368		565.635040459		592.422394099		
1494476670.27		576.17613936		565.72614763		592.7610073		
1494510313.51		576.341247644		565.829154727		593.106500126		
1494543956.76		576.519500705		565.922525733		593.452356622		
1494577600.0		576.699346358		566.015866356		593.798579126		
1494611243.24		576.884763637		566.113920399		594.145170065		
1494644886.49		577.078626913		566.208114295		594.492131632		
1494678529.73		577.272588499		566.295255592		594.839465983		
1494712172.97		577.475261076		566.386207918		595.187175312		
1494745816.22		577.686825544		566.488456497		595.535261611		
1494779459.46		577.878287088		566.585546717		595.883726877		
1494813102.7		578.068185239		566.683908373		596.232573102		
1494846745.95		578.258182713		566.782278862		596.581326266		
1494880389.19		578.450960385		566.882486417		596.909264684		
1494914032.43		578.623098824		566.971369488		597.223047492		
1494947675.68		578.800977193		567.058702686		597.529123796		
1494981318.92		578.972565593		567.137951526		597.835491542		
1495014962.16		579.149687056		567.217202082		598.142152214		
1495048605.41		579.326675589		567.297288986		598.449107162		
1495082248.65		579.493864229		567.379163847		598.756357811		
1495115891.89		579.661132206		567.461044752		599.063905509		
1495149535.14		579.839101209		567.542932454		599.371751491		
1495183178.38		580.002405712		567.624827786		599.679897077		
1495216821.62		580.157290089		567.70673149		600.016209749		
1495250464.86		580.317249331		567.778845112		600.354303327		
1495284108.11		580.460017088		567.857672752		600.69276398		
1495317751.35		580.615166724		567.946276971		601.031592958		
1495351394.59		580.777797118		568.031305874		601.370791456		
1495385037.84		580.972173614		568.114077323		601.710360724		
1495418681.08		581.169105056		568.187069613		602.050301934		
1495452324.32		581.366158922		568.257712273		602.39061622		
1495485967.57		581.563335879		568.358646634		602.731304755		
1495519610.81		581.760636521		568.465815216		603.072368642		
1495553254.05		581.950024049		568.553697539		603.413808967		
1495586897.3		582.1370102		568.629378875		603.755626833		
1495620540.54		582.327321584		568.706726599		604.097823287		
1495654183.78		582.533807727		568.785034599		604.440399368		
1495687827.03		582.731569436		568.863355861		604.783356124		
1495721470.27		582.918040613		568.949190489		605.126694551		
1495755113.51		583.101455148		569.035604507		605.47041565		
1495788756.76		583.284978546		569.122037813		605.814520419		
1495822400.0		583.470605366		569.208490721		606.159009813		
1495856043.24		583.653750562		569.296761155		606.5038848		
1495889686.49		583.848416557		569.386932915		606.849146335		
1495923329.73		584.038454074		569.465919855		607.177972054		
1495956972.97		584.228093476		569.544216153		607.492987209		
1495990616.22		584.417850923		569.619008425		607.807938435		
1496024259.46		584.607726754		569.693815093		608.123210935		
1496057902.7		584.79772133		569.768636415		608.438805468		
1496091545.95		584.987834988		569.850345267		608.754722771		
1496125189.19		585.176763835		569.94880698		609.070963548		
1496158832.43		585.361468046		570.047298909		609.387528533		
1496192475.68		585.544790964		570.145821258		609.704418434		
1496226118.92		585.728224878		570.223382883		610.049209902		
1496259762.16		585.911770081		570.297909992		610.375341235		
1496293405.41		586.095426842		570.374437038		610.701788321		
1496327048.65		586.279195415		570.450981499		611.028581869		
1496360691.89		586.46307607		570.527543547		611.355722602		
1496394335.14		586.660483163		570.607351298		611.683211222		
1496427978.38		586.861448595		570.702540049		612.011048427		
1496461621.62		587.062550013		570.794718824		612.339234921		
1496495264.86		587.239320361		570.885965135		612.667771392		
1496528908.11		587.412039838		570.977238364		612.996658525		
1496562551.35		587.58485898		571.069875877		613.325897009		
1496596194.59		587.757777982		571.166163636		613.65548752		
1496629837.84		587.938184844		571.262481698		613.985430734		
1496663481.08		588.123084755		571.358830183		614.315498849		
1496697124.32		588.308098993		571.447678062		614.643784687		
1496730767.57		588.493227757		571.530095163		614.972419773		
1496764410.81		588.678471246		571.612534546		615.30140476		
1496798054.05		588.873152482		571.693005769		615.630740291		
1496831697.3		589.071313992		571.77198067		615.960427013		
1496865340.54		589.269607937		571.850975887		616.29046557		
1496898983.78		589.467696429		571.969028215		616.620856598		
1496932627.03		589.653064175		572.068047068		616.951600739		
1496966270.27		589.838547161		572.14751862		617.282698629		
1496999913.51		590.024145554		572.230697815		617.6141509		
1497033556.76		590.209859528		572.31402273		617.945958188		
1497067200.0		590.395689249		572.398568723		618.278121125		
