1463457600.0		5.22476777082		3.29896441562		18.619106165		
1463491243.24		3.03405388364		2.91888679748		3.23606656906		
1463524886.49		3.00344159417		2.96191983851		3.05248821727		
1463558529.73		3.12533369535		3.08988539975		3.16113344111		
1463592172.97		3.23938121557		3.20300286848		3.27637894392		
1463625816.22		3.39430392733		3.35581371899		3.4326168493		
1463659459.46		3.55625604573		3.51620372175		3.59637551847		
1463693102.7		3.6913172362		3.64990150971		3.73305177267		
1463726745.95		3.86879559894		3.82546412256		3.9125119318		
1463760389.19		4.01528034208		3.97029293523		4.06052280933		
1463794032.43		4.20687634253		4.15973773493		4.25417839824		
1463827675.68		4.40662255822		4.35723162252		4.45612608554		
1463861318.92		4.58227872767		4.53087083422		4.63356721794		
1463894962.16		4.79939449948		4.74559477528		4.85294915509		
1463928605.41		5.02675126401		4.97029719732		5.08250026854		
1463962248.65		5.22631026926		5.16760970727		5.2841897755		
1463995891.89		5.47310424931		5.41172402016		5.53363856766		
1464029535.14		5.67413725632		5.61051941475		5.7368533738		
1464063178.38		5.85411335694		5.78814430681		5.91853635826		
1464096821.62		6.02110152526		5.95313093816		6.08712312802		
1464130464.86		6.22128726643		6.15116570687		6.28929045794		
1464164108.11		6.54527255909		6.4717354877		6.61682960729		
1464197751.35		6.82390378596		6.74704182968		6.8980214691		
1464231394.59		7.08804929164		7.00787692149		7.16406512961		
1464265037.84		7.3615745591		7.27857952017		7.44008036562		
1464298681.08		7.61863755464		7.53310579259		7.69999655109		
1464332324.32		7.93657998964		7.84788087486		8.0214718932		
1464365967.57		8.22052831949		8.12904440531		8.30850675897		
1464399610.81		8.56240636417		8.46738830384		8.65410232248		
1464433254.05		8.91779319161		8.81928753817		9.01325380724		
1464466897.3		9.23320006141		9.13145045109		9.33185408426		
1464500540.54		9.61430270348		9.50869405231		9.71714161008		
1464534183.78		9.97109288171		9.86198806138		10.0776573654		
1464567827.03		10.3631186021		10.2493906801		10.4730034851		
1464601470.27		10.7890581037		10.6706090553		10.902691014		
1464635113.51		11.1443607217		11.0230020169		11.2620360289		
1464668756.76		11.6005445669		11.4750905607		11.7236890852		
1464702400.0		12.0344054855		11.9045630685		12.1610131377		
1464736043.24		12.4941923293		12.3599871095		12.6254199474		
1464769686.49		12.9991902864		12.8610045217		13.1355984579		
1464803329.73		13.4206551753		13.2790122339		13.5612267789		
1464836972.97		13.9602108894		13.8127123749		14.1061086306		
1464870616.22		14.5195241874		14.3669971322		14.6702920683		
1464904259.46		15.0146630363		14.8575816455		15.1699460285		
1464937902.7		15.6129864011		15.4497749025		15.772980665		
1464971545.95		16.0943939503		15.9263625409		16.2576609035		
1465005189.19		16.7164915753		16.5412305997		16.8842714374		
1465038832.43		17.3756338092		17.1924138393		17.5493224556		
1465072475.68		17.9883908984		17.800093765		18.1674452517		
1465106118.92		19.0115795102		18.8147154878		19.2040144849		
1465139762.16		20.0899326452		19.8828974024		20.2935380821		
1465173405.41		21.2216688028		21.0063972983		21.4359340859		
1465207048.65		22.4056876016		22.1809562699		22.6318418456		
1465240691.89		23.6463409505		23.4086679149		23.8827972801		
1465274335.14		24.8484811369		24.5982459169		25.0963202099		
1465307978.38		26.237720959		25.9753975911		26.4989638554		
1465341621.62		27.6950537153		27.4196018154		27.9685564968		
1465375264.86		29.2201846692		28.9314177769		29.5097445676		
1465408908.11		30.8106766113		30.5087277304		31.114399716		
1465442551.35		32.4664381331		32.1511324197		32.7837396419		
1465476194.59		34.1935039498		33.8636749514		34.5268431447		
1465509837.84		35.991087809		35.6488544545		36.3384733849		
1465543481.08		37.8662552322		37.5116108147		38.2314703602		
1465577124.32		39.8165390404		39.4522182318		40.2013922274		
1465610767.57		41.8441096545		41.4671021864		42.242177907		
1465644410.81		43.9498310203		43.5507712195		44.3607763709		
1465678054.05		46.1372614271		45.7234570438		46.5624578033		
1465711697.3		48.4060639594		47.9851793294		48.8600325653		
1465745340.54		50.7608841901		50.3274177317		51.2360383863		
1465778983.78		53.2025115512		52.7569185397		53.6999029384		
1465812627.03		55.7333679901		55.2650736868		56.2489415191		
1465846270.27		58.362331909		57.879099692		58.9035375445		
1465879913.51		61.0021485795		60.5012426353		61.5613158961		
1465913556.76		63.7061064094		63.2059753743		64.2814472211		
1465947200.0		47.2683355445		45.029780132		49.2036248743		
1465980843.24		34.9422119476		34.0219311793		35.9230609706		
1466014486.49		35.0040989389		34.0485841102		35.8527968756		
1466048129.73		35.5974409785		34.6394058423		36.4736153662		
1466081772.97		36.2748196805		35.3075481327		37.1693653267		
1466115416.22		36.9702547956		35.9959251083		37.8722428276		
1466149059.46		37.6686850792		36.6842469396		38.5793795615		
1466182702.7		38.3726398417		37.3808069555		39.2961143715		
1466216345.95		39.0866482259		38.0895678844		40.0277549399		
1466249989.19		39.8107012342		38.8079104509		40.7566323843		
1466283632.43		40.5369986142		39.5189111928		41.4876221006		
1466317275.68		41.2666010405		40.2421182018		42.2249758831		
1466350918.92		42.0044092139		40.9674113353		42.9747220071		
1466384562.16		42.7350491153		41.6982990276		43.7296824774		
1466418205.41		43.4710139439		42.4360010859		44.4878992838		
1466451848.65		44.2210068608		43.1798541728		45.2515795067		
1466485491.89		44.9739597981		43.9310266725		46.0167715606		
1466519135.14		45.7455825847		44.6986159154		46.7938351753		
1466552778.38		47.3073012857		46.2410247694		48.3826076713		
1466586421.62		49.5279338516		48.4215447007		50.6460987607		
1466620064.86		51.8321761717		50.6882980126		52.9957600381		
1466653708.11		54.2187127201		53.03457926		55.4287620532		
1466687351.35		56.6824680919		55.4639045896		57.944296499		
1466720994.59		59.2358489678		57.9749022315		60.5462943067		
1466754637.84		61.871051171		60.5629200061		63.2208156351		
1466788281.08		64.5891203125		63.2360526968		65.9795671833		
1466821924.32		67.3881766886		65.9881561762		68.8210922826		
1466855567.57		70.2647841228		68.8166996682		71.7385993921		
1466889210.81		73.2168205318		71.723860438		74.7313599828		
1466922854.05		76.2441201595		74.7072525659		77.8018351693		
1466956497.3		79.3569711359		77.7758384809		80.9545375175		
1466990140.54		82.5492322342		80.9211205645		84.1876734696		
1467023783.78		85.8032843218		84.1349338566		87.4822678987		
1467057427.03		89.1238660399		87.4152274692		90.8464431337		
1467091070.27		92.5161358865		90.7759577897		94.2814802925		
1467124713.51		95.9637865318		94.1727565267		97.7783700873		
1467158356.76		99.4534522936		97.6327728004		101.325902816		
1467192000.0		103.012997224		101.173933817		104.92920362		
1467225643.24		106.661913687		104.795436386		108.611042203		
1467259286.49		110.341718033		108.45083445		112.347643685		
1467292929.73		106.689112286		104.9073458		108.591723354		
1467326572.97		110.183690999		108.394326012		112.100289946		
1467360216.22		121.470556093		119.555984161		123.531612059		
1467393859.46		125.267474731		123.322965281		127.3429696		
1467427502.7		129.135463213		127.195514051		131.206845761		
1467461145.95		132.932419087		130.96810592		135.023961613		
1467494789.19		136.762654565		134.767511124		138.87352449		
1467528432.43		140.588638702		138.558498272		142.715673398		
1467562075.68		144.40821812		142.393213097		146.58390897		
1467595718.92		148.226009768		146.192325687		150.441468743		
1467629362.16		152.045096014		149.97303631		154.278585348		
1467663005.41		155.814273847		153.719182378		158.088376259		
1467696648.65		159.580639377		157.436856265		161.883503597		
1467730291.89		163.379118914		161.151880637		165.665288997		
1467763935.14		167.099037967		164.880242366		169.413805816		
1467797578.38		170.768290413		168.434455515		173.100145139		
1467831221.62		174.373410677		172.035230795		176.735155717		
1467864864.86		177.955395732		175.557234025		180.322035292		
1467898508.11		181.449323939		179.075939648		183.871654085		
1467932151.35		185.352819606		182.956391213		187.833701079		
1467965794.59		188.383896975		185.944129478		190.865155467		
1467999437.84		191.714402187		189.199754111		194.219742563		
1468033081.08		194.924071032		192.382678844		197.486429389		
1468066724.32		198.135098274		195.510911624		200.70757885		
1468100367.57		201.259970699		198.596951577		203.833424161		
1468134010.81		204.318451551		201.607117895		206.894118066		
1468167654.05		207.331976139		204.56815606		209.855128669		
1468201297.3		210.22196534		207.404653478		212.818248859		
1468234940.54		213.040289427		210.216631661		215.670933479		
1468268583.78		215.779764529		212.930547109		218.370638729		
1468302227.03		218.512992821		215.654861055		221.186249537		
1468335870.27		221.174384455		218.257859205		223.816680172		
1468369513.51		223.723283524		220.780079974		226.36662743		
1468403156.76		226.190273684		223.171920325		228.858605912		
1468436800.0		228.611774778		225.553895382		231.260381167		
1468470443.24		247.219038356		243.925585022		250.034742321		
1468504086.49		249.589358703		246.295411799		252.440815853		
1468537729.73		251.822709239		248.527365853		254.684145309		
1468571372.97		254.059265105		250.740282989		256.917959134		
1468605016.22		185.988725666		177.037530223		194.108828904		
1468638659.46		140.939414476		136.309164686		147.177072202		
1468672302.7		140.642078183		136.793661828		145.19518762		
1468705945.95		144.113658371		140.519196551		148.371952455		
1468739589.19		148.104589902		144.6254552		152.180903043		
1468773232.43		152.260706431		148.807285171		156.318035394		
1468806875.68		156.390165914		152.993019961		160.393497413		
1468840518.92		160.561927092		157.183710914		164.541536843		
1468874162.16		164.681950601		161.339352777		168.619499019		
1468907805.41		168.791132733		165.470327475		172.662233311		
1468941448.65		172.880150511		169.620735158		176.707364122		
1468975091.89		175.039338343		171.815206504		178.704888546		
1469008735.14		179.176173621		175.990550298		182.756270083		
1469042378.38		183.181702639		180.064139056		186.674570538		
1469076021.62		187.244510366		184.153395232		190.630505224		
1469109664.86		191.272767767		188.203383783		194.510031651		
1469143308.11		195.215076349		192.216126095		198.329161129		
1469176951.35		199.060390443		196.159913575		202.119398348		
1469210594.59		182.505444032		179.960015337		185.197462593		
1469244237.84		185.654110461		183.258486132		188.380892046		
1469277881.08		188.718383716		186.373199403		191.331405503		
1469311524.32		191.73031283		189.393148612		194.261741818		
1469345167.57		194.706451389		192.402346836		197.116012755		
1469378810.81		197.625949362		195.380951319		199.906490482		
1469412454.05		200.427967659		198.177216834		202.515913492		
1469446097.3		203.17857188		200.986422904		205.194013574		
1469479740.54		205.902196829		203.755973233		207.788793488		
1469513383.78		208.503044175		206.372359746		210.301672288		
1469547027.03		201.885642734		199.870105306		203.528195511		
1469580670.27		204.246735498		202.303280994		205.842180124		
1469614313.51		206.521196814		204.644870341		208.064319253		
1469647956.76		208.743387769		206.893636425		210.265831053		
1469681600.0		210.8866857		209.061167527		212.433749637		
1469715243.24		212.984720204		211.141468879		214.464788175		
1469748886.49		220.017091221		218.149020915		221.523126868		
1469782529.73		221.990114672		220.146216241		223.514148409		
1469816172.97		223.999081016		222.097429787		225.491846924		
1469849816.22		239.857281339		237.739402733		241.421979524		
1469883459.46		241.764857269		239.620097567		243.375344827		
1469917102.7		243.621577514		241.463574636		245.269160305		
1469950745.95		245.418372435		243.252351917		247.164689822		
1469984389.19		247.175176638		244.992031693		248.983328945		
1470018032.43		248.784416681		246.640656728		250.674743482		
1470051675.68		250.417763657		248.28739599		252.407676273		
1470085318.92		236.71255002		234.652542613		238.634221546		
1470118962.16		253.546167278		251.317067258		255.665401694		
1470152605.41		254.948745043		252.688748509		257.080575496		
1470186248.65		238.365170284		236.241469772		240.352524063		
1470219891.89		239.897964875		237.748218733		241.859043637		
1470253535.14		241.371433941		239.219204119		243.311023485		
1470287178.38		242.784295816		240.664434261		244.717613367		
1470320821.62		244.12888177		242.021262569		246.033025127		
1470354464.86		244.845663618		242.78211195		246.784463081		
1470388108.11		246.375392691		244.308779729		248.290558475		
1470421751.35		247.705965823		245.639728945		249.580765523		
1470455394.59		248.921241597		246.905279214		250.789403791		
1470489037.84		250.089667495		248.12993332		251.945167926		
1470522681.08		248.443746524		246.549324717		250.299325479		
1470556324.32		249.545286598		247.646232998		251.400914604		
1470589967.57		250.666249333		248.79113705		252.525219989		
1470623610.81		251.76265579		249.907400029		253.616464271		
1470657254.05		252.863001746		251.028890362		254.712677518		
1470690897.3		253.910325006		252.127161215		255.754783293		
1470724540.54		274.26578688		272.386451984		276.271860294		
1470758183.78		256.946028159		255.166290679		258.80292406		
1470791827.03		276.274971999		274.359858717		278.22958273		
1470825470.27		276.507717744		274.597375175		278.484688028		
1470859113.51		276.60926838		274.709455282		278.585313699		
1470892756.76		276.684238644		274.804455844		278.646919394		
1470926400.0		276.750308969		274.887116005		278.731958502		
1470960043.24		277.153295366		275.323982333		279.044705214		
1470993686.49		277.632215191		275.940714097		279.450106709		
1471027329.73		278.053319432		276.447734461		279.79982613		
1471060972.97		278.568782989		277.009353677		280.261991544		
1471094616.22		279.012884312		277.514018815		280.637212752		
1471128259.46		279.484077944		278.024777229		281.115091747		
1471161902.7		279.940727988		278.453198058		281.530739358		
1471195545.95		280.368660642		278.874497437		281.938444135		
1471229189.19		280.799060494		279.295628267		282.348856414		
1471262832.43		281.18694882		279.654888481		282.736705883		
1471296475.68		281.581674819		280.096766734		283.103221231		
1471330118.92		282.017794367		280.557152178		283.55269634		
1471363762.16		282.364145651		280.823907036		283.894840534		
1471397405.41		282.745770311		281.211075915		284.272996624		
1471431048.65		283.090535024		281.545657512		284.590860274		
1471464691.89		283.581373779		281.951077423		285.013063126		
1471498335.14		284.021291332		282.349112775		285.444557483		
1471531978.38		284.384096222		282.661838087		285.827249363		
1471565621.62		284.806063866		283.038536525		286.271899061		
1471599264.86		285.187162876		283.403424189		286.68355562		
1471632908.11		285.565418524		283.729998912		287.052478836		
1471666551.35		285.902627897		284.021329155		287.416337263		
1471700194.59		286.247431949		284.304520732		287.789568989		
1471733837.84		286.584451865		284.593673187		288.128540356		
1471767481.08		286.922560597		284.887998961		288.474759386		
1471801124.32		287.251500507		285.172021182		288.802898752		
1471834767.57		287.632697024		285.517019571		289.184132098		
1471868410.81		287.830479807		285.701384439		289.420927403		
1471902054.05		286.629656029		284.722617178		288.17424418		
1471935697.3		277.641097032		275.933497804		279.110927756		
1471969340.54		269.597048857		267.88268871		271.022648469		
1472002983.78		262.088708927		260.189659515		263.463238161		
1472036627.03		255.01079018		253.166293284		256.343005456		
1472070270.27		239.84486839		238.000620887		241.141120808		
1472103913.51		242.499485057		240.646217989		243.834668444		
1472137556.76		218.302568923		216.643620894		219.521303968		
1472171200.0		231.783911224		230.017945667		233.143478466		
1472204843.24		226.839570471		225.172409452		228.183932128		
1472238486.49		222.108275275		220.486682402		223.465335798		
1472272129.73		217.61714001		215.948706308		218.951047837		
1472305772.97		213.30238511		211.638038445		214.639792288		
1472339416.22		209.183964453		207.559005403		210.543737768		
1472373059.46		205.226898528		203.678256762		206.626729947		
1472406702.7		201.457547943		199.952247342		202.861991522		
1472440345.95		197.830922709		196.378710785		199.232536219		
1472473989.19		194.362120343		192.993601826		195.79460773		
1472507632.43		191.018895798		189.723454902		192.460442944		
1472541275.68		187.823549131		186.510896129		189.268619566		
1472574918.92		184.776861297		183.458335792		186.194001822		
1472608562.16		181.818914094		180.538224349		183.243486992		
1472642205.41		179.003043827		177.708597751		180.405910343		
1472675848.65		176.27049788		175.000269679		177.654225455		
1472709491.89		173.642381957		172.356266206		175.001428673		
1472743135.14		171.11295489		169.797382457		172.43404325		
1472776778.38		168.632083296		167.342758345		169.970709329		
1472810421.62		166.160935355		164.880327696		167.490600324		
1472844064.86		164.344756637		163.094948678		165.595645082		
1472877708.11		168.390041098		167.153880657		169.6352843		
1472911351.35		172.241240878		170.997951783		173.474332444		
1472944994.59		176.067462747		174.829380533		177.299162851		
1472978637.84		179.910905869		178.68632809		181.190810963		
1473012281.08		183.703213166		182.503902535		184.957414461		
1473045924.32		187.463154184		186.272953646		188.77251297		
1473079567.57		191.198763875		190.035354237		192.563667878		
1473113210.81		195.150069086		193.988890729		196.480799333		
1473146854.05		198.757480992		197.579181844		200.054980767		
1473180497.3		202.460402615		201.334375824		203.757357744		
1473214140.54		206.105750706		204.975057573		207.373024204		
1473247783.78		209.71790179		208.595253578		210.979699536		
1473281427.03		213.273981306		212.175615263		214.570189136		
1473315070.27		216.769574861		215.688850045		218.122909899		
1473348713.51		220.208551893		219.188524935		221.576265072		
1473382356.76		223.423723329		222.402292187		224.788633907		
1473416000.0		226.859345889		225.830456798		228.259797214		
1473449643.24		230.123173982		229.09148449		231.499712818		
1473483286.49		233.336424828		232.297135775		234.678693704		
1473516929.73		236.543095351		235.47567406		237.897548887		
1473550572.97		239.662481662		238.603052381		241.008470347		
1473584216.22		242.692811775		241.649314581		244.018655233		
1473617859.46		245.662063754		244.642815424		246.971027531		
1473651502.7		248.58006992		247.575249897		249.889709617		
1473685145.95		251.462619052		250.476097298		252.752911382		
1473718789.19		254.280318161		253.311816446		255.606808086		
1473752432.43		257.046003932		256.069681844		258.379731328		
1473786075.68		259.766145375		258.798490173		261.094564458		
1473819718.92		262.800612098		261.86815962		264.109310689		
1473853362.16		265.444568062		264.512045023		266.686851989		
1473887005.41		267.852147562		266.943229575		269.192349512		
1473920648.65		269.879364607		268.981728146		271.24508391		
1473954291.89		272.27307717		271.382759793		273.623085858		
1473987935.14		274.677398376		273.799568061		276.009221539		
1474021578.38		277.012391421		276.128766841		278.325467595		
1474055221.62		279.27460536		278.398423268		280.559116035		
1474088864.86		272.720292263		271.884606515		273.944900112		
1474122508.11		274.808833849		273.996612472		276.029851496		
1474156151.35		276.872034174		276.062650497		278.07735112		
1474189794.59		278.911478964		278.111941391		280.113948542		
1474223437.84		280.876690319		280.076559206		282.064251895		
1474257081.08		282.79456798		282.00587566		283.965210611		
1474290724.32		284.653022445		283.878802496		285.814892432		
1474324367.57		286.478276662		285.686900786		287.630998891		
1474358010.81		288.2553111		287.46969957		289.400496443		
1474391654.05		288.017807693		287.256066254		289.123874315		
1474425297.3		289.711811217		288.949150494		290.805687809		
1474458940.54		291.388025441		290.633353443		292.46477219		
1474492583.78		293.043233356		292.299992062		294.133939496		
1474526227.03		293.520591795		292.766160162		294.595855171		
1474559870.27		295.433857934		294.687314329		296.517452075		
1474593513.51		297.352084689		296.586565164		298.435553515		
1474627156.76		299.135458347		298.367116809		300.219792806		
1474660800.0		296.2274817		295.484188391		297.291063023		
1474694443.24		297.825022654		297.095299822		298.885714595		
1474728086.49		299.315511436		298.588450148		300.360623369		
1474761729.73		300.749306419		300.021953805		301.787588738		
1474795372.97		302.141717954		301.405266579		303.171280299		
1474829016.22		303.481900221		302.75485122		304.519779375		
1474862659.46		304.779836067		304.055114266		305.819354463		
1474896302.7		306.043436016		305.336167157		307.074558974		
1474929945.95		307.25802952		306.553268079		308.27634989		
1474963589.19		308.43578993		307.733450644		309.454985843		
1474997232.43		309.606859656		308.902120363		310.626013261		
1475030875.68		310.749698113		310.036271726		311.777900769		
1475064518.92		311.849680741		311.132554444		312.887907634		
1475098162.16		313.075675775		312.349122452		314.108717408		
1475131805.41		314.315235678		313.606424953		315.337310421		
1475165448.65		315.522470961		314.80794729		316.536908743		
1475199091.89		310.604883875		310.026710733		311.492456733		
1475232735.14		301.141751614		300.546731281		301.933142912		
1475266378.38		291.985941483		291.333215534		292.924229615		
1475300021.62		273.871754327		273.119313762		274.811045416		
1475333664.86		275.106729771		274.262721586		276.038163497		
1475367308.11		269.648245307		268.655272942		270.653258415		
1475400951.35		267.253846365		266.003902905		268.31198751		
1475434594.59		265.3321524		263.977324549		266.569702708		
1475468237.84		263.492019293		261.986807808		264.880071037		
1475501881.08		261.790936262		260.162430881		263.268409686		
1475535524.32		257.112828374		255.244587811		258.764241725		
1475569167.57		255.559345007		253.492118695		257.368116818		
1475602810.81		254.317380661		252.014620603		256.266015576		
1475636454.05		252.843253613		250.321048266		254.9232028		
1475670097.3		252.642200505		249.877531853		254.796254889		
1475703740.54		256.324845733		253.558780269		258.484357622		
1475737383.78		261.961762253		259.315216647		264.120872978		
1475771027.03		267.720018773		265.133632089		269.841911919		
1475804670.27		273.341592667		270.844580668		275.446155446		
1475838313.51		278.896912132		276.502186016		280.956119272		
1475871956.76		284.242920322		282.005802655		286.259292088		
1475905600.0		288.926899815		286.745465162		290.900005573		
1475939243.24		293.517613692		291.475206439		295.441291657		
1475972886.49		298.052065121		296.123894993		299.925798186		
1476006529.73		302.463754862		300.601656235		304.295679711		
1476040172.97		306.759673902		304.972394673		308.554302782		
1476073816.22		310.984064343		309.284849707		312.719233746		
1476107459.46		315.127976591		313.465560748		316.760733131		
1476141102.7		319.171261235		317.537095875		320.735516206		
1476174745.95		323.172408594		321.616305467		324.665960195		
1476208389.19		326.993367866		325.484635462		328.398611932		
1476242032.43		330.719254874		329.249424711		332.076459181		
1476275675.68		334.344447877		332.927763654		335.639508792		
1476309318.92		337.865426637		336.4836896		339.123260135		
1476342962.16		340.584441561		339.233094184		341.802560724		
1476376605.41		343.321771346		342.000346665		344.561506851		
1476410248.65		346.314243042		345.055133604		347.544227841		
1476443891.89		349.211591831		348.024555168		350.42690666		
1476477535.14		351.903756715		350.76418326		353.119165754		
1476511178.38		354.949995918		353.823292819		356.238785164		
1476544821.62		357.906993663		356.860349634		359.198233011		
1476578464.86		360.761313519		359.73046245		362.04159311		
1476612108.11		363.537786631		362.526284136		364.783786295		
1476645751.35		366.225045419		365.228222202		367.422845642		
1476679394.59		368.829912027		367.840816129		369.982417318		
1476713037.84		371.325190935		370.372682723		372.501978351		
1476746681.08		373.740609531		372.817773447		374.896810649		
1476780324.32		376.076883056		375.177348216		377.214883221		
1476813967.57		378.335613629		377.457043273		379.445446612		
1476847610.81		380.53811708		379.680045507		381.637252962		
1476881254.05		382.656513608		381.815954247		383.719316701		
1476914897.3		384.691567508		383.857319565		385.736442059		
1476948540.54		386.605074642		385.792862591		387.61669844		
1476982183.78		388.407901979		387.599173715		389.384007026		
1477015827.03		389.907637484		389.110061843		390.875814237		
1477049470.27		391.337978079		390.577225744		392.298963779		
1477083113.51		392.728763112		391.981038432		393.678408305		
1477116756.76		394.088490163		393.349658489		395.028784215		
1477150400.0		395.414294529		394.669155484		396.343201662		
1477184043.24		396.691873069		395.946341632		397.614992902		
1477217686.49		397.945701257		397.209532121		398.857002748		
1477251329.73		399.159787341		398.439372329		400.052426043		
1477284972.97		400.337031772		399.62212286		401.219481167		
1477318616.22		401.480395449		400.771381999		402.365428285		
1477352259.46		402.588459002		401.890124024		403.478983065		
1477385902.7		403.666256523		402.981034583		404.535748987		
1477419545.95		404.691091354		404.01836896		405.566366321		
1477453189.19		405.704163842		405.032197328		406.585046887		
1477486832.43		406.703901214		406.02247649		407.579083005		
1477520475.68		407.68949299		407.001399713		408.562945114		
1477554118.92		408.630155327		407.936851556		409.498913475		
1477587762.16		409.392528722		408.68811649		410.271192114		
1477621405.41		410.410181188		409.71235875		411.27922556		
1477655048.65		411.303139369		410.607380901		412.190892777		
1477688691.89		412.120738374		411.433600526		412.996709183		
1477722335.14		412.974949122		412.284513943		413.836727329		
1477755978.38		413.812265366		413.126683639		414.667244055		
1477789621.62		414.640216851		413.957838978		415.473133022		
1477823264.86		415.447099601		414.769933253		416.274555618		
1477856908.11		416.221856628		415.545698552		417.045307549		
1477890551.35		416.999114621		416.317758767		417.829695929		
1477924194.59		417.729633774		417.050502859		418.567466986		
1477957837.84		418.467792955		417.791673537		419.304197401		
1477991481.08		419.203781412		418.519961627		420.036085072		
1478025124.32		419.912251446		419.230767216		420.755877219		
1478058767.57		420.621762418		419.937781234		421.454639977		
1478092410.81		421.299350521		420.613684746		422.118597655		
1478126054.05		421.984912673		421.302614868		422.796396894		
1478159697.3		422.6219416		421.940722152		423.428415916		
1478193340.54		423.327239681		422.640596371		424.132493357		
1478226983.78		423.976447872		423.290439865		424.778613526		
1478260627.03		424.617870774		423.935094313		425.425589053		
1478294270.27		425.266494732		424.58547397		426.079351652		
1478327913.51		425.91250803		425.236261903		426.718290256		
1478361556.76		426.523683995		425.850973802		427.324377914		
1478395200.0		427.154086957		426.482466195		427.952212854		
1478428843.24		427.75686951		427.08640585		428.557453259		
1478462486.49		428.34923764		427.680198186		429.151951163		
1478496129.73		428.939928455		428.270586886		429.739759567		
1478529772.97		429.540012704		428.869266115		430.333177553		
1478563416.22		430.142870193		429.469820973		430.928940881		
1478597059.46		430.73420157		430.054034423		431.519320592		
1478630702.7		431.315732538		430.642527926		432.109534629		
1478664345.95		431.90765945		431.236422122		432.700400127		
1478697989.19		432.47340219		431.803016158		433.264344482		
1478731632.43		433.046336722		432.380563975		433.837509918		
1478765275.68		433.625141918		432.962944075		434.414231785		
1478798918.92		434.179039757		433.523549828		434.965447302		
1478832562.16		434.75341494		434.100316491		435.540490583		
1478866205.41		435.310834315		434.656855938		436.102578067		
1478899848.65		435.867563278		435.217477121		436.665667798		
1478933491.89		436.425251506		435.778995187		437.226933866		
1478967135.14		436.989751587		436.348642047		437.788874275		
1479000778.38		437.529127211		436.892983691		438.327975972		
1479034421.62		438.094872893		437.467349		438.892405784		
1479068064.86		438.639405809		438.016825766		439.432424267		
1479101708.11		439.180938074		438.556886785		439.972213632		
1479135351.35		439.739368875		439.122561423		440.529168023		
1479168994.59		440.282463968		439.670821365		441.069505937		
1479202637.84		440.820833932		440.209922764		441.605207318		
1479236281.08		441.361044374		440.753588729		442.144377552		
1479269924.32		441.888640175		441.280963355		442.669423525		
1479303567.57		442.417429792		441.807928466		443.197284581		
1479337210.81		442.950337782		442.339500962		443.729778279		
1479370854.05		443.483333289		442.875043824		444.265500632		
1479404497.3		444.015379848		443.405042075		444.797098665		
1479438140.54		444.560264766		443.953336794		445.341787402		
1479471783.78		445.08428589		444.478769485		445.867841682		
1479505427.03		445.631655462		445.027137398		446.415535813		
1479539070.27		446.163613806		445.560078192		446.945162202		
1479572713.51		446.69905426		446.093104677		447.474819878		
1479606356.76		447.236826092		446.631139608		448.009660561		
1479640000.0		447.768034708		447.159459985		448.539276689		
1479673643.24		448.28467808		447.676586611		449.054098518		
1479707286.49		448.810129243		448.204562508		449.581223076		
1479740929.73		449.33848255		448.735908153		450.111857042		
1479774572.97		426.435551376		424.903113773		427.766741636		
1479808216.22		368.074939007		365.933490546		370.004318212		
1479841859.46		367.847311899		366.582152902		369.092175454		
1479875502.7		381.673498096		380.54000247		382.906473345		
1479909145.95		385.014799331		383.928529233		386.196277711		
1479942789.19		388.293587242		387.240919746		389.423729382		
1479976432.43		391.483608768		390.464616508		392.559363573		
1480010075.68		394.561850603		393.569529655		395.627277811		
1480043718.92		397.56869064		396.609554825		398.59212059		
1480077362.16		400.475945435		399.53230273		401.485241938		
1480111005.41		403.295673244		402.369249655		404.260381918		
1480144648.65		405.949255996		405.052061212		406.875834501		
1480178291.89		405.112530961		404.302142274		405.943893996		
1480211935.14		404.286882723		403.528268582		405.052732519		
1480245578.38		403.50837323		402.797448415		404.202152945		
1480279221.62		402.793494844		402.088699194		403.400730098		
1480312864.86		402.106340326		401.447049013		402.708796292		
1480346508.11		401.483326673		400.847976634		402.047326598		
1480380151.35		400.904037167		400.289367041		401.415576636		
1480413794.59		400.353709081		399.766993323		400.873311019		
1480447437.84		399.865163656		399.292218197		400.379114853		
1480481081.08		399.409446825		398.825710643		399.951551448		
1480514724.32		399.040066413		398.438930686		399.566759706		
1480548367.57		398.660317072		398.068014407		399.199777404		
1480582010.81		398.346334566		397.753991789		398.937724279		
1480615654.05		398.059723458		397.425547745		398.667016731		
1480649297.3		397.800026415		397.128584111		398.430842326		
1480682940.54		397.5608705		396.85747793		398.218902108		
1480716583.78		397.335275493		396.617103158		398.028396827		
1480750227.03		397.168606288		396.441419706		397.89567681		
1480783870.27		397.022855349		396.268254696		397.752062757		
1480817513.51		396.91387253		396.144712033		397.678102293		
1480851156.76		396.804539069		396.016362139		397.606093473		
1480884800.0		396.739820769		395.948893694		397.583295869		
1480918443.24		396.710569072		395.872726316		397.578229989		
1480952086.49		399.442779382		398.644648973		400.30875528		
1480985729.73		402.818123215		402.053202116		403.643109292		
1481019372.97		406.101935444		405.359918027		406.888607369		
1481053016.22		409.282341441		408.571461696		410.022340873		
1481086659.46		412.335274957		411.661476771		413.047954039		
1481120302.7		415.323197765		414.6655341		416.004099933		
1481153945.95		418.228515696		417.588647593		418.882378585		
1481187589.19		421.062444703		420.433014154		421.684057666		
1481221232.43		423.843094303		423.240112918		424.436944405		
1481254875.68		426.462698465		425.879613986		427.037190345		
1481288518.92		428.994551397		428.42573188		429.544399387		
1481322162.16		431.436811901		430.882319381		431.96678679		
1481355805.41		433.808372221		433.271309969		434.325553486		
1481389448.65		436.093224208		435.571710148		436.605395358		
1481423091.89		438.315920155		437.804622692		438.804798073		
1481456735.14		440.493876203		439.991766263		440.969830054		
1481490378.38		442.609368435		442.118185916		443.080032848		
1481524021.62		444.630294978		444.162887377		445.088555229		
1481557664.86		446.532947072		446.082094858		446.988147489		
1481591308.11		448.216644676		447.764504607		448.65125979		
1481624951.35		449.741615534		449.308231867		450.167047681		
1481658594.59		451.235236004		450.816523556		451.647958939		
1481692237.84		452.685574245		452.284374261		453.08414785		
1481725881.08		454.102423036		453.716072205		454.481919384		
1481759524.32		455.547907927		455.167138849		455.915316892		
1481793167.57		456.965378359		456.600210943		457.320769108		
1481826810.81		458.251458844		457.89744113		458.607445479		
1481860454.05		459.537860721		459.192188022		459.887179189		
1481894097.3		460.800957099		460.461340011		461.156112935		
1481927740.54		462.033576795		461.692894624		462.386057817		
1481961383.78		463.217232672		462.866174122		463.573847186		
1481995027.03		464.368095715		464.016896653		464.732739611		
1482028670.27		465.480555904		465.117252905		465.850634374		
1482062313.51		466.596185016		466.226754029		466.973294616		
1482095956.76		467.699878328		467.3311445		468.071576613		
1482129600.0		468.781463579		468.404578271		469.152583483		
1482163243.24		469.787835363		469.40418827		470.162275677		
1482196886.49		461.090248992		460.819753147		461.364820962		
1482230529.73		451.672611993		451.467405783		451.881615823		
1482264172.97		442.982817919		442.768439966		443.205498626		
1482297816.22		434.876541681		434.637317697		435.168657452		
1482331459.46		427.257718034		426.94090638		427.603890974		
1482365102.7		422.340922952		421.955544282		422.738253737		
1482398745.95		425.483169628		425.128192467		425.865175888		
1482432389.19		428.651049257		428.327808557		429.011764043		
1482466032.43		431.700740406		431.407765187		432.041483044		
1482499675.68		434.661764037		434.386973015		434.991473479		
1482533318.92		437.523120383		437.258299534		437.839872148		
1482566962.16		440.289168462		440.028791198		440.588268956		
1482600605.41		442.998156538		442.756738711		443.281243424		
1482634248.65		445.616873535		445.370831127		445.882268283		
1482667891.89		448.10450477		447.857723051		448.362942667		
1482701535.14		450.498678016		450.244027897		450.748161152		
1482735178.38		452.805281642		452.562205131		453.057369632		
1482768821.62		455.048837956		454.801144363		455.298117326		
1482802464.86		457.187150146		456.93512007		457.440014086		
1482836108.11		459.280244971		459.018794416		459.5287079		
1482869751.35		461.284361493		461.005741418		461.538109264		
1482903394.59		463.24460827		462.947972858		463.492470414		
1482937037.84		465.171864258		464.855567249		465.422901618		
1482970681.08		464.572642562		464.23018199		464.824329481		
1483004324.32		466.495609128		466.139680382		466.754455755		
1483037967.57		468.370594268		468.009117277		468.633478726		
1483071610.81		470.176410707		469.803046223		470.442571185		
1483105254.05		471.938959563		471.566019138		472.209557478		
1483138897.3		473.611292957		473.227141114		473.878734302		
1483172540.54		475.216460621		474.803028811		475.485125006		
1483206183.78		476.764919809		476.342745898		477.039870289		
1483239827.03		478.279750728		477.850433827		478.554968544		
1483273470.27		479.754732457		479.312678557		480.041709787		
1483307113.51		481.213571907		480.758761505		481.507278964		
1483340756.76		482.636985292		482.174704436		482.942171296		
1483374400.0		484.007166647		483.537451617		484.325465802		
1483408043.24		485.323790613		484.841557392		485.65291217		
1483441686.49		486.599240868		486.101142179		486.939060487		
1483475329.73		487.820784593		487.311117912		488.17188184		
1483508972.97		488.991379375		488.470071108		489.350817023		
1483542616.22		490.165485819		489.630403809		490.52642461		
1483576259.46		491.333174528		490.781900947		491.694631026		
1483609902.7		492.453022578		491.891675324		492.819273648		
1483643545.95		493.516998333		492.946794788		493.890278442		
1483677189.19		494.571616618		493.991702944		494.953613735		
1483710832.43		495.618847254		495.032034978		496.00770063		
1483744475.68		496.66856158		496.074734887		497.061985216		
1483778118.92		497.699017959		497.101428245		498.09994196		
1483811762.16		498.710297021		498.105389666		499.118122092		
1483845405.41		499.702902451		499.091005038		500.116813495		
1483879048.65		500.661298358		500.042409457		501.08105314		
1483912691.89		501.600904383		500.976770883		502.025963557		
1483946335.14		502.526528484		501.889332449		502.954029442		
1483979978.38		503.456752629		502.814782795		503.890911361		
1484013621.62		504.422384712		503.778074843		504.867806203		
1484047264.86		505.378040595		504.730408572		505.831519224		
1484080908.11		506.259165997		505.605284057		506.719432315		
1484114551.35		507.090304372		506.43085611		507.554615871		
1484148194.59		507.893440144		507.228752926		508.362210492		
1484181837.84		508.685543263		508.008709676		509.156786803		
1484215481.08		509.507444736		508.812922498		509.979703578		
1484249124.32		510.293918785		509.587494806		510.769194226		
1484282767.57		511.021445431		510.309335934		511.500891581		
1484316410.81		511.738134932		511.023736594		512.227434198		
1484350054.05		512.426532071		511.697871092		512.920449563		
1484383697.3		513.149026828		512.407634756		513.647577568		
1484417340.54		513.880193969		513.127211799		514.38609795		
1484450983.78		514.618831044		513.851679686		515.12567289		
1484484627.03		515.371584544		514.590039883		515.880676664		
1484518270.27		516.066525202		515.268360993		516.578150347		
1484551913.51		516.740235129		515.933441902		517.256826056		
1484585556.76		517.414615913		516.610237319		517.935846835		
1484619200.0		518.045171535		517.235866215		518.574330897		
1484652843.24		518.706649137		517.897716892		519.243680265		
1484686486.49		519.404051451		518.591642848		519.948473781		
1484720129.73		520.099554941		519.273728273		520.650800063		
1484753772.97		520.751364253		519.920962125		521.307900661		
1484787416.22		412.883562443		412.224809506		413.327007653		
1484821059.46		413.410687503		412.749107353		413.855498725		
1484854702.7		413.928430434		413.264362378		414.375328595		
1484888345.95		414.4447872		413.773592726		414.897709038		
1484921989.19		414.974667759		414.295025488		415.432779975		
1484955632.43		496.379869438		495.569255859		496.935740656		
1484989275.68		497.043913147		496.230595031		497.605064359		
1485022918.92		497.705503844		496.882476731		498.272200181		
1485056562.16		498.338384789		497.504934877		498.91017227		
1485090205.41		498.9557502		498.111270916		499.530332906		
1485123848.65		499.600871894		498.745669349		500.178039771		
1485157491.89		500.208518036		499.344511323		500.79156783		
1485191135.14		500.800101115		499.925703373		501.387582306		
1485224778.38		496.020527058		495.14579858		496.617775973		
1485258421.62		484.667081881		483.80259933		485.254295216		
1485292064.86		474.085903736		473.229150858		474.658792126		
1485325708.11		469.639301618		468.778901071		470.209639862		
1485359351.35		471.300851085		470.431385025		471.876046644		
1485392994.59		472.92250893		472.04236579		473.504524962		
1485426637.84		474.545934433		473.64955103		475.129728265		
1485460281.08		398.536570271		397.772196413		399.029899438		
1485493924.32		399.907344781		399.133498729		400.404434975		
1485527567.57		401.249378001		400.463167666		401.752264468		
1485561210.81		402.553487886		401.757329173		403.061706043		
1485594854.05		403.800951325		402.996433284		404.314185923		
1485628497.3		405.023778938		404.20851805		405.540412766		
1485662140.54		406.222177534		405.399023943		406.745350451		
1485695783.78		407.405138646		406.57963297		407.936019821		
1485729427.03		408.554427697		407.721283631		409.092821827		
1485763070.27		409.679021121		408.834146618		410.219507896		
1485796713.51		410.77555948		409.915943903		411.313933598		
1485830356.76		473.087454462		472.083798201		473.705200793		
1485864000.0		474.265393055		473.2509105		474.883914539		
1485897643.24		475.423913045		474.398286229		476.043989		
1485931286.49		476.5419175		475.508072561		477.167750389		
1485964929.73		462.763866861		460.836263194		464.640531008		
1485998572.97		455.174134429		453.598445883		457.604817695		
1486032216.22		456.689272979		455.078597152		459.019188809		
1486065859.46		468.35613781		466.754567013		470.656169845		
1486099502.7		470.247133169		468.720910776		472.433649563		
1486133145.95		472.006178884		470.520731743		474.091981666		
1486166789.19		473.696541037		472.268581131		475.703314067		
1486200432.43		475.381692413		474.031688277		477.297383426		
1486234075.68		477.00573409		475.696240548		478.863627136		
1486267718.92		478.624895899		477.375091894		480.403607999		
1486301362.16		480.169123491		478.953791383		481.88865355		
1486335005.41		481.675719156		480.517068862		483.194742508		
1486368648.65		483.090871094		481.972098596		484.422728761		
1486402291.89		484.439001495		483.376517034		485.573703701		
1486435935.14		485.80822468		484.81277161		486.810350796		
1486469578.38		487.142624041		486.251533528		488.054513174		
1486503221.62		488.465716519		487.649720732		489.283950002		
1486536864.86		489.692280068		488.876574808		490.497068389		
1486570508.11		490.951434036		490.090549723		491.742875741		
1486604151.35		492.159881539		491.220381169		492.96123061		
1486637794.59		493.383490227		492.351865086		494.173894695		
1486671437.84		494.524329211		493.461556533		495.301573759		
1486705081.08		495.627304285		494.56432086		496.405725541		
1486738724.32		496.720753447		495.679439768		497.494031471		
1486772367.57		497.776555392		496.735399613		498.552556362		
1486806010.81		498.852617968		497.843057048		499.639201882		
1486839654.05		499.915989717		498.894149201		500.684092365		
1486873297.3		500.974753238		499.948072112		501.721075979		
1486906940.54		502.052760761		501.022251253		502.786130149		
1486940583.78		503.114099841		502.090122112		503.854177849		
1486974227.03		504.102791375		503.073086766		504.846851813		
1487007870.27		505.107022526		504.069260592		505.829240743		
1487041513.51		506.077363904		505.049284067		506.810083797		
1487075156.76		507.031898894		505.985165		507.751419166		
1487108800.0		507.978470419		506.902981359		508.683209436		
1487142443.24		508.955980934		507.871086151		509.666303857		
1487176086.49		509.915586861		508.799091048		510.635717076		
1487209729.73		510.911775124		509.76318303		511.632198527		
1487243372.97		511.841810074		510.662212699		512.576334369		
1487277016.22		513.661541948		512.457703019		514.409010999		
1487310659.46		514.510839807		513.264072269		515.247596518		
1487344302.7		515.330756811		514.072826562		516.09603494		
1487377945.95		516.169012689		514.880295467		516.942377371		
1487411589.19		516.994250387		515.653119158		517.786140449		
1487445232.43		517.760666701		516.394548453		518.569818787		
1487478875.68		518.562572678		517.196495912		519.388762187		
1487512518.92		519.43403364		518.036812897		520.284996651		
1487546162.16		520.237447981		518.807811519		521.083905128		
1487579805.41		521.055615065		519.610287958		521.92305687		
1487613448.65		521.853103259		520.394838398		522.726100999		
1487647091.89		522.684101965		521.211221188		523.563404229		
1487680735.14		523.524362705		522.03611616		524.428212009		
1487714378.38		524.331443389		522.827450346		525.258718929		
1487748021.62		525.165977619		523.62617865		526.110715845		
1487781664.86		525.979511568		524.416248184		526.948659357		
1487815308.11		526.876923833		525.288517002		527.863638958		
1487848951.35		527.729231203		526.110913134		528.721299203		
1487882594.59		528.567355046		526.924385814		529.568682232		
1487916237.84		529.407584044		527.738074769		530.421974748		
1487949881.08		530.178373521		528.489705214		531.191066077		
1487983524.32		530.970188977		529.258585236		531.994767815		
1488017167.57		531.747471191		530.014638133		532.780481678		
1488050810.81		532.56775187		530.814531571		533.604507148		
1488084454.05		533.368802188		531.601659355		534.37993366		
1488118097.3		534.141480852		532.373611818		535.117117762		
1488151740.54		534.920244314		533.154166162		535.85907184		
1488185383.78		535.661894382		533.917115376		536.573931021		
1488219027.03		536.373156172		534.708905209		537.259660167		
1488252670.27		537.118791097		535.510009162		537.98349021		
1488286313.51		537.798152885		536.21093582		538.636827311		
1488319956.76		538.393529123		536.874377583		539.220537938		
1488353600.0		538.985594969		537.539800939		539.828529467		
1488387243.24		539.573859515		538.154213119		540.393316027		
1488420886.49		540.196718947		538.853524828		541.016734263		
1488454529.73		540.785522728		539.456807081		541.595642563		
1488488172.97		541.362509924		540.055434103		542.172914327		
1488521816.22		541.864176803		540.527255274		542.677792613		
1488555459.46		542.401317911		541.040058045		543.221330497		
1488589102.7		542.892521228		541.511400746		543.704923712		
1488622745.95		543.410515488		541.99889884		544.214007367		
1488656389.19		543.84640242		542.438148861		544.670793254		
1488690032.43		544.221845467		542.810498718		545.044144352		
1488723675.68		544.583184286		543.179535078		545.409634233		
1488757318.92		543.705035026		542.341519295		544.54934542		
1488790962.16		543.739867657		542.368738899		544.584845375		
1488824605.41		544.304385358		542.931771778		545.130122504		
1488858248.65		544.863506533		543.477618497		545.685928301		
1488891891.89		545.430102775		544.037446344		546.264007169		
1488925535.14		545.94035292		544.538548068		546.782475266		
1488959178.38		546.397384024		544.998836369		547.25284185		
1488992821.62		546.869929925		545.466404208		547.737095652		
1489026464.86		547.414641595		546.026604616		548.270186126		
1489060108.11		547.879159872		546.498683006		548.727855781		
1489093751.35		549.416815718		548.018402398		550.283561115		
1489127394.59		549.766845413		548.370212953		550.645398906		
1489161037.84		550.156250337		548.758830611		551.041565981		
1489194681.08		550.505917632		549.122901833		551.397351357		
1489228324.32		550.919651323		549.5451641		551.817602697		
1489261967.57		551.351193629		549.96739019		552.23696125		
1489295610.81		551.716453989		550.328844658		552.594441737		
1489329254.05		552.082008179		550.710836799		552.947254571		
1489362897.3		552.364257351		551.022646343		553.234359405		
1489396540.54		552.610909969		551.275968891		553.490964939		
1489430183.78		552.856755086		551.532072427		553.750261901		
1489463827.03		553.109821445		551.803104764		554.005744962		
1489497470.27		553.324376762		552.026194868		554.208747828		
1489531113.51		553.577472123		552.280581165		554.433740512		
1489564756.76		553.812136763		552.512510129		554.642824194		
1489598400.0		554.072333401		552.780021141		554.893142313		
1489632043.24		554.278111892		552.992700614		555.087185767		
1489665686.49		554.535963208		553.272580589		555.328623429		
1489699329.73		554.692926592		553.438188365		555.482127027		
1489732972.97		554.845688321		553.643849522		555.62875951		
1489766616.22		555.053779385		553.975813197		555.822903737		
1489800259.46		555.289713601		554.452561751		556.049462661		
1489833902.7		555.538083342		554.772331587		556.236109892		
1489867545.95		555.760993167		554.914911033		556.429647096		
1489901189.19		555.901647081		555.078235115		556.716080783		
1489934832.43		555.991118519		555.156003076		557.015982108		
1489968475.68		556.128896731		555.315636037		557.202092598		
1490002118.92		556.267406136		555.439825267		557.391415154		
1490035762.16		556.396876709		555.560568065		557.540764872		
1490069405.41		556.518333088		555.67069311		557.65991272		
1490103048.65		556.679287206		555.817391784		557.810281361		
1490136691.89		556.79692941		555.943453868		557.921505384		
1490170335.14		556.906203089		556.066152324		558.036812419		
1490203978.38		556.97043908		556.138679208		558.097574818		
1490237621.62		557.092023426		556.250734795		558.225395636		
1490271264.86		557.245742884		556.40462351		558.363870322		
1490304908.11		557.420711996		556.57928981		558.530276168		
1490338551.35		557.511379811		556.648246745		558.630792688		
1490372194.59		557.577750722		556.731434683		558.698473806		
1490405837.84		557.756460448		556.894600067		558.861266295		
1490439481.08		557.886074326		557.029224606		558.984319157		
1490473124.32		557.984452127		557.132043425		559.111850967		
1490506767.57		558.091153636		557.236894866		559.231329761		
1490540410.81		558.196509747		557.325345482		559.334738652		
1490574054.05		558.290179085		557.416387243		559.449880745		
1490607697.3		558.385133484		557.494178681		559.547955353		
1490641340.54		558.563350929		557.659499804		559.739933062		
1490674983.78		558.720808098		557.822527731		559.922069739		
1490708627.03		558.895719507		557.984989115		560.134529955		
1490742270.27		558.990710528		558.065407076		560.2625672		
1490775913.51		559.134474598		558.20233161		560.431479827		
1490809556.76		559.382215384		558.425076328		560.707768037		
1490843200.0		559.600094123		558.61921869		560.900688734		
1490876843.24		559.749136438		558.750739		561.090581671		
1490910486.49		559.857161038		558.859986267		561.214579748		
1490944129.73		559.998988642		558.975526122		561.354835852		
1490977772.97		560.137209344		559.091578322		561.509798437		
1491011416.22		560.260848824		559.201120817		561.668107799		
1491045059.46		560.383653949		559.322329882		561.824895488		
1491078702.7		560.507521094		559.436974462		561.9934612		
1491112345.95		560.632292741		559.562584594		562.151520207		
1491145989.19		560.757851066		559.688406596		562.300159289		
1491179632.43		560.884404931		559.803246963		562.479123631		
1491213275.68		561.012081012		559.929472201		562.645873352		
1491246918.92		561.163323041		560.061664355		562.82062726		
1491280562.16		561.303906885		560.186134772		563.001538835		
1491314205.41		561.449237926		560.2929671		563.166888702		
1491347848.65		561.582765023		560.392922063		563.339568207		
1491381491.89		561.729502173		560.492598368		563.498479421		
1491415135.14		561.877675138		560.602278951		563.656876597		
1491448778.38		562.025264252		560.72678029		563.823819925		
1491482421.62		562.165416408		560.838035374		563.999104355		
1491516064.86		562.307887887		560.94475308		564.170676564		
1491549708.11		562.450441883		561.064786875		564.333446713		
1491583351.35		562.599820829		561.195361983		564.510938605		
1491616994.59		562.745076036		561.323968985		564.68434706		
1491650637.84		562.887444709		561.438870755		564.85634239		
1491684281.08		563.025577592		561.578629224		565.030555958		
1491717924.32		563.159528788		561.705928277		565.206229171		
1491751567.57		563.296018319		561.832144737		565.367097018		
1491785210.81		563.441744755		561.94864395		565.545239005		
1491818854.05		563.593137616		562.065515364		565.73167853		
1491852497.3		563.718931125		562.182749778		565.916937289		
1491886140.54		563.856506754		562.301190094		566.101848961		
1491919783.78		564.008933635		562.418250156		566.28825921		
1491953427.03		564.162298735		562.536490456		566.474883831		
1491987070.27		564.308350732		562.655040455		566.662099691		
1492020713.51		564.457505329		562.773889066		566.836726945		
1492054356.76		564.608693773		562.893024991		567.021920193		
1492088000.0		564.74721368		563.012437233		567.217575187		
1492121643.24		564.89750979		563.132116253		567.409486984		
1492155286.49		565.050551628		563.252052068		567.59005871		
1492188929.73		565.200351823		563.372235219		567.770754817		
1492222572.97		565.356574254		563.492657496		567.968702656		
1492256216.22		565.513039926		563.613515138		568.173226426		
1492289859.46		565.667830367		563.734184843		568.3663141		
1492323502.7		565.831105989		563.857668011		568.554025285		
1492357145.95		565.987778183		563.981433695		568.743133856		
1492390789.19		566.133813419		564.109923967		568.939646017		
1492424432.43		566.28247322		564.231496518		569.127958081		
1492458075.68		566.438274792		564.347801725		569.319518246		
1492491718.92		566.58605193		564.463933403		569.511147028		
1492525362.16		566.727091011		564.585937615		569.703427165		
1492559005.41		566.870911154		564.711590963		569.895962077		
1492592648.65		567.016327047		564.848182745		570.088746523		
1492626291.89		567.173608965		564.986751991		570.28177566		
1492659935.14		567.341395174		565.115509598		570.475044263		
1492693578.38		567.497116348		565.234654739		570.668547828		
1492727221.62		567.648822371		565.371349393		570.862282077		
1492760864.86		567.797972262		565.495848956		571.056242523		
1492794508.11		567.950275104		565.620482576		571.250596775		
1492828151.35		568.104930615		565.745246805		571.4531042		
1492861794.59		568.25090462		565.870441334		571.650115166		
1492895437.84		568.404768101		565.998825899		571.844514196		
1492929081.08		568.558740405		566.122125344		572.039126045		
1492962724.32		568.710783649		566.24626813		572.233790994		
1492996367.57		568.865085175		566.375773578		572.430084133		
1493030010.81		569.013858846		566.502905304		572.626457026		
1493063654.05		569.165442575		566.619321261		572.820619629		
1493097297.3		569.318928391		566.742194739		573.012470407		
1493130940.54		569.469896892		566.857106702		573.205500356		
1493164583.78		569.620996971		566.974998296		573.401979074		
1493198227.03		569.772226569		567.083675263		573.598645148		
1493231870.27		569.923583441		567.209591262		573.795496276		
1493265513.51		570.073656184		567.337199317		573.992775161		
1493299156.76		570.225465688		567.46553761		574.192024732		
1493332800.0		570.378398162		567.594492426		574.391458277		
1493366443.24		570.530244952		567.710472789		574.591073936		
1493400086.49		570.684301152		567.824758938		574.790324251		
1493433729.73		570.834291438		567.943937095		574.985611395		
1493467372.97		570.986487918		568.063196264		575.179879802		
1493501016.22		571.138801987		568.188915822		575.376741086		
1493534659.46		571.294741892		568.314721141		575.575176371		
1493568302.7		571.453816178		568.439932045		575.773780122		
1493601945.95		571.61373533		568.55473357		575.98735662		
1493635589.19		571.773771604		568.672288711		576.187309831		
1493669232.43		571.933923889		568.791673923		576.380576484		
1493702875.68		572.094191119		568.914467068		576.573498137		
1493736518.92		572.252322808		569.04253503		576.769284832		
1493770162.16		572.409877105		569.170657252		576.968875488		
1493803805.41		572.562077687		569.298908159		577.16862717		
1493837448.65		572.715048885		569.414756605		577.368538973		
1493871091.89		572.866163429		569.52636073		577.568610134		
1493904735.14		573.014661215		569.638024158		577.768839873		
1493938378.38		573.172795643		569.749746194		577.969227431		
1493972021.62		573.341091486		569.862537061		578.168017245		
1494005664.86		573.50567062		569.979586942		578.364025973		
1494039308.11		573.659341681		570.102502928		578.567536309		
1494072951.35		573.822084252		570.222470549		578.76846884		
1494106594.59		573.989426978		570.342500989		578.96955586		
1494140237.84		574.147981999		570.462593717		579.167056451		
1494173881.08		574.302746472		570.582748279		579.360858738		
1494207524.32		574.455833615		570.702964172		579.562902242		
1494241167.57		574.608809752		570.823240945		579.765099744		
1494274810.81		574.76326719		570.940630806		579.967450863		
1494308454.05		574.920221045		571.05547044		580.169955151		
1494342097.3		575.076549251		571.177122873		580.372612235		
1494375740.54		575.225567088		571.298835678		580.575421798		
1494409383.78		575.376378193		571.420608476		580.778383472		
1494443027.03		575.531792737		571.542440945		580.981496957		
1494476670.27		575.6872992		571.66433279		581.18476199		
1494510313.51		575.844255225		571.786283688		581.388178275		
1494543956.76		576.005624404		571.908293367		581.591745575		
1494577600.0		576.167091494		572.030361568		581.795463675		
1494611243.24		576.32976733		572.15248802		581.999332341		
1494644886.49		576.49026598		572.274672491		582.20335139		
1494678529.73		576.648723491		572.396914757		582.407520649		
1494712172.97		576.807297179		572.528495381		582.611839938		
1494745816.22		576.96826415		572.666760828		582.816309121		
1494779459.46		577.126595089		572.797043652		583.020928063		
1494813102.7		577.285017776		572.927178076		583.225696629		
1494846745.95		577.447035189		573.057376394		583.430614726		
1494880389.19		577.609710171		573.188372003		583.635682249		
1494914032.43		577.772481432		573.320412129		583.840899107		
1494947675.68		577.935348862		573.450557763		584.045890044		
1494981318.92		578.098312337		573.573217895		584.250883815		
1495014962.16		578.258541893		573.695934023		584.456025799		
1495048605.41		578.417629826		573.818706038		584.661315974		
1495082248.65		578.576808774		573.941533819		584.866754304		
1495115891.89		578.739056165		574.072382089		585.07286435		
1495149535.14		578.901437116		574.205612258		585.278715823		
1495183178.38		579.061555144		574.33496724		585.48469448		
1495216821.62		579.221029464		574.457684169		585.690821424		
1495250464.86		579.380594575		574.579026815		585.897096677		
1495284108.11		579.540250407		574.699580801		586.105639364		
1495317751.35		579.699996913		574.820187657		586.316880608		
1495351394.59		579.859834055		574.941585299		586.525399751		
1495385037.84		580.019761784		575.063675446		586.734069981		
1495418681.08		580.179780068		575.185819402		586.942891342		
1495452324.32		580.339888883		575.309418405		587.151863883		
1495485967.57		580.500088197		575.433684964		587.359820269		
1495519610.81		580.661975531		575.558007011		587.567809222		
1495553254.05		580.829309087		575.685879923		587.77594767		
1495586897.3		580.99678644		575.818705946		587.984235667		
1495620540.54		581.162728802		575.951594952		588.192673286		
1495654183.78		581.325805476		576.084546912		588.401260598		
1495687827.03		581.48897524		576.217561796		588.609997675		
1495721470.27		581.652238106		576.350639585		588.818884598		
1495755113.51		581.815594087		576.48378026		589.027921451		
1495788756.76		581.979043193		576.607267287		589.237108318		
1495822400.0		582.141674864		576.729265487		589.446445292		
1495856043.24		582.303669845		576.851316316		589.655932466		
1495889686.49		582.465756159		576.973419764		589.865569934		
1495923329.73		582.627933834		577.095575823		590.075357799		
1495956972.97		582.790202894		577.218075932		590.285296163		
1495990616.22		582.952563367		577.340945303		590.495385128		
1496024259.46		583.115015288		577.463867794		590.705624808		
1496057902.7		583.277558687		577.586843403		590.91601531		
1496091545.95		583.4401936		577.709872129		591.126556746		
1496125189.19		583.602920066		577.832953975		591.337249236		
1496158832.43		583.765738121		577.956483207		591.548092894		
1496192475.68		583.928647808		578.080088454		591.759087841		
1496226118.92		584.09164917		578.203747216		591.970234201		
1496259762.16		584.254742249		578.327459499		592.181532095		
1496293405.41		584.417927092		578.451225311		592.39298165		
1496327048.65		584.581203746		578.575658897		592.604582996		
1496360691.89		584.74457226		578.704955469		592.81633626		
1496394335.14		584.908032682		578.834310412		593.028241574		
1496427978.38		585.071585067		578.963742472		593.240299073		
1496461621.62		585.235229463		579.094004209		593.452508889		
1496495264.86		585.398965927		579.224325053		593.664871159		
1496528908.11		585.562794512		579.354705025		593.877386021		
1496562551.35		585.726715274		579.485144142		594.090053613		
1496596194.59		585.890728271		579.615642425		594.302874076		
1496629837.84		586.05483356		579.7466373		594.515847552		
1496663481.08		586.2190312		579.877721889		594.728974183		
1496697124.32		586.384651898		580.008866136		594.942010015		
1496730767.57		586.554219694		580.140070064		595.154813901		
1496764410.81		586.71833555		580.271333697		595.367770476		
1496798054.05		586.882215387		580.402657063		595.580879888		
1496831697.3		587.04555764		580.534040185		595.794142283		
1496865340.54		587.209170728		580.665483092		596.00755781		
1496898983.78		587.372875335		580.796985811		596.221126618		
1496932627.03		587.536671524		580.92854837		596.434848856		
1496966270.27		587.700975905		581.060170797		596.648724676		
1496999913.51		587.86610048		581.191853122		596.860225573		
1497033556.76		588.031318107		581.323156156		597.071498986		
1497067200.0		588.196628854		581.449991595		597.282922276		
