1463457600.0		5.65761373587		3.3158372591		17.3068578405		
1463491243.24		3.22222315304		2.95139877773		3.51454653742		
1463524886.49		3.03861922512		2.97250214362		3.11024985698		
1463558529.73		3.12426772612		3.08222750799		3.16469699563		
1463592172.97		3.22647061503		3.1883291441		3.26621244242		
1463625816.22		3.37860994297		3.33761870452		3.41834523923		
1463659459.46		3.53890914577		3.49642902282		3.58041054321		
1463693102.7		3.67338178224		3.62841696535		3.71635182172		
1463726745.95		3.85009523545		3.80285423893		3.89501593329		
1463760389.19		3.99576948182		3.94692049495		4.04234530658		
1463794032.43		4.18636530451		4.13525369988		4.23514786745		
1463827675.68		4.38512755828		4.33181348072		4.43625764167		
1463861318.92		4.55986024347		4.50448766805		4.61328813587		
1463894962.16		4.77602270249		4.7180077447		4.83216571898		
1463928605.41		5.00261469276		4.94177022795		5.0608294697		
1463962248.65		5.20116247984		5.13816106264		5.26174769074		
1463995891.89		5.44707503327		5.38106375477		5.5103202731		
1464029535.14		5.64717972824		5.5786960763		5.7127325414		
1464063178.38		5.82606590881		5.75521242792		5.89387943054		
1464096821.62		5.9920726639		5.91907010623		6.06229652308		
1464130464.86		6.19151401567		6.11594018645		6.2643520372		
1464164108.11		6.5140849234		6.434754507		6.59079675924		
1464197751.35		6.79115765678		6.70853256624		6.87122866584		
1464231394.59		7.05357473509		6.96790140404		7.13678336024		
1464265037.84		7.32600649897		7.23698661111		7.41224645891		
1464298681.08		7.582004636		7.48998887451		7.67119776326		
1464332324.32		7.89839501237		7.80285776905		7.99140654121		
1464365967.57		8.18115411981		8.08229774616		8.27735987927		
1464399610.81		8.52128351998		8.41858476051		8.62144398373		
1464433254.05		8.87509135201		8.76832034088		8.97926860719		
1464466897.3		9.18873205396		9.07848274242		9.29663632908		
1464500540.54		9.56806845201		9.45344854417		9.68018743537		
1464534183.78		9.92367950296		9.80454372735		10.0393218564		
1464567827.03		10.313251677		10.1895633542		10.4329830041		
1464601470.27		10.7363391279		10.6081533934		10.8610364424		
1464635113.51		11.0907305663		10.9583919767		11.2190988386		
1464668756.76		11.5443281675		11.4076952525		11.6785241378		
1464702400.0		11.9763686857		11.8341542976		12.1146376852		
1464736043.24		12.4347813382		12.2862976118		12.5775167277		
1464769686.49		12.9387688198		12.7843600893		13.0861717863		
1464803329.73		13.3595432284		13.2001608938		13.5104728847		
1464836972.97		13.8962094601		13.7311284908		14.0525285892		
1464870616.22		14.4526412303		14.2812676069		14.6153611217		
1464904259.46		14.9459201853		14.7676587344		15.1135704825		
1464937902.7		15.5409543225		15.3550003733		15.7149255286		
1464971545.95		16.0200478356		15.8280610402		16.1981769982		
1465005189.19		16.638415648		16.439217871		16.8220941536		
1465038832.43		17.2941416612		17.0870538517		17.4843799576		
1465072475.68		17.9035933635		17.6888773567		18.0992970668		
1465106118.92		18.9224621321		18.6963885843		19.1287011237		
1465139762.16		19.9958275544		19.7564477803		20.2134896847		
1465173405.41		21.1222634776		20.8689892584		21.3512179675		
1465207048.65		22.3006083551		22.0330834335		22.5408967937		
1465240691.89		23.5330040508		23.2521695246		23.7881744112		
1465274335.14		24.730260979		24.4338285405		24.9957776243		
1465307978.38		26.110684052		25.799541988		26.3899145913		
1465341621.62		27.5618432347		27.2344530622		27.8530951272		
1465375264.86		29.0810370741		28.7337085102		29.3850249277		
1465408908.11		30.6631024915		30.2988779957		30.9815856618		
1465442551.35		32.3123576808		31.9303542649		32.6477354081		
1465476194.59		34.0312688118		33.6317181903		34.3853163016		
1465509837.84		35.8207621613		35.4003969014		36.1910671899		
1465543481.08		37.6837324717		37.2434233967		38.0755105348		
1465577124.32		39.6219304637		39.1614584105		40.030378719		
1465610767.57		41.6332454285		41.1587694901		42.064143342		
1465644410.81		43.7246354872		43.2357859371		44.1738579207		
1465678054.05		45.8986721995		45.3946877734		46.3625761536		
1465711697.3		48.1546063722		47.6347411581		48.6427939544		
1465745340.54		50.4926604223		49.9530478605		51.0017070981		
1465778983.78		52.9140703022		52.362665005		53.448001969		
1465812627.03		55.4191884565		54.8516445892		55.9687487905		
1465846270.27		58.0217505013		57.4339367285		58.6024913533		
1465879913.51		60.6522307143		60.0476554362		61.2548117386		
1465913556.76		63.3399015134		62.7116079021		63.9660266376		
1465947200.0		49.9858762428		48.5948156366		51.8445991384		
1465980843.24		35.9263012657		34.7417349901		37.079465354		
1466014486.49		35.2378713082		34.254813314		36.2673343739		
1466048129.73		35.662808297		34.6828429065		36.6166295515		
1466081772.97		36.3002231776		35.3024026234		37.2591023403		
1466115416.22		36.9702998691		35.9666511732		37.946319019		
1466149059.46		37.6600566546		36.6432860654		38.6426618265		
1466182702.7		38.3612228591		37.3323046263		39.3477146219		
1466216345.95		39.0718075915		38.0355879238		40.0632007027		
1466249989.19		39.7893570673		38.7480998372		40.7874673308		
1466283632.43		40.5083591729		39.4638340127		41.5158522492		
1466317275.68		41.2303043959		40.1764558655		42.2489794147		
1466350918.92		41.9577151355		40.8921587337		42.9864571451		
1466384562.16		42.6867481282		41.6097143723		43.7252444493		
1466418205.41		43.4228236259		42.3375106889		44.4712238		
1466451848.65		44.1702646457		43.0744437398		45.2281326344		
1466485491.89		44.9168341427		43.8143057604		45.9860004584		
1466519135.14		45.6736266516		44.5718081327		46.7524105086		
1466552778.38		47.2222629609		46.0989084892		48.3289547216		
1466586421.62		49.4307517309		48.2677884969		50.5766796715		
1466620064.86		51.7313046422		50.5296578429		52.9161094058		
1466653708.11		54.1111864979		52.864922618		55.3387630128		
1466687351.35		56.5706284275		55.2845096726		57.8425398428		
1466720994.59		59.1168493349		57.7771349321		60.4345487416		
1466754637.84		61.7334851621		60.3464620123		63.1001675167		
1466788281.08		64.4342443487		63.0096917008		65.848652627		
1466821924.32		67.2071195787		65.7458753871		68.6682424023		
1466855567.57		70.0634811576		68.5763360273		71.5671688367		
1466889210.81		72.9908417612		71.4642927663		74.5303968041		
1466922854.05		76.0053811604		74.4393713911		77.5749879556		
1466956497.3		79.1035445568		77.4881421478		80.7189131168		
1466990140.54		82.2815181342		80.6383568792		83.9262986952		
1467023783.78		85.5123173504		83.8670634361		87.1902278185		
1467057427.03		88.8022374986		87.1449396258		90.5042576637		
1467091070.27		92.1606147265		90.4796939238		93.8922168114		
1467124713.51		95.5837700604		93.8564827591		97.3595662084		
1467158356.76		99.0406208047		97.2900349119		100.8533783		
1467192000.0		102.570254442		100.746528589		104.423855511		
1467225643.24		106.171140564		104.328054611		108.069466358		
1467259286.49		109.802750426		107.95813124		111.731620686		
1467292929.73		106.146295045		104.421662224		107.968652135		
1467326572.97		109.599832237		107.894782187		111.463660453		
1467360216.22		120.809615682		118.963854069		122.837433477		
1467393859.46		124.571512259		122.723560203		126.618063434		
1467427502.7		128.397668294		126.523332401		130.47215296		
1467461145.95		132.152320736		130.268754969		134.248142783		
1467494789.19		135.931291896		134.018975735		138.053323926		
1467528432.43		139.695949036		137.743250567		141.854518815		
1467562075.68		143.478832819		141.523271129		145.657502357		
1467595718.92		147.267891077		145.303764601		149.456654784		
1467629362.16		151.024398968		149.035628455		153.227283461		
1467663005.41		154.760552442		152.749813687		156.98417882		
1467696648.65		158.447569511		156.471987998		160.726701151		
1467730291.89		162.130916539		160.172885796		164.410942673		
1467763935.14		165.787907388		163.791653876		168.058288325		
1467797578.38		169.377353644		167.38414759		171.636669069		
1467831221.62		172.962885829		170.931260582		175.209504755		
1467864864.86		176.473468504		174.430843475		178.689015482		
1467898508.11		179.937355954		177.862055021		182.163173732		
1467932151.35		183.76115617		181.670861209		185.975027725		
1467965794.59		186.777491899		184.717162057		189.000879123		
1467999437.84		189.984925093		187.91706768		192.257509902		
1468033081.08		193.19233973		191.073197072		195.438292041		
1468066724.32		196.334484074		194.165353045		198.569480125		
1468100367.57		199.391500875		197.194549885		201.6297089		
1468134010.81		202.382480393		200.157631409		204.606050257		
1468167654.05		205.329741782		203.059852782		207.547552792		
1468201297.3		208.157786355		205.91338384		210.375625682		
1468234940.54		210.935586416		208.662599981		213.131871071		
1468268583.78		213.60380665		211.327143376		215.868320304		
1468302227.03		216.303474373		213.993212319		218.576192475		
1468335870.27		218.918109291		216.600130706		221.175092411		
1468369513.51		221.403820871		219.111279795		223.69735613		
1468403156.76		223.866970146		221.53329124		226.13078312		
1468436800.0		226.241087079		223.859994853		228.504867473		
1468470443.24		244.632396053		242.060573911		247.070855526		
1468504086.49		247.010994684		244.36879134		249.371909604		
1468537729.73		249.199626999		246.520433412		251.606104439		
1468571372.97		251.360004327		248.648313988		253.763020413		
1468605016.22		197.902866389		191.002458487		203.843764454		
1468638659.46		148.305329654		142.495696043		154.458755813		
1468672302.7		143.926761981		139.87317355		148.780823035		
1468705945.95		146.29661667		142.543548061		150.49001286		
1468739589.19		150.006729145		146.390285681		153.945933858		
1468773232.43		153.993251965		150.462880921		157.858543547		
1468806875.68		158.05384173		154.56298496		161.875211812		
1468840518.92		162.106806725		158.683012708		165.903208056		
1468874162.16		166.121573016		162.762850324		169.890362068		
1468907805.41		170.135529027		166.853304913		173.866496367		
1468941448.65		174.162542066		170.904418454		177.841882125		
1468975091.89		176.194363007		172.965536808		179.76293459		
1469008735.14		180.264648223		177.082811623		183.744674682		
1469042378.38		184.186216025		181.077790628		187.545379867		
1469076021.62		188.179905283		185.092791337		191.451000749		
1469109664.86		192.093079431		189.076405517		195.205678058		
1469143308.11		195.883157709		192.959008986		198.95478774		
1469176951.35		199.647155069		196.833813569		202.63184599		
1469210594.59		182.947661175		180.404261738		185.494255393		
1469244237.84		186.098243701		183.573084625		188.527100073		
1469277881.08		189.08619077		186.633382709		191.396823215		
1469311524.32		191.968333672		189.636037842		194.207515012		
1469345167.57		194.805806364		192.570783591		196.98458051		
1469378810.81		197.567749805		195.431462397		199.693541024		
1469412454.05		200.26295429		198.172820002		202.307196988		
1469446097.3		202.935950007		200.851991066		204.88799569		
1469479740.54		205.496345543		203.539999621		207.387701047		
1469513383.78		207.996208533		206.082757781		209.865101805		
1469547027.03		201.328019854		199.538461218		203.083383967		
1469580670.27		203.580359477		201.885120555		205.333546979		
1469614313.51		205.740933129		204.084742519		207.511422801		
1469647956.76		207.885140306		206.261608607		209.603344094		
1469681600.0		209.985352252		208.376640991		211.640031755		
1469715243.24		211.987307003		210.4024112		213.631993004		
1469748886.49		218.943277004		217.294190217		220.541014851		
1469782529.73		220.836908855		219.209964526		222.472199019		
1469816172.97		222.734470501		221.096531948		224.344000649		
1469849816.22		238.368149926		236.64530613		240.132550516		
1469883459.46		240.225472543		238.466212442		241.964216514		
1469917102.7		241.998449824		240.268426844		243.728163018		
1469950745.95		243.736612838		241.935259605		245.4853806		
1469984389.19		245.422672524		243.625200219		247.146869903		
1470018032.43		246.992163664		245.251039993		248.753783571		
1470051675.68		248.528773823		246.740102946		250.373612799		
1470085318.92		234.86756915		233.110854136		236.611888839		
1470118962.16		251.479975952		249.622979835		253.40831075		
1470152605.41		252.785574214		250.910367131		254.773671079		
1470186248.65		236.301755155		234.571539826		238.168604073		
1470219891.89		237.824427639		236.145989122		239.693171769		
1470253535.14		239.339758795		237.69697193		241.19169152		
1470287178.38		240.79458573		239.216664272		242.636175362		
1470320821.62		242.187618647		240.623988495		244.009777708		
1470354464.86		242.942964101		241.403558629		244.79540619		
1470388108.11		244.454846602		242.886665556		246.298848335		
1470421751.35		245.83161696		244.286479144		247.616927727		
1470455394.59		247.085781658		245.576874338		248.846187392		
1470489037.84		248.301122475		246.827763932		250.06847515		
1470522681.08		246.741178974		245.321441378		248.471709823		
1470556324.32		247.84669347		246.448621852		249.600168593		
1470589967.57		248.985704827		247.603983757		250.774969707		
1470623610.81		250.121552663		248.716730776		251.897264181		
1470657254.05		251.260804642		249.836724563		253.028947597		
1470690897.3		252.371322293		250.937986554		254.110073747		
1470724540.54		272.667967329		271.117676713		274.516840089		
1470758183.78		255.482711245		253.997114414		257.162982127		
1470791827.03		274.751199138		273.165272938		276.516221333		
1470825470.27		275.042925196		273.478203224		276.779069123		
1470859113.51		275.165631416		273.605612409		276.900460391		
1470892756.76		275.250362342		273.681727877		277.005544027		
1470926400.0		275.356494872		273.78920378		277.092747936		
1470960043.24		275.800770433		274.213636289		277.458887052		
1470993686.49		276.474068484		274.934910965		278.008556803		
1471027329.73		277.060327098		275.541333074		278.541025977		
1471060972.97		277.677981011		276.173505128		279.082818674		
1471094616.22		278.273234211		276.805810577		279.646566133		
1471128259.46		278.883167342		277.443074063		280.292731278		
1471161902.7		279.432927859		277.988611594		280.80754185		
1471195545.95		280.008983938		278.525496933		281.361128215		
1471229189.19		280.529878333		279.078299281		281.9311851		
1471262832.43		281.01146945		279.540191739		282.375091906		
1471296475.68		281.530128971		280.034605833		282.941867909		
1471330118.92		282.086663551		280.578792962		283.453682255		
1471363762.16		282.505126443		281.008168762		283.869466801		
1471397405.41		282.970052205		281.440320138		284.362571826		
1471431048.65		283.383656748		281.852739362		284.819717616		
1471464691.89		283.903006396		282.292606379		285.361107277		
1471498335.14		284.389012191		282.754750939		285.8930416		
1471531978.38		284.799745319		283.164264332		286.339997821		
1471565621.62		285.251878832		283.596148549		286.839535726		
1471599264.86		285.677827679		284.022191061		287.297566481		
1471632908.11		286.070716103		284.426318098		287.723414201		
1471666551.35		286.445213784		284.81928051		288.137849822		
1471700194.59		286.815332446		285.201461012		288.54865464		
1471733837.84		287.177237109		285.561561175		288.953785698		
1471767481.08		287.551181894		285.918150904		289.341953109		
1471801124.32		287.923473274		286.268201694		289.744116063		
1471834767.57		288.352888713		286.68737409		290.180188445		
1471868410.81		288.585180444		286.919725446		290.42715036		
1471902054.05		287.494077344		285.939032708		289.18556453		
1471935697.3		278.584042642		277.231519352		280.046130075		
1471969340.54		270.575026909		269.255958633		271.994919048		
1472002983.78		263.109379287		261.762068522		264.666281382		
1472036627.03		256.12097114		254.719276208		257.684481316		
1472070270.27		241.002462046		239.507263554		242.559040083		
1472103913.51		243.597843792		242.042873806		245.184342		
1472137556.76		219.216804334		217.78810913		220.719550905		
1472171200.0		232.699320741		231.181875627		234.357696451		
1472204843.24		227.658237368		226.17268236		229.376067708		
1472238486.49		222.872924776		221.401453145		224.551395998		
1472272129.73		218.298115245		216.905943218		219.977086078		
1472305772.97		213.922189439		212.549626086		215.611704947		
1472339416.22		209.754864704		208.349594073		211.436100656		
1472373059.46		205.752691769		204.366910672		207.456802124		
1472406702.7		201.938406653		200.555308226		203.656706704		
1472440345.95		198.267618205		196.887856263		199.961287105		
1472473989.19		194.757393329		193.353938293		196.449495996		
1472507632.43		191.370283269		189.932035386		193.044720659		
1472541275.68		188.098521295		186.634736328		189.781699852		
1472574918.92		184.951352481		183.527141182		186.619548524		
1472608562.16		181.967082492		180.579946668		183.575680573		
1472642205.41		179.068828569		177.658720041		180.648267557		
1472675848.65		176.258813217		174.886977255		177.803000463		
1472709491.89		173.577020741		172.232395468		175.01877386		
1472743135.14		170.931657097		169.623393874		172.332687394		
1472776778.38		168.399015416		167.105481137		169.743093527		
1472810421.62		165.896327911		164.575518903		167.186452515		
1472844064.86		164.065956729		162.753298041		165.313059705		
1472877708.11		168.160508793		166.850278132		169.425794356		
1472911351.35		172.053581359		170.706650146		173.300231596		
1472944994.59		175.891745412		174.552550609		177.131497355		
1472978637.84		179.74611125		178.41681711		180.975358326		
1473012281.08		183.57796571		182.215200938		184.77737943		
1473045924.32		187.359356975		186.000214002		188.549036276		
1473079567.57		191.113118357		189.757141309		192.297201406		
1473113210.81		195.103528334		193.714789839		196.263310711		
1473146854.05		198.700638451		197.302444511		199.849052476		
1473180497.3		202.411752565		201.002449854		203.580667322		
1473214140.54		206.065870992		204.653195539		207.232688075		
1473247783.78		209.699879117		208.267351899		210.865794499		
1473281427.03		213.268410131		211.876549888		214.439538566		
1473315070.27		216.773074835		215.398390562		217.986865242		
1473348713.51		220.244447599		218.888325711		221.485953586		
1473382356.76		223.478900514		222.145893834		224.74272439		
1473416000.0		226.904073639		225.553800117		228.18449084		
1473449643.24		230.191581141		228.851465126		231.465456719		
1473483286.49		233.417364342		232.111830976		234.724238638		
1473516929.73		236.613109794		235.308848014		237.933324495		
1473550572.97		239.753352082		238.455269438		241.069396255		
1473584216.22		242.801696723		241.507604494		244.134891497		
1473617859.46		245.794697983		244.501518262		247.131104609		
1473651502.7		248.729905649		247.447041974		250.047427653		
1473685145.95		251.597969991		250.340905053		252.947245403		
1473718789.19		254.424781636		253.210629821		255.777042415		
1473752432.43		257.230216489		256.017008627		258.578193717		
1473786075.68		259.951138244		258.761992405		261.405879068		
1473819718.92		263.039156007		261.848008403		264.485489405		
1473853362.16		265.634931402		264.475009162		267.084083617		
1473887005.41		268.008966772		266.860560164		269.385216477		
1473920648.65		269.900450418		268.810422199		271.295401913		
1473954291.89		272.2801314		271.188458865		273.679284334		
1473987935.14		256.364361405		255.34156087		257.704981887		
1474021578.38		258.554449884		257.545339393		259.939199818		
1474055221.62		260.676710592		259.682795053		262.089188858		
1474088864.86		272.789519299		271.752787125		274.25960464		
1474122508.11		274.893673254		273.86873508		276.380783923		
1474156151.35		276.95697411		275.94644175		278.450785567		
1474189794.59		279.011637577		278.017309221		280.491923829		
1474223437.84		280.986271219		279.99455015		282.477357148		
1474257081.08		282.912128795		281.92339744		284.448022081		
1474290724.32		284.786075084		283.80240311		286.316913456		
1474324367.57		286.613837543		285.634107003		288.12832599		
1474358010.81		288.390394761		287.424828258		289.928700915		
1474391654.05		288.15992558		287.213889282		289.735946744		
1474425297.3		289.871231197		288.936687686		291.491103538		
1474458940.54		291.5524121		290.625428597		293.181999098		
1474492583.78		293.208137889		292.296040075		294.840924944		
1474526227.03		293.685312014		292.785774093		295.320896892		
1474559870.27		295.595316708		294.711257655		297.241098599		
1474593513.51		297.513173025		296.633558385		299.209238641		
1474627156.76		299.293745802		298.428312985		301.003835646		
1474660800.0		296.391590224		295.550904157		298.104084494		
1474694443.24		298.001758496		297.172876976		299.742936027		
1474728086.49		299.499544971		298.669535872		301.250045265		
1474761729.73		300.940436787		300.116655228		302.701815299		
1474795372.97		302.338699844		301.519190663		304.110263241		
1474829016.22		303.682381352		302.87736469		305.489289453		
1474862659.46		304.987141081		304.192059827		306.815267185		
1474896302.7		306.253893032		305.469601023		308.093169534		
1474929945.95		307.467971003		306.68159145		309.3168723		
1474963589.19		308.658138525		307.865986358		310.506108116		
1474997232.43		309.836497556		309.041854616		311.687368523		
1475030875.68		310.973270777		310.185736644		312.834989671		
1475064518.92		312.077936036		311.296108401		313.939588765		
1475098162.16		313.300572611		312.514623616		315.168439989		
1475131805.41		314.542332749		313.761169834		316.436931282		
1475165448.65		315.761939453		314.98133877		317.671370537		
1475199091.89		310.901755797		310.202045367		312.71553018		
1475232735.14		301.548756541		300.934107157		303.136651423		
1475266378.38		292.412817512		291.754758947		293.732621093		
1475300021.62		274.269177841		273.524606956		275.326814485		
1475333664.86		266.274147202		265.479827546		267.204225046		
1475367308.11		269.922382381		269.012344657		270.925687923		
1475400951.35		267.480092815		266.426737936		268.577421921		
1475434594.59		265.595601529		264.432771045		266.848098414		
1475468237.84		263.831965422		262.579074988		265.231017615		
1475501881.08		262.189013412		260.750460058		263.726491786		
1475535524.32		257.560452411		256.023086693		259.279684022		
1475569167.57		256.026717214		254.337924068		257.910085698		
1475602810.81		254.785092072		252.911492641		256.83374974		
1475636454.05		253.391432612		251.281629492		255.571534721		
1475670097.3		253.238414606		250.970609463		255.577612834		
1475703740.54		256.938344892		254.666785719		259.285277737		
1475737383.78		262.582606725		260.345674846		264.885705525		
1475771027.03		268.326647952		266.17074217		270.576167561		
1475804670.27		273.969166404		271.936718795		276.166805009		
1475838313.51		279.549274		277.584218761		281.674947628		
1475871956.76		284.904121639		283.02001911		286.949228659		
1475905600.0		289.576599411		287.774804974		291.58450401		
1475939243.24		294.173073923		292.42776588		296.10674208		
1475972886.49		298.711085209		297.029014302		300.60445512		
1476006529.73		303.13111933		301.472354276		304.961459677		
1476040172.97		307.433366523		305.849820553		309.19269917		
1476073816.22		311.640374976		310.129203313		313.335539358		
1476107459.46		315.765616958		314.311054558		317.400935232		
1476141102.7		319.810036001		318.393208645		321.366027595		
1476174745.95		323.823427329		322.443009084		325.32684473		
1476208389.19		327.654416672		326.307403835		329.073491516		
1476242032.43		331.374950902		330.06311653		332.768661757		
1476275675.68		334.987774293		333.707952996		336.340016964		
1476309318.92		338.4991404		337.25724845		339.817308465		
1476342962.16		341.194246348		340.039294917		342.465680626		
1476376605.41		343.916467008		342.793686112		345.184078285		
1476410248.65		346.902081904		345.801861178		348.125443683		
1476443891.89		349.809811398		348.710415631		351.041305263		
1476477535.14		352.516828523		351.427907022		353.722383514		
1476511178.38		355.600108781		354.496528783		356.756886116		
1476544821.62		358.542451979		357.472675169		359.687347324		
1476578464.86		361.366567377		360.3201552		362.533075662		
1476612108.11		364.102054795		363.087997082		365.312473701		
1476645751.35		366.757598984		365.780778324		368.015496545		
1476679394.59		369.323040298		368.376191365		370.647746409		
1476713037.84		371.805124303		370.883151474		373.209247258		
1476746681.08		374.212025641		373.306939804		375.658429197		
1476780324.32		376.521305162		375.658192273		377.951401021		
1476813967.57		378.764788184		377.92310571		380.220393799		
1476847610.81		380.949451409		380.131481112		382.401583348		
1476881254.05		383.056847698		382.259277271		384.502652065		
1476914897.3		385.070960521		384.30394535		386.537205805		
1476948540.54		386.982589145		386.231362861		388.452474826		
1476982183.78		388.779682033		388.023532641		390.257770441		
1477015827.03		390.269916094		389.52270783		391.799091825		
1477049470.27		391.702734878		390.96107857		393.264740058		
1477083113.51		393.087458639		392.366085202		394.619701367		
1477116756.76		394.430341351		393.723147171		395.959188028		
1477150400.0		395.722990506		395.04827133		397.282955905		
1477184043.24		396.984178187		396.316233667		398.563162705		
1477217686.49		398.217075644		397.561199861		399.81646917		
1477251329.73		399.422686377		398.773877382		401.016907475		
1477284972.97		400.602731446		399.955485999		402.147123619		
1477318616.22		401.737529649		401.086140625		403.252154002		
1477352259.46		402.852766797		402.188679802		404.347404004		
1477385902.7		403.931529221		403.257581421		405.410866202		
1477419545.95		404.949491803		404.277619515		406.417689623		
1477453189.19		405.956753945		405.289212002		407.402664481		
1477486832.43		406.948095008		406.266969094		408.36583941		
1477520475.68		407.920216256		407.244213746		409.316221674		
1477554118.92		408.847769607		408.168304579		410.238505951		
1477587762.16		409.610971254		408.926772989		411.010692725		
1477621405.41		410.607576282		409.933818224		411.993711846		
1477655048.65		411.504950232		410.829379445		412.885534019		
1477688691.89		412.311125319		411.643231733		413.685285449		
1477722335.14		413.153817981		412.486309527		414.513476403		
1477755978.38		413.980911352		413.329265127		415.342185015		
1477789621.62		414.80694639		414.159083628		416.169782114		
1477823264.86		415.620447056		414.954024269		416.976494887		
1477856908.11		416.395979094		415.731733157		417.732197344		
1477890551.35		417.168649015		416.509196886		418.484547963		
1477924194.59		417.916383079		417.233231512		419.206941683		
1477957837.84		418.650237552		417.967106138		419.940890265		
1477991481.08		419.379363483		418.696005926		420.669974599		
1478025124.32		420.086787662		419.413800741		421.367334715		
1478058767.57		420.800387417		420.117579822		422.060524065		
1478092410.81		421.476708494		420.78577159		422.724060556		
1478126054.05		422.159846759		421.465867215		423.39697874		
1478159697.3		422.799688158		422.104839235		424.025741032		
1478193340.54		423.498617309		422.801488992		424.71445146		
1478226983.78		424.142755117		423.445091724		425.362941063		
1478260627.03		424.782985491		424.086740274		426.005873602		
1478294270.27		425.43287659		424.731378691		426.655016638		
1478327913.51		426.075462877		425.369103114		427.297809352		
1478361556.76		426.690194813		425.982394187		427.908866794		
1478395200.0		427.318587781		426.607907145		428.536900925		
1478428843.24		427.921466613		427.209983312		429.136592474		
1478462486.49		428.511124793		427.802266922		429.725622189		
1478496129.73		429.100311974		428.389915259		430.299948605		
1478529772.97		429.694610903		428.987699826		430.881164928		
1478563416.22		430.301218674		429.589261705		431.474843221		
1478597059.46		430.886410773		430.173723716		432.061840926		
1478630702.7		431.470584549		430.759712675		432.648818163		
1478664345.95		432.059372518		431.353626321		433.239673249		
1478697989.19		432.625726709		431.918800431		433.805203901		
1478731632.43		433.200553687		432.488646868		434.377429188		
1478765275.68		433.781061055		433.068971674		434.95714824		
1478798918.92		434.334631798		433.620641901		435.51230343		
1478832562.16		434.906924211		434.194545629		436.086879229		
1478866205.41		435.46487403		434.7478115		436.644108903		
1478899848.65		436.022604473		435.305052866		437.202540478		
1478933491.89		436.581247394		435.866045318		437.761893121		
1478967135.14		437.144785433		436.430427224		438.323079567		
1479000778.38		437.682141736		436.969542366		438.848584001		
1479034421.62		438.250595257		437.537155953		439.403962192		
1479068064.86		438.795771731		438.084106159		439.934748482		
1479101708.11		439.336684083		438.625429885		440.461814243		
1479135351.35		439.894675276		439.181510802		441.003827245		
1479168994.59		440.436338495		439.72212698		441.531775962		
1479202637.84		440.97305327		440.261019302		442.063780121		
1479236281.08		441.51008577		440.798218702		442.599577228		
1479269924.32		442.033585115		441.322315847		443.122078947		
1479303567.57		442.560541426		441.850565722		443.646195474		
1479337210.81		443.0925276		442.383648194		444.174519499		
1479370854.05		443.627754937		442.917296195		444.703010185		
1479404497.3		444.161134552		443.44856342		445.230802859		
1479438140.54		444.707153816		443.994071123		445.772495502		
1479471783.78		445.230233006		444.519774475		446.293611112		
1479505427.03		445.778190906		445.068348911		446.837839062		
1479539070.27		446.308380227		445.599700083		447.365380225		
1479572713.51		446.841563448		446.134088527		447.894394784		
1479606356.76		447.376427424		446.669795257		448.414212951		
1479640000.0		447.907471716		447.202507955		448.940533369		
1479673643.24		448.424414503		447.720536765		449.45142069		
1479707286.49		448.949136858		448.245306143		449.97433773		
1479740929.73		449.478329615		448.777287177		450.497561134		
1479774572.97		428.304442275		427.092389767		430.164580117		
1479808216.22		370.829601858		368.898068799		373.189585783		
1479841859.46		368.274298107		367.002042703		369.57463663		
1479875502.7		381.683909254		380.429330409		382.865756079		
1479909145.95		384.972084638		383.749097326		386.081932383		
1479942789.19		388.241395625		387.083681476		389.302257259		
1479976432.43		391.425076436		390.323026675		392.444337993		
1480010075.68		394.524557561		393.455541715		395.51313766		
1480043718.92		397.539117923		396.528707658		398.512089949		
1480077362.16		400.461303297		399.496383785		401.372364353		
1480111005.41		403.302411242		402.357663298		404.18832831		
1480144648.65		405.946146588		405.059805254		406.804490831		
1480178291.89		405.11547286		404.290925652		405.903806082		
1480211935.14		404.268938521		403.516638869		404.986091938		
1480245578.38		403.46063445		402.762203786		404.130657133		
1480279221.62		402.715181054		402.067348768		403.329883369		
1480312864.86		402.051538538		401.407914513		402.617134892		
1480346508.11		401.418772357		400.768254689		401.951356456		
1480380151.35		400.814352912		400.176183364		401.35717602		
1480413794.59		400.274042263		399.647236202		400.778666601		
1480447437.84		399.772434566		399.135464151		400.272345912		
1480481081.08		399.307001195		398.690658052		399.82157119		
1480514724.32		398.892167512		398.289636171		399.424732489		
1480548367.57		398.508093577		397.907003538		399.060370674		
1480582010.81		398.198822709		397.5633234		398.783836895		
1480615654.05		397.91223623		397.244053093		398.515089173		
1480649297.3		397.647054789		396.932688043		398.269026063		
1480682940.54		397.404325271		396.650394752		398.064245675		
1480716583.78		397.17465155		396.39391814		397.859013833		
1480750227.03		397.016185892		396.193426161		397.737693342		
1480783870.27		396.865530577		396.016520172		397.610159475		
1480817513.51		396.738954728		395.855795482		397.528675664		
1480851156.76		396.646303725		395.719469634		397.4487512		
1480884800.0		396.586934634		395.620938369		397.398828033		
1480918443.24		396.555950003		395.551389539		397.395329739		
1480952086.49		399.297536832		398.327241697		400.113580071		
1480985729.73		402.676602182		401.737835375		403.459005462		
1481019372.97		405.96253888		405.063459534		406.709547608		
1481053016.22		409.157149411		408.291714341		409.869075263		
1481086659.46		412.219963709		411.395787162		412.90448828		
1481120302.7		415.219331384		414.427304598		415.868089106		
1481153945.95		418.135147487		417.375665314		418.75749244		
1481187589.19		420.962510815		420.242498748		421.562390557		
1481221232.43		423.753014489		423.069638112		424.335479884		
1481254875.68		426.391869866		425.727299169		426.946093533		
1481288518.92		428.930756664		428.294422713		429.451810733		
1481322162.16		431.371287451		430.778346381		431.884663444		
1481355805.41		433.734536729		433.191144793		434.251376177		
1481389448.65		436.033864701		435.503555238		436.52413447		
1481423091.89		438.264838228		437.749197013		438.738526386		
1481456735.14		440.448938722		439.949183795		440.899982571		
1481490378.38		442.561836557		442.091239896		443.0185505		
1481524021.62		444.596163333		444.13377112		445.04141506		
1481557664.86		446.510755784		446.072739601		446.95392017		
1481591308.11		448.207554994		447.774122393		448.619584766		
1481624951.35		449.734402691		449.324493145		450.141624629		
1481658594.59		451.230719119		450.831071141		451.611778733		
1481692237.84		452.684893355		452.284799076		453.066284968		
1481725881.08		454.109741593		453.704732176		454.482237482		
1481759524.32		455.547748158		455.150015534		455.909111447		
1481793167.57		456.965683422		456.582999312		457.325484752		
1481826810.81		458.25028824		457.879758952		458.620360203		
1481860454.05		459.536660589		459.16634479		459.893348872		
1481894097.3		460.809189102		460.442171316		461.155829158		
1481927740.54		462.044718115		461.675757392		462.385802283		
1481961383.78		463.231129511		462.859682706		463.572592453		
1481995027.03		464.385592619		464.005140271		464.731513508		
1482028670.27		465.500803463		465.11496429		465.846467664		
1482062313.51		466.61023195		466.220329304		466.966424548		
1482095956.76		467.709993453		467.321526548		468.068792187		
1482129600.0		468.79367838		468.377730518		469.149588305		
1482163243.24		469.798328884		469.37058177		470.16021		
1482196886.49		461.147589498		460.853768227		461.427622683		
1482230529.73		451.737530719		451.504944128		451.964258202		
1482264172.97		443.049274907		442.824172119		443.260454403		
1482297816.22		434.941744537		434.677005987		435.201017481		
1482331459.46		427.301387171		426.978281505		427.631360429		
1482365102.7		422.362066341		422.010937242		422.751524898		
1482398745.95		425.472428474		425.135930414		425.826156102		
1482432389.19		428.645945181		428.328841899		428.979677796		
1482466032.43		431.694276286		431.401631048		432.013290183		
1482499675.68		434.662925905		434.382517251		434.966512291		
1482533318.92		437.530369411		437.262905401		437.826525598		
1482566962.16		440.291668113		440.03720119		440.588477006		
1482600605.41		443.014483325		442.754027959		443.292421486		
1482634248.65		445.633878652		445.370093192		445.895236382		
1482667891.89		448.121556739		447.854315342		448.386068801		
1482701535.14		450.518096399		450.237169478		450.784593515		
1482735178.38		452.84210002		452.54266491		453.100134602		
1482768821.62		455.09036473		454.781440141		455.34721603		
1482802464.86		457.233382189		456.917557914		457.487013509		
1482836108.11		459.324880894		458.988414374		459.582465604		
1482869751.35		461.329305188		460.980552357		461.582152301		
1482903394.59		463.284844229		462.903012987		463.540536501		
1482937037.84		465.205146016		464.812289351		465.467391821		
1482970681.08		464.60794617		464.185201221		464.866420753		
1483004324.32		466.526545218		466.094874632		466.794230303		
1483037967.57		468.402842881		467.943014197		468.673988411		
1483071610.81		470.211719243		469.730937693		470.487669457		
1483105254.05		471.971221856		471.47748232		472.253656648		
1483138897.3		473.646103401		473.139626356		473.933657232		
1483172540.54		475.247236345		474.737572485		475.542031163		
1483206183.78		476.79624993		476.28167857		477.099349903		
1483239827.03		478.310506661		477.789259719		478.620336297		
1483273470.27		479.787696637		479.249096758		480.10574905		
1483307113.51		481.246279901		480.699064077		481.576068739		
1483340756.76		482.666898879		482.080655529		483.000206857		
1483374400.0		484.044301369		483.437483301		484.382389549		
1483408043.24		485.362103537		484.741254054		485.704699845		
1483441686.49		486.638421187		485.998636697		486.987701693		
1483475329.73		487.861372603		487.197617281		488.217599247		
1483508972.97		489.032978457		488.359100932		489.395921982		
1483542616.22		490.20596614		489.500899071		490.577039995		
1483576259.46		491.369217539		490.632867727		491.748858405		
1483609902.7		492.483168384		491.727271186		492.870706517		
1483643545.95		493.545668136		492.774710458		493.945141102		
1483677189.19		494.600749938		493.798804548		495.010416826		
1483710832.43		495.645712688		494.811144588		496.05955837		
1483744475.68		496.694183135		495.83142829		497.117452864		
1483778118.92		497.72907556		496.847511105		498.15786204		
1483811762.16		498.740905591		497.844661911		499.175135671		
1483845405.41		499.733824743		498.82578898		500.17568369		
1483879048.65		500.691731073		499.773613571		501.139840373		
1483912691.89		501.627315074		500.701777066		502.087266198		
1483946335.14		502.547532728		501.614488187		503.015471419		
1483979978.38		503.48037994		502.535030579		503.949407421		
1484013621.62		504.444933875		503.489068578		504.91603435		
1484047264.86		505.394754983		504.4310952		505.872882628		
1484080908.11		506.270205517		505.300051008		506.760810163		
1484114551.35		507.095390005		506.105250514		507.598171914		
1484148194.59		507.902869259		506.899098164		508.408488235		
1484181837.84		508.690323936		507.675672636		509.20299464		
1484215481.08		509.509154348		508.481702419		510.032263161		
1484249124.32		510.294052367		509.247201124		510.819656044		
1484282767.57		511.022491755		509.956075758		511.551338082		
1484316410.81		511.738182123		510.644065876		512.268822436		
1484350054.05		512.422822145		511.298094597		512.955260437		
1484383697.3		513.141832118		511.988030098		513.678490384		
1484417340.54		513.869834335		512.690299076		514.412043646		
1484450983.78		514.604183091		513.415824297		515.155532848		
1484484627.03		515.355292262		514.133520635		515.907237372		
1484518270.27		516.0425677		514.785387594		516.602122624		
1484551913.51		516.716790681		515.418375209		517.274590981		
1484585556.76		517.392162425		516.052042792		517.948971583		
1484619200.0		518.022877302		516.640441834		518.578968891		
1484652843.24		518.687833427		517.264415261		519.245631575		
1484686486.49		519.391583199		517.923171268		519.950540102		
1484720129.73		520.087248247		518.578992298		520.652059568		
1484753772.97		520.73557637		519.190443272		521.307549971		
1484787416.22		412.86679798		411.628128312		413.328285592		
1484821059.46		413.390946131		412.142305072		413.859996847		
1484854702.7		413.904579992		412.648711453		414.383972543		
1484888345.95		414.416702161		413.155068136		414.901942508		
1484921989.19		414.944890271		413.674425205		415.433143069		
1484955632.43		496.342359856		494.815156109		496.92879385		
1484989275.68		497.000913947		495.469393871		497.596322812		
1485022918.92		497.663082064		496.119544563		498.263653556		
1485056562.16		498.296819509		496.727935977		498.904214329		
1485090205.41		498.910982233		497.317610033		499.52168567		
1485123848.65		499.557041716		497.932493093		500.174239825		
1485157491.89		500.166699721		498.51308302		500.792182403		
1485191135.14		500.757658952		499.072767064		501.388285396		
1485224778.38		495.966526861		494.273845557		496.603080842		
1485258421.62		484.61837876		482.943301438		485.239266499		
1485292064.86		474.033310658		472.400988117		474.649515493		
1485325708.11		469.596086064		467.973569478		470.209460505		
1485359351.35		471.260294983		469.623904596		471.878465019		
1485392994.59		472.880788706		471.233195935		473.506979307		
1485426637.84		474.500997681		472.842401904		475.133042876		
1485460281.08		398.501335301		397.099708889		399.031951805		
1485493924.32		399.872898404		398.459177113		400.411013625		
1485527567.57		401.213954657		399.787867386		401.760073664		
1485561210.81		402.518796743		401.07941703		403.072340035		
1485594854.05		403.767030939		402.313706774		404.327793326		
1485628497.3		404.983290504		403.519150264		405.554896819		
1485662140.54		406.176587239		404.702061421		406.756015859		
1485695783.78		407.35675662		405.871423707		407.941690878		
1485729427.03		408.502908427		407.008023324		409.094814125		
1485763070.27		409.625712212		408.117506476		410.220735041		
1485796713.51		410.717183037		409.197525509		411.31758732		
1485830356.76		473.016071525		471.256763596		473.712514473		
1485864000.0		474.188931336		472.415768471		474.895110523		
1485897643.24		475.344291401		473.553909719		476.05654521		
1485931286.49		476.457794921		474.654581017		477.176989787		
1485964929.73		464.590211254		463.061877415		466.510057307		
1485998572.97		455.939297445		454.030800333		459.800191171		
1486032216.22		456.885307103		455.062113019		460.589185925		
1486065859.46		468.492338454		466.708585693		472.065258825		
1486099502.7		470.360904435		468.666172209		473.811217608		
1486133145.95		472.100351918		470.477751701		475.413603525		
1486166789.19		473.776990215		472.220349776		476.706892556		
1486200432.43		475.450733792		473.95664287		478.188544802		
1486234075.68		477.06492629		475.63840834		479.627376358		
1486267718.92		478.658694477		477.297065904		481.067609364		
1486301362.16		480.185639598		478.91057721		482.220091652		
1486335005.41		481.673890383		480.486328696		483.445591216		
1486368648.65		483.075943557		481.954620933		484.660115431		
1486402291.89		484.442353961		483.368019241		485.887073016		
1486435935.14		485.794114968		484.81105736		487.04644888		
1486469578.38		487.158113041		486.241570983		488.266413512		
1486503221.62		488.509839645		487.618838913		489.486779962		
1486536864.86		489.723896153		488.876211478		490.633061068		
1486570508.11		490.953359622		490.115678118		491.873862039		
1486604151.35		492.135035577		491.268790952		493.088754585		
1486637794.59		493.341698187		492.366422541		494.251670862		
1486671437.84		494.494059238		493.402222196		495.380751601		
1486705081.08		495.601259609		494.465619454		496.438027802		
1486738724.32		496.692830823		495.535643292		497.50841005		
1486772367.57		497.752904339		496.521037899		498.538917837		
1486806010.81		498.82710787		497.563237876		499.622567084		
1486839654.05		499.892068295		498.575856792		500.662361095		
1486873297.3		500.920499899		499.619512501		501.718001034		
1486906940.54		502.002364306		500.641498574		502.776908549		
1486940583.78		503.056321528		501.668497516		503.844833972		
1486974227.03		504.03905924		502.631746128		504.833299792		
1487007870.27		505.017769848		503.593497156		505.825730113		
1487041513.51		505.989002561		504.519451751		506.792046052		
1487075156.76		506.935250781		505.414901109		507.758035316		
1487108800.0		507.870404264		506.290330087		508.689402556		
1487142443.24		508.852193654		507.205921783		509.659545578		
1487176086.49		509.81075213		508.101909046		510.623574384		
1487209729.73		510.798003048		509.03161257		511.619185875		
1487243372.97		511.731750291		509.892081163		512.540944852		
1487277016.22		513.554144593		511.584668394		514.368691069		
1487310659.46		514.39250043		512.279326807		515.22035559		
1487344302.7		515.219146284		512.979958439		516.039644132		
1487377945.95		516.054067016		513.710059942		516.893497803		
1487411589.19		516.866520134		514.424884587		517.713864436		
1487445232.43		517.637598474		515.097722988		518.498728048		
1487478875.68		518.44465145		515.811857766		519.312392194		
1487512518.92		519.305728747		516.593112634		520.202312486		
1487546162.16		520.09992975		517.355898646		521.013847641		
1487579805.41		520.926812108		518.142860262		521.849689625		
1487613448.65		521.716144394		518.901200306		522.672966992		
1487647091.89		522.53947649		519.672773588		523.519069483		
1487680735.14		523.381608925		520.446366616		524.374842933		
1487714378.38		524.194224589		521.189881617		525.199329332		
1487748021.62		525.0290988		521.953935238		526.036303022		
1487781664.86		525.850589475		522.708394649		526.862929507		
1487815308.11		526.751867795		523.535286349		527.771092972		
1487848951.35		527.59393672		524.292515642		528.602809202		
1487882594.59		528.413294812		525.055974075		529.414430174		
1487916237.84		529.229742023		525.798002201		530.19497838		
1487949881.08		529.965068573		526.40236835		530.874324802		
1487983524.32		530.689240306		527.013098682		531.581771901		
1488017167.57		531.383808091		527.594470795		532.257880355		
1488050810.81		532.081065088		528.202897927		532.950104919		
1488084454.05		532.729079673		528.783488703		533.597593376		
1488118097.3		533.360958435		529.33428415		534.221409084		
1488151740.54		534.003983886		529.892950547		534.845577334		
1488185383.78		534.613898598		530.57834802		535.454993945		
1488219027.03		535.208124175		531.334442547		536.033122393		
1488252670.27		535.824014787		531.994595913		536.657524381		
1488286313.51		536.392278224		532.676272464		537.221913784		
1488319956.76		536.909558483		533.335837534		537.72179892		
1488353600.0		537.434493254		533.857375499		538.232592749		
1488387243.24		537.926527521		534.351285035		538.723018421		
1488420886.49		538.498191274		534.912208425		539.283062719		
1488454529.73		539.023019924		535.438060831		539.799257761		
1488488172.97		539.542088552		535.976227832		540.320500781		
1488521816.22		539.987678986		536.444527848		540.786954247		
1488555459.46		540.496990286		536.964614111		541.279326278		
1488589102.7		540.94332515		537.548891173		541.735119036		
1488622745.95		541.408467599		538.062791112		542.209285538		
1488656389.19		541.821071233		538.493403065		542.615879093		
1488690032.43		542.183802508		538.863605712		542.978325996		
1488723675.68		542.523600948		539.215479323		543.331051283		
1488757318.92		541.652595747		538.365701331		542.464164317		
1488790962.16		541.6737768		538.397162986		542.480475985		
1488824605.41		542.21878894		538.961761727		543.030022128		
1488858248.65		542.768479284		539.532252964		543.577149356		
1488891891.89		543.344291417		540.142890761		544.160032982		
1488925535.14		543.868351287		540.750303571		544.681906168		
1488959178.38		544.356481899		541.29073515		545.168391592		
1488992821.62		544.848438548		541.834508774		545.668228658		
1489026464.86		545.408092079		542.429687799		546.242530892		
1489060108.11		545.909300831		542.98573185		546.735610628		
1489093751.35		547.474531948		544.728130946		548.309084107		
1489127394.59		547.854688854		545.116240716		548.675877386		
1489161037.84		548.276374628		545.673127604		549.094980359		
1489194681.08		548.669406568		546.12346385		549.488174124		
1489228324.32		549.130917243		546.630303675		549.941126081		
1489261967.57		549.606605182		547.150653216		550.402579712		
1489295610.81		550.018884127		547.61821076		550.808277422		
1489329254.05		550.436310149		548.089753999		551.226725513		
1489362897.3		550.77927714		548.49024506		551.568065124		
1489396540.54		551.089015721		548.860970082		551.879298525		
1489430183.78		551.400958741		549.231697799		552.1925107		
1489463827.03		551.719574959		549.635370338		552.51931033		
1489497470.27		551.992940101		550.126465488		552.789740132		
1489531113.51		552.299526875		550.744354333		553.098059848		
1489564756.76		552.594596978		551.196114952		553.387799839		
1489598400.0		552.929877798		551.766082695		553.711826764		
1489632043.24		553.217276713		552.217127353		553.990371747		
1489665686.49		553.563129117		552.726454947		554.336614466		
1489699329.73		553.853541167		553.045579243		554.595133375		
1489732972.97		554.152942791		553.324567985		554.921319163		
1489766616.22		554.483903129		553.632500834		555.293975207		
1489800259.46		554.795355745		553.940654703		555.79945107		
1489833902.7		555.075031326		554.217822155		556.204168518		
1489867545.95		555.277320293		554.424633877		556.514993715		
1489901189.19		555.475389041		554.634493156		556.782719597		
1489934832.43		555.638250113		554.806940331		556.938041467		
1489968475.68		555.864713183		555.036312427		557.158192297		
1490002118.92		556.081663771		555.272116081		557.380191373		
1490035762.16		556.308706175		555.501560199		557.602003431		
1490069405.41		556.513890531		555.715757108		557.813650506		
1490103048.65		556.756462783		555.959567601		558.049210958		
1490136691.89		556.970083207		556.166692941		558.251752671		
1490170335.14		557.178486554		556.377710515		558.461890926		
1490203978.38		557.344405023		556.536425045		558.640318649		
1490237621.62		557.557348211		556.762002409		558.874323537		
1490271264.86		557.806314311		557.008956455		559.139516966		
1490304908.11		558.0848742		557.285677376		559.422295346		
1490338551.35		558.269686965		557.464342517		559.605431259		
1490372194.59		558.439487994		557.632201078		559.775808193		
1490405837.84		558.709884875		557.895379242		560.070070658		
1490439481.08		558.95035472		558.132815502		560.346271793		
1490473124.32		559.141125173		558.323892284		560.54756143		
1490506767.57		559.353996707		558.524128721		560.802546778		
1490540410.81		559.561218848		558.717877411		560.993311763		
1490574054.05		559.764525255		558.921794503		561.199595317		
1490607697.3		559.959513543		559.094297085		561.398650256		
1490641340.54		560.2311982		559.354365668		561.67700457		
1490674983.78		560.501710917		559.611451887		561.976509783		
1490708627.03		560.784301332		559.890524614		562.290223885		
1490742270.27		560.980656531		560.096919533		562.617602458		
1490775913.51		561.233146196		560.335982592		562.879748283		
1490809556.76		561.585460634		560.671023654		563.284987826		
1490843200.0		561.899953593		560.982156362		563.587313072		
1490876843.24		562.150223661		561.216882172		563.818100273		
1490910486.49		562.361944625		561.42312701		564.021893085		
1490944129.73		562.595224349		561.644266182		564.278050709		
1490977772.97		562.823250956		561.864637479		564.652000544		
1491011416.22		563.05151721		562.095408968		565.024311772		
1491045059.46		563.290286321		562.319809204		565.327055844		
1491078702.7		563.517306539		562.546831693		565.678936646		
1491112345.95		563.751058361		562.776561679		566.025014908		
1491145989.19		563.994613602		563.000600451		566.322562294		
1491179632.43		564.23539219		563.229902167		566.592026721		
1491213275.68		564.478567125		563.452659446		566.938752748		
1491246918.92		564.717347752		563.683749445		567.305195548		
1491280562.16		564.964604431		563.918230265		567.673125774		
1491314205.41		565.205731561		564.145861111		568.03558626		
1491347848.65		565.454934061		564.369955736		568.374104811		
1491381491.89		565.710881778		564.602908563		568.679497713		
1491415135.14		565.952070638		564.839477763		568.985993318		
1491448778.38		566.201601358		565.083894312		569.304170327		
1491482421.62		566.443737525		565.323625698		569.683658404		
1491516064.86		566.693547784		565.555129631		570.064381133		
1491549708.11		566.939880492		565.793071193		570.446311085		
1491583351.35		567.186778238		566.031538147		570.829417184		
1491616994.59		567.433242369		566.274477559		571.213672786		
1491650637.84		567.678284788		566.513748905		571.599053667		
1491684281.08		567.929956048		566.760459446		571.985533198		
1491717924.32		568.183688001		566.998253349		572.373088567		
1491751567.57		568.437929473		567.238502381		572.761698404		
1491785210.81		568.690711819		567.479275118		573.151339918		
1491818854.05		568.944948583		567.730226444		573.541993601		
1491852497.3		569.20369097		567.968992501		573.933640627		
1491886140.54		569.458013944		568.221715254		574.326261514		
1491919783.78		569.721384604		568.466528581		574.719839607		
1491953427.03		569.990353635		568.706162235		575.114358343		
1491987070.27		570.251007469		568.955785201		575.508803082		
1492020713.51		570.5017286		569.206779419		575.903964939		
1492054356.76		570.768908534		569.458891252		576.300016841		
1492088000.0		571.025864589		569.720171278		576.696944701		
1492121643.24		571.281970989		569.968704403		577.094736516		
1492155286.49		571.542257614		570.217524996		577.493379592		
1492188929.73		571.801443848		570.471207906		577.892861961		
1492222572.97		572.064342841		570.710158735		578.293173444		
1492256216.22		572.319741267		570.952705995		578.694975108		
1492289859.46		572.583285547		571.204873244		579.108465566		
1492323502.7		572.842687161		571.456055183		579.522797437		
1492357145.95		573.103794875		571.710048619		579.928364218		
1492390789.19		573.358033023		571.955034554		580.325754723		
1492424432.43		573.632676113		572.218599767		580.723897002		
1492458075.68		573.903170049		572.481531349		581.132330094		
1492491718.92		574.175603641		572.743602004		581.54311488		
1492525362.16		574.445920925		572.993564379		581.952341383		
1492559005.41		574.714432869		573.242096494		582.360525492		
1492592648.65		574.977282148		573.490013359		582.766521176		
1492626291.89		575.240508579		573.754947918		583.173242571		
1492659935.14		575.512829843		574.014103025		583.572341897		
1492693578.38		575.784494396		574.282752093		583.958308562		
1492727221.62		576.045752255		574.551035867		584.3449216		
1492760864.86		576.312314799		574.807009847		584.732175951		
1492794508.11		576.575640822		575.05578632		585.120067393		
1492828151.35		576.842779345		575.304313564		585.520913571		
1492861794.59		577.110912669		575.553256774		585.926031777		
1492895437.84		577.37808158		575.816119224		586.331818438		
1492929081.08		577.644792027		576.076867374		586.738270172		
1492962724.32		577.910683655		576.339043312		587.145383635		
1492996367.57		578.179959721		576.598992209		587.553156107		
1493030010.81		578.449807039		576.857624335		587.961584728		
1493063654.05		578.719419063		577.11951073		588.363440647		
1493097297.3		578.985060213		577.375093727		588.764730855		
1493130940.54		579.257444866		577.628255217		589.166641184		
1493164583.78		579.523003482		577.89050358		589.569169669		
1493198227.03		579.782729283		578.147044546		589.972314765		
1493231870.27		580.048374058		578.403869521		590.376074678		
1493265513.51		580.317411125		578.660575699		590.753351324		
1493299156.76		580.587543163		578.913969469		591.129457372		
1493332800.0		580.86841601		579.179652134		591.506078121		
1493366443.24		581.141054325		579.433750029		591.883213017		
1493400086.49		581.410957428		579.694989789		592.260861689		
1493433729.73		581.68337775		579.954499915		592.639023598		
1493467372.97		581.960954071		580.215519526		593.017698408		
1493501016.22		582.244346414		580.475873764		593.396885901		
1493534659.46		582.517613814		580.735142893		593.776585748		
1493568302.7		582.794255876		580.994678973		594.156797792		
1493601945.95		583.078690972		581.2459953		594.538230569		
1493635589.19		583.353782467		581.498139627		594.938926167		
1493669232.43		583.628155713		581.755946519		595.340199357		
1493702875.68		583.901272495		582.0186671		595.742049711		
1493736518.92		584.178629409		582.273550487		596.144476746		
1493770162.16		584.449730965		582.533937933		596.547480201		
1493803805.41		584.723524933		582.794573556		596.951059829		
1493837448.65		584.999212072		583.051646018		597.355215375		
1493871091.89		585.281033609		583.312150872		597.759946773		
1493904735.14		585.561437667		583.574756929		598.165253939		
1493938378.38		585.839499643		583.833354208		598.571136815		
1493972021.62		586.116562026		584.097136786		598.977595507		
1494005664.86		586.397031732		584.362370813		599.384630075		
1494039308.11		586.676337312		584.628565612		599.792240634		
1494072951.35		586.954459056		584.899345682		600.200427439		
1494106594.59		587.225792566		585.171576718		600.609190681		
1494140237.84		587.505753614		585.432008378		601.018530623		
1494173881.08		587.79236085		585.696667712		601.42844765		
1494207524.32		588.077115748		585.963019193		601.835742724		
1494241167.57		588.358273165		586.222937496		602.240758133		
1494274810.81		588.639713861		586.480167703		602.646334697		
1494308454.05		588.921437552		586.74512061		603.052472808		
1494342097.3		589.203444043		587.013557142		603.459172951		
1494375740.54		589.487675744		587.283671345		603.866435685		
1494409383.78		589.775022941		587.554436195		604.274261504		
1494443027.03		590.056483766		587.825462108		604.682650991		
1494476670.27		590.338223957		588.096748966		605.091604773		
1494510313.51		590.627057284		588.368296618		605.50112344		
1494543956.76		590.903383194		588.63106789		605.911207656		
1494577600.0		591.186964032		588.894538107		606.321858114		
1494611243.24		591.475216513		589.159288667		606.733075486		
1494644886.49		591.764951326		589.437532578		607.144860509		
1494678529.73		592.054978525		589.716278461		607.557213934		
1494712172.97		592.346258734		589.992391588		607.970136506		
1494745816.22		592.63340647		590.261782212		608.383629026		
1494779459.46		592.921978634		590.532589621		608.797692299		
1494813102.7		593.210838826		590.804294191		609.212327132		
1494846745.95		593.49998718		591.085032166		609.627534384		
1494880389.19		593.789423818		591.368528142		610.043314908		
1494914032.43		594.083505949		591.632064471		610.459669569		
1494947675.68		594.370350491		591.896137593		610.876599275		
1494981318.92		594.662390108		592.17158203		611.294104923		
1495014962.16		594.952685199		592.441466253		611.712187428		
1495048605.41		595.242987386		592.714003799		612.130847745		
1495082248.65		595.530079231		592.991168047		612.55008681		
1495115891.89		595.824178797		593.268942474		612.969905583		
1495149535.14		596.118601296		593.535840266		613.390305058		
1495183178.38		596.410286142		593.800827005		613.811286209		
1495216821.62		596.699600791		594.066054093		614.232850037		
1495250464.86		596.989199978		594.333955555		614.654997571		
1495284108.11		597.278267487		594.60969849		615.077729819		
1495317751.35		597.566041118		594.885700708		615.501047821		
1495351394.59		597.854146678		595.161962429		615.924952632		
1495385037.84		598.142309219		595.438533991		616.349445298		
1495418681.08		598.426735201		595.715633442		616.774526889		
1495452324.32		598.712973355		595.992993696		617.200198488		
1495485967.57		599.003836786		596.270614983		617.626461173		
1495519610.81		599.294985574		596.544175818		618.053316043		
1495553254.05		599.586420023		596.814618633		618.480764206		
1495586897.3		599.882429246		597.088839354		618.908806769		
1495620540.54		600.180475216		597.365429984		619.33686746		
1495654183.78		600.4788197		597.636131743		619.751908206		
1495687827.03		600.777103465		597.90679957		620.167507571		
1495721470.27		601.07138291		598.180750021		620.605647328		
1495755113.51		601.365952633		598.456514005		621.050693211		
1495788756.76		601.664740663		598.732534043		621.496379934		
1495822400.0		601.964502131		599.008810419		621.943009718		
1495856043.24		602.259603644		599.285343415		622.39197018		
1495889686.49		602.55446549		599.562133317		622.841581043		
1495923329.73		602.856139221		599.839180422		623.291843644		
1495956972.97		603.154803284		600.116485021		623.74275932		
1495990616.22		603.452684102		600.390667985		624.194329418		
1496024259.46		603.750860605		600.666143094		624.646555298		
1496057902.7		604.0485122		600.942558014		625.099438317		
1496091545.95		604.345870207		601.219228654		625.552979843		
1496125189.19		604.643045468		601.496155318		626.007181257		
1496158832.43		604.942357121		601.774042036		626.462043936		
1496192475.68		605.23868993		602.059747924		626.917569269		
1496226118.92		605.535314168		602.33900388		627.373758655		
1496259762.16		605.832230218		602.613693288		627.830613493		
1496293405.41		606.12943847		602.900449752		628.28813519		
1496327048.65		606.426939316		603.182219456		628.746325164		
1496360691.89		606.724733149		603.460597402		629.205184832		
1496394335.14		607.022820366		603.740115458		629.664715622		
1496427978.38		607.321012711		604.018029522		630.124918967		
1496461621.62		607.618109468		604.296200263		630.585796304		
1496495264.86		607.918385684		604.574111854		631.047349079		
1496528908.11		608.218959512		604.850659907		631.509578743		
1496562551.35		608.519831367		605.12939746		631.972486749		
1496596194.59		608.821001663		605.412516396		632.436074562		
1496629837.84		609.119514303		605.696737216		632.900343648		
1496663481.08		609.41961321		605.981450499		633.36529548		
1496697124.32		609.723147757		606.266432073		633.830931539		
1496730767.57		610.020899256		606.551682294		634.297253307		
1496764410.81		610.318002888		606.835909898		634.764262275		
1496798054.05		610.61539649		607.119079387		635.231959939		
1496831697.3		610.913080466		607.401269638		635.7003478		
1496865340.54		611.211055224		607.684885178		636.169427364		
1496898983.78		611.509321172		607.967675611		636.639200143		
1496932627.03		611.80787872		608.250729725		637.109667654		
1496966270.27		612.107540196		608.535489033		637.58083142		
1496999913.51		612.408361769		608.818594432		638.052692969		
1497033556.76		612.71195252		609.109887567		638.525253835		
1497067200.0		613.015844736		609.398128804		638.998515555		
