1463457600.0		3.53272360162		0.543671067545		12.0867639952		
1463491243.24		2.94605255729		0.504781280552		3.25482337009		
1463524886.49		2.97441152973		0.520082692068		3.20656094145		
1463558529.73		3.10987521641		0.545316967003		3.26417481743		
1463592172.97		3.22607382907		0.566285441891		3.32355369598		
1463625816.22		3.37966872192		0.593753569059		3.4508009283		
1463659459.46		3.5384765934		0.622421690051		3.59589600296		
1463693102.7		3.66526237554		0.646412721593		3.72597624314		
1463726745.95		3.83667694253		0.677893099575		3.90174952444		
1463760389.19		3.9803010106		0.703889822578		4.04888632983		
1463794032.43		4.1684170268		0.73784716065		4.24141639856		
1463827675.68		4.36448396961		0.773599559142		4.44123172698		
1463861318.92		4.53723820574		0.805212081937		4.61630877072		
1463894962.16		4.75258799925		0.844200426102		4.83450095158		
1463928605.41		4.97804042186		0.887332203454		5.06318086499		
1463962248.65		5.17565871775		0.923575651882		5.2643898742		
1463995891.89		5.42037568084		0.968380703649		5.51402752198		
1464029535.14		5.62115037591		1.00510038075		5.71666992473		
1464063178.38		5.79975553544		1.0387145619		5.89838430451		
1464096821.62		5.96622651142		1.07032267789		6.06753340654		
1464130464.86		6.16807326387		1.10734194413		6.2704858473		
1464164108.11		6.49176853532		1.16598127621		6.59822515649		
1464197751.35		6.76997647949		1.21688851275		6.87875924519		
1464231394.59		7.03340591311		1.26530225996		7.14456242728		
1464265037.84		7.30685940961		1.3156582724		7.42188095692		
1464298681.08		7.56388216242		1.36315385695		7.68293508579		
1464332324.32		7.88061989911		1.42169555927		8.00517316868		
1464365967.57		8.16383193548		1.47427395716		8.29249209173		
1464399610.81		8.50357148765		1.53735734498		8.63764092549		
1464433254.05		8.85729257801		1.60312804465		8.99648351533		
1464466897.3		9.17274562124		1.66356469266		9.31587279583		
1464500540.54		9.55380005196		1.73404781855		9.70035216934		
1464534183.78		9.91117275021		1.80030856791		10.060586983		
1464567827.03		10.3012037583		1.87276632626		10.4559216845		
1464601470.27		10.72533047		1.95233157498		10.8863016431		
1464635113.51		11.081162941		2.0196027841		11.2466457077		
1464668756.76		11.5358322343		2.10550812064		11.7093403446		
1464702400.0		11.9680167818		2.18750850603		12.147922454		
1464736043.24		12.4258841568		2.27455894514		12.6128031276		
1464769686.49		12.9308693555		2.37048544073		13.1229910569		
1464803329.73		13.3517499327		2.45150459906		13.5506890692		
1464836972.97		13.8885424712		2.55431358109		14.0956024795		
1464870616.22		14.4500026859		2.66143043933		14.6608433772		
1464904259.46		14.9452711063		2.75699794114		15.1615585		
1464937902.7		15.541653326		2.87192088431		15.7663646066		
1464971545.95		16.0194035218		2.96579741134		16.2546646109		
1465005189.19		16.6384077311		3.08630418776		16.8822463161		
1465038832.43		17.2936937255		3.21440359014		17.5426396241		
1465072475.68		17.9016939168		3.33330289839		18.1594205044		
1465106118.92		18.9206431637		3.53007670366		19.1922351371		
1465139762.16		19.9946568392		3.73855849732		20.2815394548		
1465173405.41		21.1206391012		3.95835835533		21.4256028195		
1465207048.65		22.2983846439		4.18933732207		22.6223061269		
1465240691.89		23.5322536954		4.43148297737		23.8741850367		
1465274335.14		24.7297588104		4.66786063078		25.0864724351		
1465307978.38		26.1082921121		4.94118101649		26.4872116367		
1465341621.62		27.5554905619		5.22936436181		27.9614821423		
1465375264.86		29.0702948502		5.53252270288		29.5026447221		
1465408908.11		30.6508976331		5.85374401621		31.1070976078		
1465442551.35		32.2955730527		6.19025416862		32.779967349		
1465476194.59		34.0153245237		6.54213506355		34.5177032548		
1465509837.84		35.8005338713		6.91040099706		36.317686876		
1465543481.08		37.6605702806		7.2967078216		38.2066760598		
1465577124.32		39.5956144367		7.70159201376		40.1719830943		
1465610767.57		41.6027721621		8.12531644658		42.2080572051		
1465644410.81		43.6988735769		8.56921074763		44.3294206074		
1465678054.05		45.8618956278		9.03397801015		46.525252972		
1465711697.3		48.1194023411		9.52154767773		48.8123556185		
1465745340.54		50.4558941056		10.0309980453		51.1779214878		
1465778983.78		52.8879299031		10.5886938616		53.6377828635		
1465812627.03		55.3933367408		11.17682353		56.1733194108		
1465846270.27		57.9979080254		11.7985611894		58.8170373697		
1465879913.51		60.6202583725		12.4370259004		61.4722868798		
1465913556.76		63.3127933411		13.1079400822		64.2002481036		
1465947200.0		43.9574701249		12.75762308		60.0638613423		
1465980843.24		34.3697707959		11.5734104708		46.2825739659		
1466014486.49		34.8018941816		11.6288832867		41.9611515945		
1466048129.73		35.4320705442		11.8492267006		40.1501984419		
1466081772.97		36.0677423053		12.0870786132		39.36762425		
1466115416.22		36.7158409966		12.3421343368		39.0696519896		
1466149059.46		37.4026484862		12.5992032964		39.3450005793		
1466182702.7		38.0986593401		12.8495686996		39.7878220773		
1466216345.95		38.7895864431		13.0812357843		40.3436417428		
1466249989.19		39.4633630233		13.3140410624		41.0273877568		
1466283632.43		40.1627165244		13.5408699547		41.7352634403		
1466317275.68		40.8655140346		13.7687803739		42.4006411566		
1466350918.92		41.5927170044		14.0089542647		43.0710563859		
1466384562.16		42.3052089807		14.257658213		43.7759630645		
1466418205.41		43.0325431054		14.5000453983		44.5091690944		
1466451848.65		43.7814474737		14.7425041272		45.2470333816		
1466485491.89		44.5269546441		14.9847813972		45.9727370653		
1466519135.14		45.2937050634		15.2309970735		46.7253288382		
1466552778.38		46.8306367642		15.7381615879		48.3017284246		
1466586421.62		49.0144193066		16.4666495732		50.5557394183		
1466620064.86		51.2853067041		17.2484574967		52.8714110992		
1466653708.11		53.6327032355		18.0769012764		55.286436451		
1466687351.35		56.0582823154		18.9330481332		57.7918803835		
1466720994.59		58.5926277154		19.8217655794		60.3763222529		
1466754637.84		61.1814494655		20.7316414498		63.0326864844		
1466788281.08		63.8720538471		21.5661916809		65.7704431303		
1466821924.32		66.6204557121		22.3973751313		68.5849749232		
1466855567.57		69.4439812618		23.4312212194		71.4923556128		
1466889210.81		72.3458252892		24.5434927058		74.4482107127		
1466922854.05		75.3262708374		25.5563648257		77.5032239252		
1466956497.3		78.3835437976		26.6548806138		80.6289359327		
1466990140.54		81.5320562067		27.7867967458		83.8549311468		
1467023783.78		84.7444025423		28.9865750446		87.1204293302		
1467057427.03		88.0304606933		30.2222828923		90.4806466807		
1467091070.27		91.3623720554		31.490608047		93.91907347		
1467124713.51		94.7760998431		32.6066551902		97.3828471737		
1467158356.76		98.2346466738		33.5765418555		100.897792184		
1467192000.0		101.68386308		34.5669385507		104.489531273		
1467225643.24		105.246073813		35.8510019835		108.153586055		
1467259286.49		108.871390719		36.8054040986		111.855698422		
1467292929.73		105.279559158		36.0018908908		108.129612202		
1467326572.97		108.650331986		37.2979672762		111.666254816		
1467360216.22		119.758929227		41.4394560335		123.098348086		
1467393859.46		123.407365164		42.7192776725		126.91794245		
1467427502.7		127.196775619		44.5004383737		130.810062982		
1467461145.95		130.931793731		45.8240562511		134.651048748		
1467494789.19		134.520865015		47.1178116357		138.485595253		
1467528432.43		138.157479088		48.4438750638		142.323748946		
1467562075.68		141.845753987		49.4616343741		146.179771944		
1467595718.92		145.520940797		51.1514867667		150.016189094		
1467629362.16		149.21982097		52.4767210571		153.857553782		
1467663005.41		153.052517827		53.904167841		157.682178856		
1467696648.65		156.612326731		55.1031842449		161.462346784		
1467730291.89		160.19800055		56.3916541816		165.253448133		
1467763935.14		163.675094552		58.050321866		168.953990567		
1467797578.38		167.183738675		59.6349602579		172.657954042		
1467831221.62		170.769405023		61.2239270033		176.299580251		
1467864864.86		174.389419126		62.8260237442		179.856243003		
1467898508.11		177.965436099		63.9896039664		183.350335128		
1467932151.35		182.015728876		65.0895520557		187.31959461		
1467965794.59		184.993829662		66.0901801234		190.321453306		
1467999437.84		188.37181231		67.3697400085		193.64181965		
1468033081.08		191.652243389		68.5920614011		196.873313519		
1468066724.32		194.921023053		69.6936132148		200.035464277		
1468100367.57		198.085306512		70.7679538466		203.147421372		
1468134010.81		201.17137257		71.9837104543		206.190696134		
1468167654.05		204.1349606		72.7084612354		209.225992264		
1468201297.3		207.001252849		73.6078373339		212.115290346		
1468234940.54		209.847043205		74.4793906629		214.962567909		
1468268583.78		212.899783497		75.3228347974		217.740758043		
1468302227.03		215.692924746		76.1782566267		220.58744003		
1468335870.27		218.284879525		76.9790335902		223.247267659		
1468369513.51		220.77082332		77.7532339392		225.819184566		
1468403156.76		223.178448568		78.9652540162		228.281740449		
1468436800.0		225.498716346		79.7482020436		230.680392597		
1468470443.24		243.827520011		86.6095278735		249.482344924		
1468504086.49		246.159797117		87.1626149622		251.881384172		
1468537729.73		248.374245143		87.7915891391		254.149596865		
1468571372.97		250.566374062		88.5820826385		256.407881476		
1468605016.22		172.436993546		76.7088234832		223.178203804		
1468638659.46		136.501382224		70.1764725952		192.899547215		
1468672302.7		138.579473326		71.0340809843		179.007850702		
1468705945.95		142.434707078		72.0940266269		172.455941899		
1468739589.19		146.287502311		73.4130178186		169.977357131		
1468773232.43		150.133553034		75.1588286033		169.838528695		
1468806875.68		154.327706785		76.3581318085		170.984508682		
1468840518.92		158.485793369		76.8498361308		173.003240073		
1468874162.16		162.61060516		77.7188086195		175.387611565		
1468907805.41		166.765802855		79.2701481802		178.213883935		
1468941448.65		170.912416929		80.3676284162		181.19728036		
1468975091.89		173.124000686		80.4324622004		182.329878472		
1469008735.14		177.254791977		81.4587688429		185.757507801		
1469042378.38		181.285764354		82.3839087709		189.227601587		
1469076021.62		185.42998791		83.2905207873		192.573665129		
1469109664.86		189.404049474		84.1362008242		195.901914711		
1469143308.11		193.435176199		84.956180464		199.34913006		
1469176951.35		197.447737941		85.7503807415		202.740290532		
1469210594.59		181.098264364		78.0195651022		185.442198243		
1469244237.84		184.343319519		78.459223816		188.372845872		
1469277881.08		187.352776582		78.934992264		191.051131659		
1469311524.32		190.381333933		79.4134785944		193.777433358		
1469345167.57		193.262504122		79.8889167069		196.422766212		
1469378810.81		196.110102327		80.3670271685		199.086832128		
1469412454.05		198.748517616		80.8613255352		201.515670918		
1469446097.3		201.348203112		81.3210210271		204.088969954		
1469479740.54		203.774037293		81.7435642639		206.697586447		
1469513383.78		206.161312372		82.2226127403		209.249365668		
1469547027.03		199.447479176		78.9910244948		202.59280182		
1469580670.27		201.499238164		79.3050980578		204.902245937		
1469614313.51		203.670672925		79.6370313702		207.239584503		
1469647956.76		205.877437194		79.9594503289		209.483981257		
1469681600.0		208.086314544		80.5425757049		211.658463186		
1469715243.24		210.243118824		81.1331952838		213.788933667		
1469748886.49		217.235178961		83.3703616567		220.914464404		
1469782529.73		219.279213385		83.6648267728		222.942372561		
1469816172.97		221.271884088		83.9627445757		224.950826455		
1469849816.22		236.952350089		89.3905902822		240.881021021		
1469883459.46		238.915078853		89.6427065266		242.84093708		
1469917102.7		240.809524874		89.9866645537		244.712910874		
1469950745.95		242.726311566		90.3050465904		246.611966714		
1469984389.19		244.378861518		90.6062652488		248.459895859		
1470018032.43		246.04909097		90.8826794318		250.184224443		
1470051675.68		247.670009978		91.1588577766		251.8825968		
1470085318.92		234.110919249		85.8809416439		238.184989993		
1470118962.16		250.60030088		91.6786192912		255.124216743		
1470152605.41		251.825240433		91.8919187697		256.584250312		
1470186248.65		235.472713839		85.6659796481		239.950676846		
1470219891.89		237.026444006		85.9539935109		241.450725289		
1470253535.14		238.529523533		86.2243261617		242.891685662		
1470287178.38		240.03003177		86.5164931727		244.295453023		
1470320821.62		241.436251736		86.7868796108		245.593832223		
1470354464.86		242.007031331		86.8001509576		246.31778629		
1470388108.11		243.663707303		87.1833460757		247.858564121		
1470421751.35		245.018951303		87.45634546		249.11062084		
1470455394.59		246.184611531		87.7025738975		250.306575337		
1470489037.84		247.348180672		88.0167023267		251.435666665		
1470522681.08		245.746042816		87.3234162597		249.780519547		
1470556324.32		246.831425202		87.6017725062		250.888327786		
1470589967.57		247.969004561		87.9034891806		252.011907999		
1470623610.81		249.097470439		88.1927594037		253.099581766		
1470657254.05		250.226044192		88.5111522743		254.183136432		
1470690897.3		251.323577906		88.8182069779		255.21806309		
1470724540.54		271.503261095		95.8552590846		275.666625596		
1470758183.78		254.392978778		89.7904089019		258.247794975		
1470791827.03		273.548993641		96.4778148446		277.581806055		
1470825470.27		273.803690614		96.4737737888		277.788846425		
1470859113.51		274.073283523		96.4249775875		277.888746067		
1470892756.76		274.161226887		96.3714311951		277.955111063		
1470926400.0		274.25618788		96.382522523		278.049158524		
1470960043.24		274.768430738		96.7256919777		278.423814964		
1470993686.49		275.576177685		97.0843014521		278.898089767		
1471027329.73		276.205305426		97.3683691005		279.246757436		
1471060972.97		276.862523001		97.7002836334		279.752914428		
1471094616.22		277.64199604		97.971845301		280.162190475		
1471128259.46		278.33611335		98.2733220295		280.625885272		
1471161902.7		278.946555065		98.5503281306		281.079201031		
1471195545.95		279.657050791		98.8100879123		281.56735194		
1471229189.19		280.298058166		99.2229376331		282.215141842		
1471262832.43		280.652087631		99.4867218818		282.816385951		
1471296475.68		281.198781613		99.7292502606		283.539284775		
1471330118.92		281.760801436		99.972628353		284.405821912		
1471363762.16		282.152017303		100.160223722		285.040237479		
1471397405.41		282.551186674		100.387713375		285.754420183		
1471431048.65		282.840611228		100.591265526		286.521108849		
1471464691.89		283.248777112		100.816514519		287.325852724		
1471498335.14		283.796089388		101.031519263		288.141447958		
1471531978.38		284.248610045		101.197306029		289.310107852		
1471565621.62		284.59963469		101.384182717		290.2459228		
1471599264.86		284.962026277		101.559538603		291.439473944		
1471632908.11		285.297255481		101.720664207		292.530633913		
1471666551.35		285.63972529		101.866027726		293.764022219		
1471700194.59		285.949406884		102.004965023		294.631196744		
1471733837.84		286.270326452		102.139100329		295.425096262		
1471767481.08		286.582093189		102.270793925		296.174937968		
1471801124.32		286.846511632		102.401942746		296.916152815		
1471834767.57		287.187709386		102.545212919		297.713798015		
1471868410.81		287.361650294		102.588509189		298.287322694		
1471902054.05		285.931908786		99.4698145577		296.664035921		
1471935697.3		276.67104707		94.1516172361		285.818791641		
1471969340.54		268.101286662		89.8922319085		276.479066319		
1472002983.78		260.077521063		85.7779464566		267.773226849		
1472036627.03		252.560099228		81.64320945		259.525953062		
1472070270.27		236.985032569		75.0768495547		243.049188893		
1472103913.51		239.62471395		75.2851515983		244.957592213		
1472137556.76		215.803471524		67.391097032		219.840541191		
1472171200.0		229.265523762		71.5785112709		232.790844054		
1472204843.24		224.387084255		69.9622456052		227.370550782		
1472238486.49		219.760853006		68.2099042852		222.455206137		
1472272129.73		215.317212683		66.575064844		217.769755568		
1472305772.97		211.084145163		65.0137595773		213.341448177		
1472339416.22		207.021421737		63.5267528507		209.166756944		
1472373059.46		203.100510384		62.110085613		205.29646511		
1472406702.7		199.332386508		60.7737752237		201.478923615		
1472440345.95		195.728281767		59.508430509		197.908504085		
1472473989.19		192.329775298		58.3169582867		194.512057677		
1472507632.43		189.001961225		57.1755703596		191.294892397		
1472541275.68		185.855223416		56.095544986		188.165822032		
1472574918.92		182.792399607		55.068249679		185.233033795		
1472608562.16		179.887159035		54.0882690193		182.377830121		
1472642205.41		177.08887713		53.1558745526		179.611343433		
1472675848.65		174.405224527		52.2636691067		176.923140251		
1472709491.89		171.885691564		51.4149919829		174.339403039		
1472743135.14		169.384741608		50.6141011697		171.877913002		
1472776778.38		167.022638786		49.8147056466		169.469814747		
1472810421.62		164.678141771		49.0390177329		167.078345312		
1472844064.86		163.089389126		48.8234699519		165.475966753		
1472877708.11		167.104166804		50.1448645501		169.556145076		
1472911351.35		171.001691652		51.4240620106		173.419390594		
1472944994.59		174.839359425		52.7067418896		177.258330696		
1472978637.84		178.777887389		53.9995074447		181.137471349		
1473012281.08		182.729955527		55.2826823794		184.98695703		
1473045924.32		186.589915281		56.5557576699		188.787707267		
1473079567.57		190.432438737		57.8264787427		192.586449318		
1473113210.81		194.437953058		59.102625289		196.518222626		
1473146854.05		198.087617204		60.3288497503		200.163142121		
1473180497.3		201.854653231		61.5934759162		203.895182491		
1473214140.54		205.549749464		62.8385521443		207.593901961		
1473247783.78		209.266976232		64.0758326557		211.241117892		
1473281427.03		212.900193687		65.2995076891		214.872034902		
1473315070.27		216.525747788		66.5066138899		218.450592826		
1473348713.51		220.127104209		67.6994570306		222.011232032		
1473382356.76		223.450727996		68.768475819		225.336454902		
1473416000.0		226.979179738		70.1163635466		228.964348695		
1473449643.24		230.40082803		71.2997441618		232.397245725		
1473483286.49		233.636994409		72.4622048412		235.701488019		
1473516929.73		236.885681417		73.6259423819		239.034117909		
1473550572.97		240.04524379		74.7590627871		242.260813534		
1473584216.22		243.12895209		75.8651267506		245.423313843		
1473617859.46		246.216344107		76.9472943176		248.701951053		
1473651502.7		249.197886178		78.0100575478		251.898290516		
1473685145.95		252.135728701		79.0616767054		254.954428097		
1473718789.19		254.994241543		80.0892749076		257.969368762		
1473752432.43		257.797956271		81.092499751		260.925512357		
1473786075.68		260.535386483		82.0773667565		263.839642307		
1473819718.92		263.560043017		82.8775568744		266.813150954		
1473853362.16		266.250677212		83.367646801		269.409195006		
1473887005.41		268.695556037		83.7901725124		271.416763654		
1473920648.65		270.739409959		84.4739722081		273.234790333		
1473954291.89		273.070541241		85.3643374393		275.649206428		
1473987935.14		275.485784832		86.1576842806		278.211559603		
1474021578.38		277.896658913		86.8873989124		280.690782906		
1474055221.62		280.231110008		87.5944246961		283.089657856		
1474088864.86		273.686586946		85.561345769		276.538762733		
1474122508.11		275.831101522		86.248099354		278.785353185		
1474156151.35		277.920276625		86.9197889359		281.015502027		
1474189794.59		280.005702552		87.575259277		283.221944895		
1474223437.84		282.011816047		88.1102947116		285.298910797		
1474257081.08		283.944756904		88.6389625524		287.337774943		
1474290724.32		285.879161352		89.145468323		289.353130929		
1474324367.57		287.718591937		89.6327736459		291.324320268		
1474358010.81		289.500451871		90.0965964505		293.273589385		
1474391654.05		289.275588771		89.9281557332		293.124226389		
1474425297.3		290.991998423		90.2641427642		294.984647028		
1474458940.54		292.6888993		90.6062362042		296.771003904		
1474492583.78		294.393007805		91.0089144182		298.523005981		
1474526227.03		294.864098469		91.0964543633		299.08995023		
1474559870.27		296.807600269		91.7230943723		301.102743036		
1474593513.51		298.725642231		92.3340453888		303.067131683		
1474627156.76		300.514423997		92.9072112065		304.946113876		
1474660800.0		297.61373278		91.9971785442		302.060084676		
1474694443.24		299.240418636		92.4343244419		303.729362944		
1474728086.49		300.74376978		92.8326631171		305.314870295		
1474761729.73		302.188477037		93.2123845546		306.867376221		
1474795372.97		303.591010088		93.5735024502		308.323265528		
1474829016.22		304.957102014		93.9173242891		309.709543685		
1474862659.46		306.281942935		94.2886820119		311.113228936		
1474896302.7		307.551426941		94.6319593045		312.502719025		
1474929945.95		308.767220017		94.9525748155		313.74467974		
1474963589.19		309.950314771		95.2623350674		315.002720891		
1474997232.43		311.130121942		95.5672952005		316.249244002		
1475030875.68		312.273515423		95.8589086125		317.456903696		
1475064518.92		313.372508666		96.1193470473		318.613324643		
1475098162.16		314.61447322		96.4582131064		319.915622772		
1475131805.41		315.861038602		96.8066115193		321.277378775		
1475165448.65		317.07263165		97.1386722665		322.564003788		
1475199091.89		311.665153817		95.180516732		317.030554931		
1475232735.14		301.542767589		90.7994683179		306.591007097		
1475266378.38		291.926740469		86.8194415379		296.341035399		
1475300021.62		273.365075693		80.4641944298		276.47986553		
1475333664.86		274.08040524		79.3167755467		276.02680483		
1475367308.11		268.034909897		77.3678256384		269.515893572		
1475400951.35		264.960569965		76.2474673839		266.697443893		
1475434594.59		262.559448949		75.6464789824		264.556109459		
1475468237.84		260.322801276		74.4421018636		262.526430163		
1475501881.08		258.24546345		73.5779429579		260.629603991		
1475535524.32		253.278975862		72.1732710222		255.805861637		
1475569167.57		251.371663766		71.3535266533		254.073679314		
1475602810.81		249.819228792		70.4971560861		252.713774117		
1475636454.05		248.005261689		69.5610706441		251.109379592		
1475670097.3		247.496609932		69.1982291939		250.811616406		
1475703740.54		251.154995627		70.1613585463		254.507405333		
1475737383.78		256.982731925		71.9679231822		260.235953879		
1475771027.03		262.907996475		73.8778680124		266.08437678		
1475804670.27		268.747771457		75.7598082524		271.811097785		
1475838313.51		274.517330327		77.6285487		277.536774878		
1475871956.76		280.028742941		79.4319012055		283.027914377		
1475905600.0		284.980342768		80.6669644115		287.878200124		
1475939243.24		289.850412471		81.8721862534		292.549969879		
1475972886.49		294.643168896		83.2368669082		297.258693562		
1476006529.73		299.326780062		84.9185369669		301.829938817		
1476040172.97		303.835397992		86.579523382		306.327911183		
1476073816.22		308.24147742		87.9062721893		310.68593857		
1476107459.46		312.546945836		88.7781940101		314.933438266		
1476141102.7		316.731464164		90.2078052141		319.115185893		
1476174745.95		320.927417429		91.3693976376		323.245767457		
1476208389.19		324.87540413		92.8464400734		327.199877286		
1476242032.43		328.704399406		93.9854686815		331.088241634		
1476275675.68		332.477393013		94.9700201999		334.918645048		
1476309318.92		336.135780866		95.4819212616		338.576732137		
1476342962.16		338.9744368		95.9861621522		341.442899262		
1476376605.41		341.864787145		96.9143284882		344.276327384		
1476410248.65		345.029377034		97.9852169332		347.398400554		
1476443891.89		348.056761603		99.0439045185		350.488888836		
1476477535.14		350.879998038		100.185405534		353.373744759		
1476511178.38		354.023776732		101.234055597		356.657605037		
1476544821.62		357.134749733		102.103496426		359.721422368		
1476578464.86		360.07021371		102.952815676		362.754008409		
1476612108.11		362.979947219		103.855585401		365.703110027		
1476645751.35		365.764253426		104.692519583		368.536567584		
1476679394.59		368.425508011		105.460520304		371.261186655		
1476713037.84		371.034740204		106.196639378		373.902296825		
1476746681.08		373.546155476		106.907609118		376.430655474		
1476780324.32		375.987509792		107.60715733		378.849599649		
1476813967.57		378.325074967		108.277250359		381.199927974		
1476847610.81		380.597847706		108.926446774		383.495677562		
1476881254.05		382.772713477		109.577167158		385.717290921		
1476914897.3		384.86256063		110.228463692		387.839214524		
1476948540.54		386.847328001		110.835895163		389.86098783		
1476982183.78		388.716749389		111.406636442		391.701575002		
1477015827.03		390.280914467		111.882737916		393.272420824		
1477049470.27		391.768059469		112.228515389		394.752102858		
1477083113.51		393.208609838		112.49766219		396.204082621		
1477116756.76		394.643674373		112.761847546		397.653960401		
1477150400.0		396.028643478		113.015030714		399.029020379		
1477184043.24		397.347926094		113.254271386		400.349564051		
1477217686.49		398.641941833		113.472036498		401.677175745		
1477251329.73		399.910442359		113.749546915		402.944944551		
1477284972.97		401.135368403		114.067155739		404.20070888		
1477318616.22		402.331306502		114.336403505		405.38210545		
1477352259.46		403.467534948		114.57344296		406.547992271		
1477385902.7		404.586560705		114.802557		407.641194307		
1477419545.95		405.652170974		115.000982021		408.697733021		
1477453189.19		406.708548948		115.199882357		409.76192093		
1477486832.43		407.750369198		115.390393626		410.777402917		
1477520475.68		408.770346207		115.575434858		411.702765782		
1477554118.92		409.731377492		115.740144033		412.657168291		
1477587762.16		410.528043418		115.795881622		413.402532556		
1477621405.41		411.560296773		116.02636272		414.360102807		
1477655048.65		412.459686997		116.181350724		415.28273623		
1477688691.89		413.287849158		116.329990605		416.167231741		
1477722335.14		414.158903997		116.509497668		417.069734738		
1477755978.38		415.02613625		116.683967773		418.022507416		
1477789621.62		415.8910327		116.855104722		418.934817987		
1477823264.86		416.738341662		117.01186559		419.848380791		
1477856908.11		417.557851731		117.150792274		420.704958918		
1477890551.35		418.35810555		117.293530046		421.518902474		
1477924194.59		419.124195314		117.412055088		422.27921164		
1477957837.84		419.875406775		117.536977604		423.043040096		
1477991481.08		420.608019738		117.663385472		423.797550257		
1478025124.32		421.350293864		117.777718296		424.549982219		
1478058767.57		422.092723134		117.893344978		425.303917984		
1478092410.81		422.79088356		117.988948008		426.008954881		
1478126054.05		423.497112658		118.094415264		426.739803469		
1478159697.3		424.149151377		118.169018335		427.382310292		
1478193340.54		424.8698935		118.282175245		428.13126528		
1478226983.78		425.527342132		118.360394887		428.780776799		
1478260627.03		426.186200819		118.444508616		429.431631645		
1478294270.27		426.85015572		118.52213586		430.080208191		
1478327913.51		427.513395373		118.603094511		430.744995605		
1478361556.76		428.14395076		118.66980614		431.382154005		
1478395200.0		428.79404207		118.741497417		432.024523956		
1478428843.24		429.413480911		118.805854736		432.637770249		
1478462486.49		430.024373799		118.864575738		433.235046936		
1478496129.73		430.632604346		118.919997953		433.845737441		
1478529772.97		431.241363623		118.979281186		434.465658922		
1478563416.22		431.84623459		119.035575394		435.069623551		
1478597059.46		432.442256642		119.090320269		435.662856287		
1478630702.7		433.030347774		119.144381296		436.255294851		
1478664345.95		433.624427367		119.202522865		436.856276061		
1478697989.19		434.194767757		119.244659503		437.411160835		
1478731632.43		434.768803003		119.291109259		437.977262649		
1478765275.68		435.355745859		119.341604706		438.554579912		
1478798918.92		435.918473184		119.378030272		439.093162647		
1478832562.16		436.488805393		119.427857342		439.66168922		
1478866205.41		437.052534715		119.465599534		440.207628082		
1478899848.65		437.612843777		119.502109116		440.755408958		
1478933491.89		438.17008342		119.542018713		441.295261187		
1478967135.14		438.721954653		119.580592343		441.834692224		
1479000778.38		439.255230099		119.61233625		442.34893169		
1479034421.62		439.824679007		119.654083035		442.897799826		
1479068064.86		440.370214889		119.686790659		443.420211661		
1479101708.11		440.909241133		119.715498152		443.956746488		
1479135351.35		441.468724128		119.751583265		444.513063141		
1479168994.59		442.018895224		119.77737286		445.051659468		
1479202637.84		442.566211805		119.800707609		445.569743568		
1479236281.08		443.105868448		119.828440927		446.10696825		
1479269924.32		443.629498525		119.847702366		446.597207797		
1479303567.57		444.145193424		119.866775557		447.090054735		
1479337210.81		444.656689428		119.88947389		447.592805075		
1479370854.05		445.186036198		119.911140767		448.09682478		
1479404497.3		445.715989062		119.930787296		448.627697266		
1479438140.54		446.25134828		119.957088892		449.172311676		
1479471783.78		446.77518366		119.969644103		449.691491166		
1479505427.03		447.323986833		119.997521735		450.224319996		
1479539070.27		447.855449949		120.014410748		450.751211953		
1479572713.51		448.392037671		120.030521003		451.262182125		
1479606356.76		448.919344867		120.052581929		451.807736341		
1479640000.0		449.452850465		120.066664512		452.308353585		
1479673643.24		449.94630565		120.073045856		452.783478431		
1479707286.49		450.469694762		120.089451024		453.302127278		
1479740929.73		451.002191068		120.102184435		453.808127903		
1479774572.97		423.712391279		110.650309346		434.332857799		
1479808216.22		357.308142598		84.0080241336		380.261305578		
1479841859.46		359.072652588		84.855060347		367.506651816		
1479875502.7		372.731076835		88.3857754961		379.293379199		
1479909145.95		376.019527046		89.8077682142		382.393830013		
1479942789.19		379.423070954		91.1242293784		385.564087413		
1479976432.43		382.866217111		92.6743654726		388.965100326		
1480010075.68		386.289976085		94.0677832562		392.204293386		
1480043718.92		389.652227696		95.4321192984		395.363809177		
1480077362.16		392.90587203		96.5335516264		398.432242751		
1480111005.41		396.023372496		97.9536629959		401.35932964		
1480144648.65		399.143360645		99.4594098756		404.289822657		
1480178291.89		402.175056499		100.904316301		407.138335196		
1480211935.14		405.129588058		101.827170393		409.907202316		
1480245578.38		407.931633212		102.439334532		412.580261316		
1480279221.62		410.656997733		103.034576662		415.197457374		
1480312864.86		413.317269986		104.303314777		417.709222798		
1480346508.11		415.341935559		105.051206279		419.496183809		
1480380151.35		413.918063905		104.883545161		417.612969652		
1480413794.59		412.476943554		106.098793537		415.81021018		
1480447437.84		411.01548355		113.534593742		414.208788233		
1480481081.08		409.616553728		115.799425584		412.721561811		
1480514724.32		408.287575823		117.502949876		411.425328044		
1480548367.57		406.916508089		119.460856929		410.267878515		
1480582010.81		405.749945973		121.40018554		409.253120681		
1480615654.05		404.593318417		121.5655846		408.307699909		
1480649297.3		403.551738421		121.874761783		407.354593953		
1480682940.54		402.677072704		120.425855389		406.578183519		
1480716583.78		401.871526253		121.075705338		405.915966051		
1480750227.03		401.000684124		123.206701219		405.467963716		
1480783870.27		400.117467558		125.08568891		404.930107524		
1480817513.51		399.286822627		126.948791153		404.408290827		
1480851156.76		398.545262581		128.767083602		403.967422262		
1480884800.0		397.810781543		130.593660704		403.625724127		
1480918443.24		397.140596303		133.587005165		403.270543222		
1480952086.49		399.831225899		131.64807958		405.794081603		
1480985729.73		403.26683		129.173610636		409.001984729		
1481019372.97		406.616799651		127.068176198		412.135439174		
1481053016.22		409.832800284		125.346926093		415.156858026		
1481086659.46		412.920999187		123.749400062		418.05137092		
1481120302.7		415.939534907		125.215225478		420.892513438		
1481153945.95		418.93110556		126.354125239		423.704788865		
1481187589.19		421.889382823		127.529993314		426.405491586		
1481221232.43		424.712285442		127.188103573		429.085857203		
1481254875.68		427.405462028		130.491922778		431.600679406		
1481288518.92		429.953519316		131.678844956		434.015305292		
1481322162.16		432.470888324		131.394874073		436.383107186		
1481355805.41		434.899090083		129.945238576		438.571158481		
1481389448.65		437.235202467		127.944060424		440.771855769		
1481423091.89		439.472295803		126.598619915		442.89607811		
1481456735.14		441.656086975		125.361196305		444.947121286		
1481490378.38		443.829698375		124.22010647		447.041325023		
1481524021.62		445.833445754		123.394418015		448.990389569		
1481557664.86		447.744008529		122.670624018		450.826499902		
1481591308.11		449.468041041		121.93426706		452.433742787		
1481624951.35		450.940644011		121.618035092		453.824185854		
1481658594.59		452.379106302		121.640587811		455.221081112		
1481692237.84		453.792629821		121.65592134		456.591105898		
1481725881.08		455.182172671		121.662853091		457.862661505		
1481759524.32		456.562729433		121.691702132		459.27870749		
1481793167.57		457.931020717		121.333060828		460.628259827		
1481826810.81		459.220375415		120.6972554		461.849131424		
1481860454.05		460.41683726		120.103776882		463.020277952		
1481894097.3		461.615780543		119.551047561		464.228997942		
1481927740.54		462.839160752		119.032342215		465.405514875		
1481961383.78		463.931298926		118.882122599		466.608299112		
1481995027.03		464.998640313		118.172692424		467.743737466		
1482028670.27		466.090064127		117.757601146		468.898438959		
1482062313.51		467.166454635		117.791775918		470.041559807		
1482095956.76		468.059411513		117.457635662		471.184629657		
1482129600.0		469.075553244		117.140947434		472.246028849		
1482163243.24		469.941352476		116.829285484		473.24822512		
1482196886.49		461.058785391		117.162626733		463.271088719		
1482230529.73		450.562112756		117.794341162		453.686765225		
1482264172.97		440.378933251		120.217324104		445.279905262		
1482297816.22		430.857193768		122.53672523		437.29776482		
1482331459.46		422.268837708		123.615990339		430.339775799		
1482365102.7		416.401689121		122.579183446		425.769209942		
1482398745.95		419.620744014		123.423399075		428.47792359		
1482432389.19		423.06652492		123.284843148		431.653767236		
1482466032.43		426.287818122		124.006872977		434.204292978		
1482499675.68		429.438975626		124.080900266		437.109900097		
1482533318.92		432.400273966		123.920635719		439.910701794		
1482566962.16		435.438997103		123.010960394		442.574980312		
1482600605.41		438.456960094		122.571445178		445.239122386		
1482634248.65		441.304314121		121.741788845		447.804104896		
1482667891.89		444.077909434		120.739020737		450.207851963		
1482701535.14		446.678736648		119.79803385		452.484845097		
1482735178.38		449.189826102		118.48976933		454.78187423		
1482768821.62		451.708106258		118.203458247		456.959439329		
1482802464.86		454.093002444		118.686401787		459.038448276		
1482836108.11		456.418379326		118.849464364		461.108415616		
1482869751.35		458.597615001		118.572182809		463.033115897		
1482903394.59		460.729297989		118.273093459		464.965265846		
1482937037.84		462.774074149		117.995140952		466.87135719		
1482970681.08		462.353727808		117.079756591		466.277185117		
1483004324.32		464.427099907		116.869953882		468.123568749		
1483037967.57		466.50257458		116.671140551		469.976420434		
1483071610.81		468.408126432		116.480908091		471.765478555		
1483105254.05		470.283850266		116.303218036		473.525083135		
1483138897.3		472.00917383		116.120781031		475.127879966		
1483172540.54		473.620349475		115.945017938		476.800614995		
1483206183.78		475.152077286		115.775179656		478.381741371		
1483239827.03		476.717382876		115.617254276		479.992123662		
1483273470.27		478.281877201		115.73123539		481.546682975		
1483307113.51		479.79790374		115.948595613		483.079447534		
1483340756.76		481.225124891		116.165015933		484.57429105		
1483374400.0		482.684758905		116.366849147		485.996738163		
1483408043.24		484.04250441		116.554948501		487.441588839		
1483441686.49		485.298283233		116.727624352		488.83323382		
1483475329.73		486.550611641		116.918501082		490.114877519		
1483508972.97		487.721561575		117.109463563		491.314079437		
1483542616.22		488.862485165		117.299530933		492.574454474		
1483576259.46		490.018819833		117.481650738		493.80839004		
1483609902.7		491.0602508		117.651114956		494.99784346		
1483643545.95		492.124820113		117.808187237		496.144783888		
1483677189.19		493.136804187		117.956062596		497.289763999		
1483710832.43		494.133721088		118.099012597		498.398890552		
1483744475.68		495.136805483		118.241073198		499.522009863		
1483778118.92		496.084876781		118.344353127		500.600559349		
1483811762.16		497.005010244		118.425799542		501.681486882		
1483845405.41		497.921263261		118.507999389		502.74719961		
1483879048.65		498.797344153		118.57775268		503.776955766		
1483912691.89		499.674455608		118.56421639		504.775374266		
1483946335.14		500.539616576		118.534364386		505.766009324		
1483979978.38		501.368172072		118.502216909		506.786055937		
1484013621.62		502.211509223		118.489517476		507.816325172		
1484047264.86		503.094734976		118.478396427		508.815275016		
1484080908.11		503.885420563		118.444762053		509.753138161		
1484114551.35		504.603085438		118.407430503		510.6037015		
1484148194.59		505.336477484		118.368333934		511.441132866		
1484181837.84		506.043712901		118.329686372		512.276743279		
1484215481.08		506.789659245		118.307494886		513.135795118		
1484249124.32		507.527919047		118.283021925		513.95430092		
1484282767.57		508.160598878		118.218363982		514.723869856		
1484316410.81		508.796442083		118.186458344		515.485419111		
1484350054.05		509.3983096		118.13324171		516.237415299		
1484383697.3		510.022647035		118.097061007		517.033315719		
1484417340.54		510.620170557		118.053036387		517.831919184		
1484450983.78		511.263674834		118.028302976		518.632463666		
1484484627.03		511.937805759		118.007587789		519.43536138		
1484518270.27		512.552271433		117.970396369		520.181492116		
1484551913.51		513.146702172		117.927741383		520.898726197		
1484585556.76		513.744314766		117.893083175		521.611718424		
1484619200.0		514.254791766		117.84249518		522.289747028		
1484652843.24		514.835386676		117.802642432		522.996413974		
1484686486.49		515.455413876		117.776399387		523.718146784		
1484720129.73		516.049325339		117.742725192		524.457636024		
1484753772.97		516.619264577		117.706886106		525.14835783		
1484787416.22		409.554057968		93.1910610089		416.409497642		
1484821059.46		410.010301176		93.1673308276		416.984995874		
1484854702.7		410.454020736		93.1353677761		417.538686292		
1484888345.95		410.911911784		93.1134116763		418.083246647		
1484921989.19		411.37664123		93.0941735357		418.637980346		
1484955632.43		491.983575765		111.187835628		500.784298138		
1484989275.68		492.557976275		111.17029718		501.479179798		
1485022918.92		493.133337401		111.150863714		502.164721316		
1485056562.16		493.676210094		111.124813085		502.816223764		
1485090205.41		494.220688398		111.102902391		503.47075215		
1485123848.65		494.788877842		111.085846718		504.136400049		
1485157491.89		495.301286895		111.049662069		504.776833537		
1485191135.14		495.807865054		111.023767205		505.395868374		
1485224778.38		491.11520994		109.883492906		500.611542474		
1485258421.62		480.111210611		107.343921805		489.225391672		
1485292064.86		469.929579488		104.948448653		478.576298673		
1485325708.11		465.645916128		103.840725423		474.109068589		
1485359351.35		467.267295727		104.050188727		475.814681179		
1485392994.59		468.755783798		104.250156222		477.478587524		
1485426637.84		470.286773545		104.484363517		479.14291596		
1485460281.08		394.893813146		87.635555288		402.416647889		
1485493924.32		396.182872082		87.8021504658		403.823759473		
1485527567.57		397.425935921		87.9583348115		405.187471427		
1485561210.81		398.585036905		88.098586269		406.512157771		
1485594854.05		399.651706183		88.2107053778		407.776553627		
1485628497.3		400.654028928		88.3149767847		409.015071864		
1485662140.54		401.609863166		88.4208686806		410.231774913		
1485695783.78		402.578028756		88.5416340591		411.436168718		
1485729427.03		403.545107512		88.6545461315		412.60672766		
1485763070.27		404.5080691		88.7601783734		413.753923779		
1485796713.51		405.433876675		88.8552172197		414.877715195		
1485830356.76		466.691081216		102.149728084		477.832370419		
1485864000.0		467.6126152		102.223494356		479.043340609		
1485897643.24		468.524868159		102.296871885		480.23256098		
1485931286.49		469.458554995		102.3927775		481.385390258		
1485964929.73		456.413198824		80.5415622497		466.046492661		
1485998572.97		447.763865614		75.1400546901		462.723138524		
1486032216.22		449.807109642		75.4325873893		463.214249483		
1486065859.46		461.702519487		77.7951746385		473.942889616		
1486099502.7		463.936433817		79.2432197214		475.189742502		
1486133145.95		466.080275608		80.6214799174		476.477364559		
1486166789.19		468.197075884		81.9778705829		477.493166327		
1486200432.43		470.220817567		82.6006501778		478.65498226		
1486234075.68		472.17787695		82.9047632541		479.637424963		
1486267718.92		473.974162055		83.2443302523		481.087236923		
1486301362.16		475.689602626		83.823214268		482.33569604		
1486335005.41		477.429314412		84.4358761017		483.385395734		
1486368648.65		479.055580194		85.0112766898		484.466399957		
1486402291.89		480.47077849		85.591390148		485.50316786		
1486435935.14		481.862966179		86.2328983957		486.576662792		
1486469578.38		483.205023081		86.8659811964		487.770972671		
1486503221.62		484.534415339		87.4798798977		489.064623923		
1486536864.86		485.657619985		88.05666821		490.301225339		
1486570508.11		486.825671636		88.6216688398		491.677880835		
1486604151.35		487.863556947		89.1119233309		493.148156868		
1486637794.59		488.808551162		89.6570037057		494.418121514		
1486671437.84		489.570540288		90.4093229143		495.718686502		
1486705081.08		490.361404522		91.1707473826		497.002586164		
1486738724.32		490.981073867		91.8261242173		498.269521527		
1486772367.57		491.624212406		92.1141915599		499.462283979		
1486806010.81		492.306307623		92.6217177863		500.719067413		
1486839654.05		492.858368115		92.9182033329		501.903301204		
1486873297.3		493.520444744		93.1681843802		503.02997279		
1486906940.54		494.127616545		93.4137466413		504.230989519		
1486940583.78		494.794855497		93.6795232395		505.45402186		
1486974227.03		495.407946183		93.9340313308		506.54862024		
1487007870.27		496.02466868		94.1746946824		507.637737484		
1487041513.51		496.656847815		94.5625598502		508.730999605		
1487075156.76		497.302882431		94.9316125697		509.861740657		
1487108800.0		497.999131836		95.371272537		510.883890607		
1487142443.24		498.640860989		95.8168902885		512.038604839		
1487176086.49		499.329845019		96.2552082774		513.171174767		
1487209729.73		500.060017037		96.4793019015		514.237085524		
1487243372.97		500.720137389		96.6772665272		515.320049952		
1487277016.22		501.774795816		96.8487336922		517.209316994		
1487310659.46		501.637703538		96.9010259698		518.098527365		
1487344302.7		502.000790494		97.1477189451		519.02672117		
1487377945.95		502.526275366		97.4029720321		519.909729236		
1487411589.19		503.135882713		97.6470551766		520.790938151		
1487445232.43		503.667566732		97.8753454605		521.699986249		
1487478875.68		504.252796295		98.220936814		522.641613427		
1487512518.92		504.973143995		98.5644819682		523.621890814		
1487546162.16		505.571038975		98.880251886		524.523443769		
1487579805.41		506.171205894		99.1931065278		525.444464298		
1487613448.65		506.747170852		99.4781998888		526.328258576		
1487647091.89		507.381107315		99.7657487578		527.257199163		
1487680735.14		508.027429555		100.041232925		528.183748735		
1487714378.38		508.66138418		100.297309865		529.088336544		
1487748021.62		509.354759436		100.551041163		530.021504609		
1487781664.86		510.000966478		100.785060595		530.924163469		
1487815308.11		510.749294823		101.026872958		531.899902323		
1487848951.35		511.413853173		101.242851723		532.808858592		
1487882594.59		512.069358948		101.458185956		533.724667613		
1487916237.84		512.742350165		101.6558447		534.619201171		
1487949881.08		513.388359324		101.830046592		535.448483939		
1487983524.32		514.066317654		102.010866125		536.29803829		
1488017167.57		514.676544459		102.17752999		537.135132366		
1488050810.81		515.304343636		102.335083356		537.989364855		
1488084454.05		515.947876868		102.490698516		538.801918483		
1488118097.3		516.606108156		102.634202976		539.528527815		
1488151740.54		517.291892484		102.772920103		540.252946612		
1488185383.78		517.953996303		102.886156698		540.912900523		
1488219027.03		518.624898217		102.926439142		541.553233971		
1488252670.27		519.327408839		102.970585631		542.237935372		
1488286313.51		520.008014569		102.998708683		542.946574353		
1488319956.76		520.66179593		103.029175858		543.56654331		
1488353600.0		521.314324352		103.054152944		544.074870819		
1488387243.24		521.997551611		103.085245611		544.663167521		
1488420886.49		522.75303761		103.12973757		545.244203303		
1488454529.73		523.455690338		103.158176843		545.757638395		
1488488172.97		524.202417146		103.195976307		546.297325561		
1488521816.22		524.877293278		103.217040929		546.747707946		
1488555459.46		525.599030271		103.247270884		547.283706282		
1488589102.7		526.276253867		103.265838943		547.691303787		
1488622745.95		527.015572146		103.29671518		548.150387124		
1488656389.19		527.708726348		103.317384515		548.611314382		
1488690032.43		528.348091283		103.326175899		548.902204059		
1488723675.68		528.967779256		103.334128722		549.206518681		
1488757318.92		528.422166594		103.108896051		548.248626347		
1488790962.16		528.633776257		103.013545241		548.238194191		
1488824605.41		529.401791776		103.063845677		548.712386768		
1488858248.65		530.165321844		103.115889646		549.132153175		
1488891891.89		531.105745324		103.172260913		549.604308498		
1488925535.14		531.985277912		103.221010327		550.053107854		
1488959178.38		532.754499659		103.261586994		550.469754754		
1488992821.62		533.576380864		103.303462249		550.876219354		
1489026464.86		534.457641524		103.359713363		551.342004454		
1489060108.11		535.322930636		103.404309762		551.683565358		
1489093751.35		536.607002488		103.369343511		553.123067277		
1489127394.59		536.666385271		103.279059428		553.373730623		
1489161037.84		537.303548913		103.312358668		553.691140913		
1489194681.08		537.892429419		103.360170317		553.976374366		
1489228324.32		538.700813081		103.414244685		554.257087156		
1489261967.57		539.600791907		103.468399791		554.646256645		
1489295610.81		540.497752158		103.519084088		554.91101746		
1489329254.05		541.400568732		103.561301238		555.163392934		
1489362897.3		542.220301893		103.595502891		555.35361672		
1489396540.54		542.985528096		103.615828797		555.528830089		
1489430183.78		543.747299875		103.643313488		555.717055983		
1489463827.03		544.58994772		103.671813105		555.891009012		
1489497470.27		545.393297263		103.689321185		555.993083285		
1489531113.51		546.218191092		103.709919362		556.106149491		
1489564756.76		547.024685287		103.730760161		556.201036378		
1489598400.0		547.848640926		103.754848189		556.366024025		
1489632043.24		548.662422975		103.77419447		556.493318851		
1489665686.49		549.518514214		103.80349635		556.646728659		
1489699329.73		550.295365458		103.812397442		556.694069154		
1489732972.97		551.038697141		103.822518431		556.719499489		
1489766616.22		551.747605235		103.840910326		556.788886734		
1489800259.46		552.414225215		103.864096212		556.907064312		
1489833902.7		552.986491585		103.87878254		556.995463068		
1489867545.95		553.490390051		103.881929064		557.048533902		
1489901189.19		553.893517323		103.883132499		557.243474129		
1489934832.43		554.32520615		103.88011118		557.516201226		
1489968475.68		554.581745007		103.887068906		557.808417768		
1490002118.92		554.87309862		103.890822231		558.140632573		
1490035762.16		554.967266264		103.89313553		558.513865417		
1490069405.41		555.300036236		103.892732289		558.973747821		
1490103048.65		555.412322918		103.897372083		559.432154138		
1490136691.89		555.433570837		103.896142521		560.035458599		
1490170335.14		555.515262578		103.895552196		560.618769812		
1490203978.38		555.453770693		103.883151761		561.102790112		
1490237621.62		555.433537771		103.883345825		561.862689598		
1490271264.86		555.445445188		103.881561816		562.563440816		
1490304908.11		555.475225386		103.887886129		563.396501354		
1490338551.35		555.41397609		103.883487229		564.151226939		
1490372194.59		555.339851212		103.870395905		564.888008566		
1490405837.84		555.379194148		103.87333544		565.718760281		
1490439481.08		555.369853852		103.87730654		566.541411333		
1490473124.32		555.314019708		103.867403761		567.307002443		
1490506767.57		555.283212899		103.865390169		568.099271403		
1490540410.81		555.238628768		103.873557745		568.885428902		
1490574054.05		555.18479756		103.886430027		569.663097043		
1490607697.3		555.12368765		103.903025704		570.44754242		
1490641340.54		555.141373628		103.067948213		571.257300216		
1490674983.78		555.155825146		103.216362963		572.122294186		
1490708627.03		555.188101772		103.371044832		573.0137601		
1490742270.27		555.147098153		103.508972191		573.821378115		
1490775913.51		555.146994001		103.658045822		574.688335323		
1490809556.76		555.238244531		103.823852924		575.648920227		
1490843200.0		555.301589434		103.985813719		576.580621466		
1490876843.24		555.294503103		104.132410944		577.42730915		
1490910486.49		555.311096898		104.275489904		578.244012083		
1490944129.73		555.34113306		104.431928107		579.149332495		
1490977772.97		555.39240836		104.590840205		580.074670508		
1491011416.22		555.434944488		104.750854067		581.002292064		
1491045059.46		555.58014238		104.932613717		582.046441599		
1491078702.7		555.727305263		105.104263417		583.040286649		
1491112345.95		555.794436775		105.269196776		583.990148748		
1491145989.19		555.78984085		105.422066664		584.87617495		
1491179632.43		555.74778234		105.569438346		585.725818687		
1491213275.68		555.671024713		105.710276667		586.550504052		
1491246918.92		555.634045031		105.859041654		587.410952976		
1491280562.16		555.648020739		106.020193538		588.341226163		
1491314205.41		555.640646546		106.15845908		589.248794546		
1491347848.65		555.675036321		106.169666787		590.202303864		
1491381491.89		555.665102445		106.168964996		591.107049476		
1491415135.14		555.7059463		106.178821964		592.065237562		
1491448778.38		555.684277029		106.178911206		592.960550134		
1491482421.62		555.660265308		106.179569618		593.862459066		
1491516064.86		553.903375851		105.82503212		592.735892882		
1491549708.11		553.876963828		105.825275972		593.59252676		
1491583351.35		553.91169994		105.837055261		594.555734238		
1491616994.59		553.940250952		105.848902522		595.526493112		
1491650637.84		553.988027902		105.863282077		596.517354279		
1491684281.08		554.034122549		105.877748954		597.510802702		
1491717924.32		554.078915091		105.891854084		598.506264729		
1491751567.57		554.125761224		105.905576749		599.503403523		
1491785210.81		554.168783762		105.918935491		600.502221713		
1491818854.05		554.207165776		105.93194699		601.502766421		
1491852497.3		554.243791868		105.94462734		602.505101305		
1491886140.54		554.278746603		105.956993012		603.517318564		
1491919783.78		554.311572738		105.969058334		604.523154171		
1491953427.03		554.342860198		105.98083748		605.532006821		
1491987070.27		554.372714223		105.99234458		606.554291318		
1492020713.51		554.401197481		106.003591929		607.576564085		
1492054356.76		554.428373752		106.014592005		608.598491178		
1492088000.0		554.454305116		106.025356924		609.613397421		
1492121643.24		554.478814626		106.035897239		610.630613344		
1492155286.49		554.502145206		106.046223924		611.650196949		
1492188929.73		554.524414967		106.05634737		612.672204211		
1492222572.97		554.545669444		106.066276628		613.704927451		
1492256216.22		554.565957433		106.076021351		614.746691471		
1492289859.46		554.585323997		106.085590444		615.791053915		
1492323502.7		554.603808359		106.094991671		616.838066255		
1492357145.95		554.62145363		106.104233516		617.88778431		
1492390789.19		554.638298603		106.113323613		618.93775892		
1492424432.43		554.654377056		106.122268618		619.989563466		
1492458075.68		554.669727063		106.131075988		621.044206626		
1492491718.92		554.684381759		106.139752215		622.105758395		
1492525362.16		554.698370984		106.148303149		623.175298335		
1492559005.41		554.711727597		106.156735197		624.247901379		
1492592648.65		554.724480121		106.165053924		625.320635325		
1492626291.89		554.736654967		106.173264482		626.395282368		
1492659935.14		554.748280429		106.181372361		627.473085806		
1492693578.38		554.759381077		106.189382336		628.554084396		
1492727221.62		554.769980278		106.197298939		629.637347062		
1492760864.86		554.780102389		106.205126879		630.717124658		
1492794508.11		554.789768575		106.212870249		631.808269129		
1492828151.35		554.798999497		106.220533038		632.905287414		
1492861794.59		554.807816124		106.22811928		633.987672929		
1492895437.84		554.816236684		106.235632485		635.083686519		
1492929081.08		554.824279439		106.243076161		636.187264512		
1492962724.32		554.831962439		106.250453767		637.29367134		
1492996367.57		554.839319845		106.25776831		638.402223527		
1493030010.81		554.846778538		106.265022875		639.514297604		
1493063654.05		554.853919657		106.272220425		640.629927416		
1493097297.3		554.860756994		106.27936354		641.749144951		
1493130940.54		554.867305096		106.286454929		642.871983201		
1493164583.78		554.873577595		106.293497132		643.995514184		
1493198227.03		554.87958636		106.30049236		645.120512916		
1493231870.27		554.885344228		106.307442994		646.249186954		
1493265513.51		554.890862923		106.314351208		647.381567332		
1493299156.76		554.896152655		106.321218898		648.517683722		
1493332800.0		554.930664821		106.328048156		649.657567171		
1493366443.24		554.935469303		106.334840839		650.801247616		
1493400086.49		554.940071989		106.341598587		651.948753967		
1493433729.73		554.944482955		106.348323221		653.100116427		
1493467372.97		554.94871095		106.355016324		654.255364048		
1493501016.22		554.952763946		106.36167934		655.414525294		
1493534659.46		554.95665061		106.36831383		656.577629549		
1493568302.7		554.960378471		106.374921152		657.744705231		
1493601945.95		554.963954573		106.381502574		658.91586622		
1493635589.19		554.967386372		106.388059436		660.096253587		
1493669232.43		554.970680344		106.3945929		661.280735488		
1493702875.68		554.973842713		106.401104085		662.469340018		
1493736518.92		554.97687989		106.407594136		663.662095672		
1493770162.16		554.979797447		106.414064051		664.859030299		
1493803805.41		554.982600881		106.420514813		666.056317747		
1493837448.65		554.985295705		106.426947403		667.256665784		
1493871091.89		554.987886711		106.433362678		668.461240274		
1493904735.14		554.990378752		106.4397615		669.670068946		
1493938378.38		554.992776569		106.446144712		670.862179054		
1493972021.62		554.995084285		106.452513046		672.074159661		
1494005664.86		554.997306182		106.458867261		673.306444423		
1494039308.11		554.999446334		106.465208078		674.543171466		
1494072951.35		555.00150829		106.471536126		675.784368687		
1494106594.59		555.003495827		106.477852071		677.030064447		
1494140237.84		555.005412448		106.48415653		678.279515653		
1494173881.08		555.007261203		106.490450044		679.510311183		
1494207524.32		555.009045426		106.496733196		680.742186594		
1494241167.57		555.010768127		106.503006516		681.978210458		
1494274810.81		555.012484768		106.509270466		683.215230161		
1494308454.05		555.014199308		106.515525559		684.456255403		
1494342097.3		555.015861123		106.521772246		685.712911888		
1494375740.54		555.017472485		106.528010931		686.979350052		
1494409383.78		555.019035899		106.534242057		688.250423727		
1494443027.03		555.020553542		106.54046601		689.526160881		
1494476670.27		555.022138601		106.546683143		690.806589512		
1494510313.51		555.023846873		106.552893838		691.755982826		
1494543956.76		555.025515921		106.559098425		693.055659616		
1494577600.0		555.027147506		106.565297215		694.360184831		
1494611243.24		555.028743471		106.571490535		695.667053947		
1494644886.49		555.030305415		106.577678668		696.975512807		
1494678529.73		555.031962298		106.583861888		698.288864102		
1494712172.97		555.034163614		106.590040475		699.607137234		
1494745816.22		555.036334647		106.596214671		700.930361588		
1494779459.46		555.038476795		106.602384718		702.258566781		
1494813102.7		555.040591447		106.608550855		703.59431706		
1494846745.95		555.042679811		106.614713289		704.934187717		
1494880389.19		555.044743122		106.620872234		706.283776069		
1494914032.43		555.046782574		106.627027894		707.638513371		
1494947675.68		555.048799208		106.633180447		708.992303323		
1494981318.92		555.050794112		106.63933008		710.35308106		
1495014962.16		555.052768314		106.645476968		711.721894962		
1495048605.41		555.054722707		106.651621265		713.095970175		
1495082248.65		555.056658255		106.657763133		714.475338274		
1495115891.89		555.058575839		106.663902724		715.860030985		
1495149535.14		555.060476228		106.670040169		717.250080151		
1495183178.38		555.062360273		106.676175611		718.645517964		
1495216821.62		555.06422873		106.682309179		720.046376765		
1495250464.86		555.066082263		106.688440985		721.452689035		
1495284108.11		555.067921619		106.694571156		722.864487615		
1495317751.35		555.069747445		106.700699801		724.281805489		
1495351394.59		555.071560328		106.70682702		725.704675829		
1495385037.84		555.07336091		106.712952919		727.13313214		
1495418681.08		555.075149748		106.719077594		728.564696673		
1495452324.32		555.07692736		106.72520113		730.001232463		
1495485967.57		555.078694299		106.731323622		731.443430591		
1495519610.81		555.080451045		106.737445149		732.890548963		
1495553254.05		555.082198055		106.743565788		734.349867177		
1495586897.3		555.123643958		106.749685618		735.815450375		
1495620540.54		555.148361023		106.755804709		737.282130231		
1495654183.78		555.14867494		106.761923127		738.754541878		
1495687827.03		555.14898063		106.768040942		740.230354517		
1495721470.27		555.149278456		106.774158211		741.702051792		
1495755113.51		555.149568783		106.780274995		743.183177412		
1495788756.76		555.149851968		106.786391351		744.671518096		
1495822400.0		555.150128323		106.79250733		746.164733325		
1495856043.24		555.150398171		106.798622985		747.663940437		
1495889686.49		555.158475486		106.804738366		749.161865747		
1495923329.73		555.158859469		106.810853515		750.663111589		
1495956972.97		555.162325095		106.816968479		752.170378591		
1495990616.22		555.168326566		106.823083301		753.68370341		
1496024259.46		555.168631053		106.829198018		755.203122952		
1496057902.7		555.168930733		106.835312669		756.719447354		
1496091545.95		555.16922583		106.841427292		758.254229419		
1496125189.19		555.16951654		106.847541919		759.795243761		
1496158832.43		555.16980308		106.853656586		761.342497184		
1496192475.68		555.170085642		106.859771322		762.892954489		
1496226118.92		555.179804973		106.865886157		764.449734214		
1496259762.16		555.194031257		106.87200112		766.012875381		
1496293405.41		555.208254958		106.878116239		767.582417295		
1496327048.65		555.22247622		106.884231538		769.158399568		
1496360691.89		555.235614915		106.890347044		770.711052513		
1496394335.14		555.236701606		106.896462779		772.317417726		
1496427978.38		555.236819289		106.902578764		773.925389635		
1496461621.62		555.236934243		106.908695023		775.527536028		
1496495264.86		555.237046589		106.914811576		777.140765298		
1496528908.11		555.237156444		106.92092844		778.758352063		
1496562551.35		555.237263929		106.927045635		780.374001795		
1496596194.59		555.237369149		106.933163179		782.002972326		
1496629837.84		555.237472208		106.939281088		783.638754558		
1496663481.08		555.237573209		106.945399379		785.19594027		
1496697124.32		555.237672243		106.951518065		786.748594502		
1496730767.57		555.237769402		106.957637162		788.417792482		
1496764410.81		555.237864774		106.963756684		790.094085825		
1496798054.05		555.237958437		106.969876644		791.777519985		
1496831697.3		555.238050473		106.975997054		793.468140807		
1496865340.54		555.238140958		106.982117926		795.165994526		
1496898983.78		555.238229959		106.988239272		796.871127756		
1496932627.03		555.238317547		106.994361102		798.375014326		
1496966270.27		555.238403789		107.000483427		800.030867555		
1496999913.51		555.238488743		107.006606256		801.749638791		
1497033556.76		555.23857247		107.012729599		803.43418818		
1497067200.0		555.238655029		107.018853466		805.181025131		
