1463461200.0		5.85055144435		3.23487658171		23.0737394877		
1463497437.84		2.97321929098		2.89245197563		3.11617694872		
1463533675.68		3.00824542265		2.96701064147		3.04494607036		
1463569913.51		3.15242623559		3.1128565179		3.18624528246		
1463606151.35		3.28245243655		3.24190251521		3.31780699861		
1463642389.19		3.45216547849		3.40961713548		3.4890232829		
1463678627.03		3.59567212566		3.55115676995		3.63405386033		
1463714864.86		3.78243130306		3.73558820011		3.82285205575		
1463751102.7		3.96392428941		3.91485389865		4.00618185931		
1463787340.54		4.1434462099		4.09218663429		4.18747940515		
1463823578.38		4.35573770683		4.30186919598		4.40197320128		
1463859816.22		4.54580334662		4.48978247374		4.5939439815		
1463896054.05		4.77836871127		4.71977241677		4.82927071699		
1463932291.89		5.02310083297		4.96144225979		5.07700276557		
1463968529.73		5.24155719073		5.17703940611		5.29767961438		
1464004767.57		5.50921835894		5.44118974996		5.56818860574		
1464041005.41		5.71484623675		5.64369177035		5.77566690695		
1464077243.24		5.89131968281		5.8174777165		5.95339074539		
1464113481.08		6.07312748916		5.99698896824		6.13690659355		
1464149718.92		6.37122153121		6.29170247782		6.43805876297		
1464185956.76		6.71748242439		6.63403043293		6.78780142872		
1464222194.59		6.97804617891		6.8919897893		7.05174152051		
1464258432.43		7.26883571453		7.18002933551		7.34603179701		
1464294670.27		7.54234588819		7.45074349403		7.62207828626		
1464330908.11		7.88281157923		7.7873323871		7.96552447624		
1464367145.95		8.19078308862		8.09223564484		8.27707837048		
1464403383.78		8.55837239061		8.45635579152		8.64855302821		
1464439621.62		8.94197742887		8.83610554128		9.03595147073		
1464475859.46		9.28711667103		9.17759478436		9.38472830882		
1464512097.3		9.70074551359		9.58666683594		9.80300052173		
1464548335.14		10.0737845725		9.95628758468		10.1805691841		
1464584572.97		10.5205539828		10.3994331634		10.6317275362		
1464620810.81		10.9020165478		10.777096611		11.0175356309		
1464657048.65		11.3852300848		11.2553974978		11.5056733963		
1464693286.49		11.8885614938		11.7532859712		12.0140277723		
1464729524.32		12.3403251681		12.2006293877		12.4697290029		
1464765762.16		12.8797395503		12.7354925408		13.0138129334		
1464802000.0		13.3393260167		13.1906990778		13.4791362183		
1464838237.84		13.9184300572		13.7628462238		14.0647441227		
1464874475.68		14.5210367837		14.3569705079		14.6743219703		
1464910713.51		15.0622261952		14.8925076628		15.2204157625		
1464946951.35		15.7102189897		15.5320386633		15.8744211473		
1464983189.19		16.2294191605		16.0449522585		16.3987763186		
1465019427.03		16.9221064796		16.7300078684		17.0986116036		
1465055664.86		17.5155172759		17.3156655879		17.6976152377		
1465091902.7		18.4974728799		18.2877390433		18.6896552369		
1465128140.54		19.6352155157		19.4123546747		19.8377140901		
1465164378.38		20.8360133755		20.600564602		21.0513228489		
1465200616.22		22.0954774182		21.8452156645		22.321870451		
1465236854.05		23.4187447107		23.1553838699		23.6593978264		
1465273091.89		24.71378826		24.4329810178		24.966275394		
1465309329.73		26.2078305101		25.9114454814		26.4761940538		
1465345567.57		27.7804920216		27.4683789538		28.0636557564		
1465381805.41		29.4313341893		29.1055296718		29.7325642118		
1465418043.24		31.1552162943		30.8120442145		31.4768719593		
1465454281.08		32.960618186		32.597313165		33.2978863106		
1465490518.92		34.8485637707		34.4649138942		35.2003699732		
1465526756.76		36.8233378698		36.4172393033		37.1918630268		
1465562994.59		38.8874428989		38.4563067962		39.2733044779		
1465599232.43		41.0318523222		40.5782521112		41.4392182394		
1465635470.27		43.2677908339		42.8017364888		43.7002959584		
1465671708.11		45.6044652944		45.1067950499		46.0572782855		
1465707945.95		48.0348938795		47.5146289722		48.5127676117		
1465744183.78		50.5639899811		50.0223708249		51.0697952621		
1465780421.62		53.1959046972		52.6240764703		53.7293062648		
1465816659.46		55.9255541469		55.3272018843		56.4774764794		
1465852897.3		58.7759687961		58.1484355504		59.3437379216		
1465889135.14		61.6323294411		60.9775716181		62.218832519		
1465925372.97		64.5752047303		63.9014297131		65.1897971193		
1465937519.0		65.5843565331		64.8967334398		66.2072158779		
1465937520.0		65.5844407032		64.8968167868		66.2073003789		
1465937521.0		65.5845248735		64.896900134		66.2073848801		
1465961610.81		36.3858023116		35.0391630536		37.9505782715		
1465997848.65		34.4570011221		33.5898468583		35.5270746676		
1466034086.49		35.0891235933		34.1748464931		36.1016447259		
1466070324.32		35.8084670723		34.8895539876		36.8250349501		
1466106562.16		36.5513747636		35.6226670473		37.5798485226		
1466142800.0		37.301943604		36.3590382567		38.3432348117		
1466179037.84		38.0619764812		37.1093434026		39.1120078624		
1466215275.68		38.828999567		37.870189071		39.8906990691		
1466251513.51		39.6039564547		38.6416958457		40.684561995		
1466287751.35		40.3774941403		39.417687777		41.4822340526		
1466323989.19		41.1636023252		40.2001771958		42.2876909398		
1466360227.03		41.9573757079		40.9847395444		43.0928095372		
1466396464.86		42.7545841118		41.7698862049		43.8885495175		
1466432702.7		43.5653845308		42.5583253647		44.7032941769		
1466468940.54		44.3839069354		43.3558608761		45.5091218016		
1466505178.38		45.205172855		44.1702543336		46.3469803064		
1466541416.22		46.3616306632		45.295555144		47.5265883783		
1466577654.05		48.7284516009		47.6185385275		49.9420442363		
1466613891.89		51.1951266574		50.0417013552		52.462074111		
1466650129.73		53.7586394286		52.5232159324		55.0713513043		
1466686367.57		56.4138602246		55.135263085		57.7732413798		
1466722605.41		59.1709999028		57.8185130191		60.5808378642		
1466758843.24		62.0216960101		60.6308946123		63.4647917716		
1466795081.08		64.9697016913		63.5236807656		66.4483596344		
1466831318.92		68.0134505446		66.5022371243		69.5342702292		
1466867556.76		71.1469723567		69.5844480828		72.7112436531		
1466903794.59		74.3479712628		72.7239686219		75.9577110882		
1466940032.43		77.6354971909		75.9655574316		79.2981149085		
1466976270.27		81.0345244322		79.3075439911		82.7618300616		
1467012508.11		84.5240241929		82.7440440215		86.2902567862		
1467048745.95		88.0907541259		86.2632790957		89.9039504906		
1467084983.78		91.7217333904		89.8770232092		93.5976026854		
1467121221.62		95.4456404392		93.5394970068		97.3572991195		
1467157459.46		99.2247435227		97.2770869156		101.183348921		
1467193697.3		103.056165701		101.100015818		105.051792166		
1467229935.14		106.994740889		105.014111681		109.049155244		
1467266172.97		110.993154537		108.969227843		113.094563845		
1467302410.81		107.611782288		105.681317737		109.61716505		
1467338648.65		119.0327737		116.92235014		121.20333657		
1467374886.49		123.166167943		121.005632499		125.308844606		
1467411124.32		127.327185562		125.073317797		129.436977212		
1467447362.16		131.486100614		129.21553673		133.577516225		
1467483600.0		135.647515502		133.350512315		137.738866903		
1467519837.84		139.802462254		137.471637005		141.94251338		
1467556075.68		143.976986893		141.580108816		146.118642599		
1467592313.51		148.141502412		145.709271671		150.248239341		
1467628551.35		152.278340227		149.83979388		154.392789946		
1467664789.19		156.404495175		153.915038412		158.532562375		
1467701027.03		160.5354796		157.969554228		162.633212931		
1467737264.86		164.626506968		162.003492226		166.718385972		
1467773502.7		168.637282591		165.986206745		170.747276678		
1467809740.54		172.619871554		169.952700251		174.739211301		
1467845978.38		176.552140763		173.829604869		178.681120437		
1467882216.22		180.403368787		177.620109699		182.536009971		
1467918454.05		184.193505219		181.387603032		186.359175541		
1467954691.89		188.054987175		185.254505426		190.207355821		
1467990929.73		191.615005435		188.77577685		193.828554142		
1468027167.57		195.173768621		192.300692512		197.439938566		
1468063405.41		198.656181531		195.789064685		200.950351305		
1468099643.24		202.098983596		199.163773267		204.389409415		
1468135881.08		205.463885513		202.491763937		207.735553605		
1468172118.92		208.787834707		205.683566974		210.981914451		
1468208356.76		211.976700736		208.808719585		214.141051708		
1468244594.59		215.035359602		211.838721391		217.2048094		
1468280832.43		218.040165534		214.809362567		220.246874193		
1468317070.27		221.01845023		217.782256235		223.207153757		
1468353308.11		223.837745381		220.595985755		226.030212914		
1468389545.95		226.579419534		223.328177076		228.768649647		
1468425783.78		229.22977454		225.921254172		231.420664123		
1468462021.62		248.113469427		244.559234967		250.452461154		
1468498259.46		250.752362946		247.115299083		253.140371853		
1468534497.3		253.247430466		249.553397011		255.636609346		
1468570735.14		255.658230493		251.870906655		258.059000339		
1468597799.0		257.380742208		253.527343688		259.814166187		
1468597800.0		257.380803392		253.52740385		259.814230942		
1468597801.0		257.380864577		253.527464011		259.814295698		
1468606972.97		168.535498251		160.118434068		180.01653898		
1468643210.81		137.527073145		133.438149107		143.559272457		
1468679448.65		139.895136768		136.260298565		144.512451422		
1468715686.49		144.150646509		140.525379442		148.502936254		
1468751924.32		148.578328878		145.012266949		152.889693212		
1468788162.16		153.079669144		149.551741195		157.315245251		
1468824400.0		157.608934528		154.086225375		161.742200464		
1468860637.84		162.10096957		158.601249696		166.131963162		
1468896875.68		166.551409235		163.136267867		170.485852765		
1468933113.51		171.015106704		167.671736009		174.857916443		
1468969351.35		173.511138014		170.250197923		177.31020016		
1469005589.19		178.035763836		174.83929443		181.791553239		
1469041827.03		182.397754606		179.308747511		186.08820854		
1469078064.86		186.826000243		183.845593464		190.459634291		
1469114302.7		191.168382838		188.298352589		194.699980798		
1469150540.54		195.455751327		192.646753261		198.758327937		
1469186778.38		199.669911386		196.935355082		202.773392929		
1469223016.22		183.295064351		180.857097681		185.988742935		
1469259254.05		186.691757471		184.298359836		189.322973769		
1469295491.89		190.009016533		187.689040148		192.523913295		
1469331729.73		193.276390226		190.987708096		195.647482602		
1469367967.57		196.477904989		194.220614739		198.623220121		
1469404205.41		199.587863593		197.3405786		201.655486058		
1469440443.24		202.606462099		200.463988604		204.547441302		
1469476681.08		205.54014051		203.501085693		207.465942271		
1469512918.92		208.371445328		206.404767435		210.324753674		
1469549156.76		201.977969664		200.1130346		203.897648977		
1469585394.59		204.600047213		202.657810323		206.481700798		
1469621632.43		207.084475766		205.206891997		208.88026391		
1469657870.27		209.535623862		207.773101227		211.280418292		
1469694108.11		211.920496576		210.114572874		213.605194686		
1469730345.95		214.241920888		212.350599697		215.93268059		
1469766583.78		221.504985494		219.533898578		223.14294775		
1469802821.62		223.713732669		221.628862191		225.35858421		
1469839059.46		239.770742651		237.500944707		241.555478921		
1469875297.3		241.925564027		239.690404366		243.752612888		
1469911535.14		243.97532867		241.774657755		245.81131706		
1469947772.97		246.007976296		243.677220301		247.861542384		
1469984010.81		247.970326716		245.620662399		249.875637626		
1470020248.65		249.855780762		247.402851691		251.748623375		
1470056486.49		251.72875801		249.166856424		253.632536972		
1470092724.32		253.525966677		250.888276808		255.459925307		
1470128962.16		255.239869597		252.39518387		257.200162301		
1470165200.0		256.866373504		253.827860708		258.815748489		
1470201437.84		240.317313414		237.503769743		242.148917214		
1470237675.68		241.92339166		239.163514601		243.729602921		
1470273913.51		243.471529428		240.749680333		245.250749222		
1470310151.35		244.969006812		242.256144743		246.71305833		
1470346389.19		245.906694506		243.13496964		247.629275412		
1470382627.03		247.411425713		244.680957723		249.13487048		
1470418864.86		248.798777375		246.125654617		250.471047441		
1470455102.7		250.075560807		247.452925633		251.723879864		
1470491340.54		251.322372302		248.702745843		252.918360523		
1470527578.38		249.731548883		247.165554143		251.361235121		
1470563816.22		250.937820629		248.32355354		252.581679624		
1470600054.05		252.150896511		249.527583101		253.798880233		
1470636291.89		253.325842768		250.734489821		254.950091835		
1470672529.73		254.475292039		251.924655247		256.09985274		
1470708767.57		274.976309256		272.249984801		276.707001263		
1470745005.41		276.101907265		273.379392288		277.843721413		
1470781243.24		277.319404459		274.624285631		279.076146914		
1470817481.08		277.603319332		274.903445057		279.343734481		
1470853718.92		277.726628346		274.995143309		279.459874644		
1470889956.76		277.796097368		275.070493041		279.521757732		
1470926194.59		277.842694066		275.162895101		279.586789358		
1470962432.43		278.126361668		275.624343319		279.857626555		
1470998670.27		278.524017332		276.259982573		280.211886781		
1471034908.11		278.851045165		276.817774389		280.500776862		
1471071145.95		279.314756117		277.420468925		280.864010602		
1471107383.78		279.738336113		277.968478898		281.217769445		
1471143621.62		280.218524976		278.552535825		281.606900183		
1471179859.46		280.609925225		279.051995311		282.053552206		
1471216097.3		281.012716861		279.529889601		282.488085817		
1471252335.14		281.349163186		279.85263729		282.905695811		
1471288572.97		281.732071386		280.203972922		283.292870198		
1471324810.81		282.184721552		280.602320959		283.840852918		
1471361048.65		282.422702521		280.897188531		284.193222865		
1471397286.49		282.805819502		281.259013361		284.639925624		
1471433524.32		283.142092325		281.58609869		284.971853118		
1471469762.16		283.533004446		281.971576284		285.447292013		
1471506000.0		283.909005259		282.339793554		285.901730755		
1471542237.84		284.256735462		282.651046862		286.392028455		
1471578475.68		284.635638966		282.989760463		286.809946503		
1471614713.51		284.967327337		283.260518063		287.177142818		
1471650951.35		285.274789179		283.551576933		287.626407308		
1471687189.19		285.587439332		283.849110262		288.054261863		
1471723427.03		285.860448465		284.093748057		288.423572424		
1471759664.86		286.144345905		284.33262173		288.759098588		
1471795902.7		286.429497085		284.602296873		289.116625414		
1471832140.54		286.736675066		284.889332118		289.468746926		
1471868378.38		286.954517303		285.102158229		289.776235831		
1471879999.0		287.243442375		285.373635292		290.073865674		
1471880000.0		287.243469064		285.373657579		290.073892131		
1471880001.0		287.243495752		285.373679866		290.073918588		
1471904616.22		285.276801173		283.520695541		287.429626199		
1471940854.05		275.795492534		274.189494182		277.242859022		
1471977091.89		267.026151597		265.473770617		268.439818151		
1472013329.73		258.807405504		257.166811796		260.281848989		
1472049567.57		248.003506136		246.170448862		249.653747876		
1472085805.41		244.276329526		242.070950183		246.162551232		
1472122043.24		238.238174069		236.193350751		240.107912849		
1472158281.08		232.502053054		230.579882136		234.313676131		
1472194518.92		227.092441386		225.262147841		228.878648008		
1472230756.76		221.997186157		220.238738583		223.76989793		
1472266994.59		217.159952529		215.448938108		218.899260357		
1472303232.43		212.5552083		210.909470702		214.240512565		
1472339470.27		208.185930317		206.551694394		209.839883429		
1472375708.11		203.985987221		202.39862169		205.633722952		
1472411945.95		200.028595622		198.438049678		201.629365048		
1472448183.78		196.262975314		194.691981384		197.794034573		
1472484421.62		192.641273693		191.086725728		194.167502408		
1472520659.46		189.168250562		187.645169303		190.677589849		
1472556897.3		185.826092085		184.333872543		187.33889434		
1472593135.14		182.65957564		181.198631469		184.099148212		
1472629372.97		179.634079239		178.161932535		181.034721492		
1472665610.81		176.693910317		175.246677284		178.069576224		
1472701848.65		173.87428458		172.48197874		175.188213365		
1472738086.49		171.151117282		169.787819458		172.45484284		
1472774324.32		168.548237326		167.189204885		169.809838233		
1472799999.0		166.752953099		165.383035127		168.002988704		
1472800000.0		166.752884259		165.382963703		168.002920625		
1472800001.0		166.752815419		165.382892279		168.002852547		
1472810562.16		165.952055311		164.615099653		167.219710892		
1472846800.0		164.634328264		163.411399091		165.8434892		
1472883037.84		168.869459879		167.724830063		170.080151159		
1472919275.68		173.090576318		171.923716118		174.283400455		
1472955513.51		177.224810554		176.088004931		178.387908092		
1472991751.35		181.394761367		180.269353335		182.560595236		
1473027989.19		185.481022827		184.387157908		186.688964637		
1473064227.03		189.541085501		188.475812134		190.750670078		
1473100464.86		193.844897079		192.780525547		195.096330049		
1473136702.7		197.754471153		196.701524878		199.037637342		
1473172940.54		201.780213568		200.710994621		203.088418823		
1473209178.38		205.765359016		204.738427595		207.088344845		
1473245416.22		209.69324518		208.671019299		211.032342989		
1473281654.05		213.535676594		212.496626247		214.893374634		
1473317891.89		217.341994308		216.291178248		218.750092202		
1473354129.73		221.082571398		220.021517894		222.573483555		
1473390367.57		224.646707732		223.561786295		226.154301767		
1473426605.41		228.367352008		227.211152039		229.879501019		
1473462843.24		231.887814469		230.721784355		233.397185699		
1473499081.08		235.354714114		234.172314767		236.937723784		
1473535318.92		238.775627394		237.57918141		240.376038863		
1473571556.76		242.125590791		240.911347884		243.824552442		
1473607794.59		245.362901603		244.123952848		247.149373092		
1473644032.43		248.552485266		247.302106912		250.468701231		
1473680270.27		251.690828611		250.448671698		253.696565582		
1473716508.11		254.750317867		253.499777617		256.759863514		
1473752745.95		257.760014486		256.492432119		259.771859135		
1473788983.78		260.712786907		259.427843102		262.797827385		
1473825221.62		263.971162729		262.719009371		266.061945501		
1473861459.46		266.883156752		265.622499824		268.894128938		
1473897697.3		269.409766354		268.147198452		271.163870424		
1473933935.14		271.926872832		270.63962125		273.805579539		
1473970172.97		274.543897386		273.259569862		276.51003583		
1474006410.81		277.08685959		275.779576807		279.043598816		
1474042648.65		279.570435		278.260149487		281.558127304		
1474078886.49		273.191079303		271.937623894		275.162390151		
1474115124.32		275.45539018		274.208571469		277.525815331		
1474151362.16		277.718227314		276.438840577		279.804528172		
1474187600.0		279.939243255		278.656401709		282.056090581		
1474223837.84		282.060513611		280.755853639		284.206473462		
1474260075.68		284.124706286		282.807825815		286.268691104		
1474296313.51		286.147127267		284.801257927		288.292580561		
1474332551.35		288.1046704		286.739996966		290.301243424		
1474368789.19		290.007019627		288.637642497		292.236671129		
1474405027.03		289.836839801		288.466876816		292.081832979		
1474441264.86		291.730774379		290.348997692		294.010170841		
1474477502.7		293.515424907		292.124328637		295.832455371		
1474513740.54		294.045654588		292.63842991		296.37988971		
1474549978.38		296.106656888		294.673792523		298.462717703		
1474586216.22		298.205547436		296.764724634		300.590591319		
1474622454.05		300.151765834		298.689954093		302.5279021		
1474658691.89		297.373330582		295.935218071		299.713907838		
1474694929.73		299.110225162		297.659937839		301.466787054		
1474731167.57		300.708521409		299.240804371		303.104954528		
1474767405.41		302.239528826		300.774037044		304.681371271		
1474803643.24		303.731187906		302.267763397		306.193219532		
1474839881.08		305.153271475		303.710227742		307.664275603		
1474876118.92		306.54026201		305.105147949		309.085284397		
1474912356.76		312.691471009		311.239030456		315.306799624		
1474948594.59		309.169228887		307.737438032		311.772078911		
1474984832.43		310.451616216		308.995618963		313.065795371		
1475021070.27		311.697635189		310.236648405		314.32746703		
1475057308.11		312.905652615		311.4434625		315.554997352		
1475093545.95		314.200095677		312.721260324		316.858570013		
1475129783.78		315.549209658		314.044260076		318.201775516		
1475166021.62		316.84688621		315.333039764		319.482428238		
1475179999.0		317.084763872		315.574576125		319.699067905		
1475180000.0		317.084487478		315.574316092		319.698776193		
1475180001.0		317.084211084		315.574056058		319.698484481		
1475202259.46		310.599351452		309.300197231		312.920597351		
1475238497.3		299.87788343		298.823160866		301.818740719		
1475274735.14		289.730274872		288.80486938		291.370948372		
1475310972.97		280.269041455		279.278099283		281.583930895		
1475347210.81		271.633509492		270.550813745		272.683356995		
1475383448.65		267.457528968		266.09190938		268.561781256		
1475419686.49		264.88104903		263.382093021		266.155646343		
1475455924.32		262.592131416		260.876309705		263.977095559		
1475492162.16		260.349798765		258.442724619		261.856084746		
1475528400.0		256.297161625		254.187270015		257.958303936		
1475564637.84		253.290981231		250.860407212		255.074630002		
1475600875.68		251.661203716		249.066615379		253.580323589		
1475637113.51		249.877456166		247.050353015		251.947600856		
1475673351.35		249.27518048		246.237903219		251.475735026		
1475679999.0		248.99378078		245.920431887		251.220494695		
1475680000.0		248.993955468		245.920608384		251.22066968		
1475680001.0		248.994130156		245.920784881		251.220844665		
1475709589.19		254.167540027		251.157979175		256.385850509		
1475745827.03		260.312809414		257.407047042		262.502453207		
1475782064.86		266.554041422		263.75970864		268.70325149		
1475818302.7		272.679546509		269.951875438		274.801963143		
1475854540.54		278.679450235		276.169273523		280.75745746		
1475890778.38		284.151434703		281.786780603		286.168935193		
1475927016.22		289.229179576		287.04892299		291.182003852		
1475963254.05		294.337734224		292.225750342		296.155812531		
1475999491.89		299.273058284		297.225013665		300.988778451		
1476035729.73		304.053083525		302.126575414		305.679171207		
1476071967.57		308.757309825		306.898332658		310.286946353		
1476108205.41		313.318871667		311.517983463		314.792017442		
1476144443.24		317.753543165		316.043622519		319.213682631		
1476180681.08		322.218620885		320.490188312		323.567332711		
1476216918.92		326.454525065		324.805325884		327.743154897		
1476253156.76		330.553788414		328.963227887		331.877286645		
1476289394.59		334.621707671		333.030987714		335.94416925		
1476325632.43		338.057621019		336.480494681		339.365402796		
1476361870.27		341.033147404		339.512003995		342.335717249		
1476398108.11		344.359960666		342.896868161		345.682048125		
1476434345.95		347.637781234		346.216755168		349.014126668		
1476470583.78		350.692745254		349.304532866		352.191331972		
1476506821.62		353.981418163		352.624768596		355.629084832		
1476543059.46		357.273020745		355.920684109		359.000111788		
1476579297.3		360.418920225		359.113851112		362.164573454		
1476615535.14		363.491049825		362.224337069		365.265645025		
1476651772.97		366.450343101		365.219916487		368.256769878		
1476688010.81		369.288706576		368.08709324		371.1878423		
1476724248.65		372.041508792		370.868078037		373.918983878		
1476760486.49		374.700610055		373.5290856		376.653608687		
1476796724.32		377.257102612		376.110333556		379.214771742		
1476832962.16		379.723919436		378.591615656		381.734843173		
1476869200.0		382.127319457		380.970800295		384.293393981		
1476905437.84		384.428151707		383.232591753		386.62960635		
1476941675.68		386.613797889		385.408638484		388.904984292		
1476977913.51		388.688894616		387.49095108		390.95555705		
1477014151.35		390.389135354		389.173968955		392.626329548		
1477050389.19		392.013109555		390.79370458		394.302179823		
1477086627.03		393.576812851		392.315011908		395.898009551		
1477122864.86		395.122405064		393.81590715		397.453702464		
1477159102.7		396.597834018		395.272443111		398.95109183		
1477195340.54		398.025925232		396.708345515		400.426546528		
1477231578.38		399.416162222		398.084439614		401.880726791		
1477267816.22		400.758900197		399.437202448		403.29216995		
1477304054.05		402.077968788		400.712969942		404.653719998		
1477340291.89		403.33091741		401.960470551		405.96128534		
1477376529.73		404.535832219		403.165052096		407.211174301		
1477412767.57		405.712170307		404.34615789		408.434851098		
1477449005.41		406.85558763		405.491370488		409.615652708		
1477485243.24		407.972458861		406.605373647		410.740028919		
1477521481.08		409.076541607		407.703826088		411.829761971		
1477557718.92		410.126351925		408.734537121		412.900716342		
1477593956.76		411.044507386		409.661300479		413.877730901		
1477630194.59		412.130845024		410.711876328		414.974587083		
1477666432.43		413.125883786		411.691956813		415.979193127		
1477702670.27		414.031918554		412.580343285		416.881261839		
1477738908.11		414.972054053		413.511872414		417.794938225		
1477775145.95		415.887409445		414.397805789		418.690236971		
1477811383.78		416.810836383		415.335790551		419.593618612		
1477847621.62		417.652271786		416.174404699		420.433156719		
1477883859.46		418.502379757		417.010680406		421.288769127		
1477920097.3		419.326389845		417.824716819		422.142837799		
1477956335.14		420.135130536		418.619210864		422.974534106		
1477992572.97		420.942046102		419.422749521		423.805913214		
1478028810.81		421.747131392		420.211307498		424.619948306		
1478065048.65		422.529555811		420.993314995		425.409503719		
1478101286.49		423.278521901		421.729424414		426.159652206		
1478137524.32		424.020812403		422.479478032		426.911974925		
1478173762.16		424.747796084		423.208601871		427.646577415		
1478210000.0		425.482220326		423.931247065		428.377053362		
1478246237.84		426.196840024		424.645035484		429.081189856		
1478282475.68		426.942711949		425.36807147		429.810776566		
1478318713.51		427.661500188		426.074657344		430.52842337		
1478354951.35		428.345246067		426.747698787		431.203166186		
1478391189.19		429.045127014		427.442243282		431.903608848		
1478427427.03		429.726503961		428.108719271		432.569931629		
1478463664.86		430.386047254		428.767659332		433.223941006		
1478499902.7		431.045108869		429.415075459		433.876460887		
1478536140.54		431.707878242		430.06268688		434.543899552		
1478572378.38		432.370232644		430.715860815		435.198030902		
1478608616.22		433.011393564		431.363047964		435.836847123		
1478644854.05		433.662493183		432.018317958		436.48378276		
1478681091.89		434.309094936		432.657029776		437.113577733		
1478717329.73		434.948764753		433.291229235		437.743027269		
1478753567.57		435.576418775		433.919103091		438.364520181		
1478789805.41		436.209027872		434.554956578		438.982009583		
1478826043.24		436.839852622		435.174385474		439.598691013		
1478862281.08		437.451044062		435.777179094		440.199521494		
1478898518.92		438.074911497		436.392874471		440.814289508		
1478934756.76		438.696238457		437.009327666		441.42498033		
1478970994.59		439.324026437		437.632897608		442.042075347		
1479007232.43		439.933744754		438.235759812		442.633450804		
1479043470.27		440.544947293		438.860317368		443.257498056		
1479079708.11		441.154538766		439.468659948		443.863911255		
1479115945.95		441.767147359		440.087589826		444.4776309		
1479152183.78		442.379472406		440.713032033		445.093415659		
1479188421.62		442.977914204		441.312013208		445.694293518		
1479224659.46		443.579931019		441.925690431		446.281209048		
1479260897.3		444.1819574		442.523994089		446.867024953		
1479297135.14		444.762530304		443.109149612		447.454805994		
1479333372.97		445.350810678		443.703992463		448.060690133		
1479369610.81		445.937328266		444.288566887		448.6605524		
1479405848.65		446.524162215		444.876485897		449.267129204		
1479442086.49		447.129759475		445.475861453		449.886946739		
1479478324.32		447.713461058		446.061191314		450.492310881		
1479514562.16		448.304095477		446.650162441		451.092174781		
1479550800.0		448.904799798		447.250462985		451.672010666		
1479587037.84		449.497406839		447.842878752		452.206407477		
1479623275.68		450.103115113		448.43617332		452.766225919		
1479659513.51		450.689065022		449.021120216		453.321346735		
1479695751.35		451.268089167		449.590222678		453.900099154		
1479731989.19		451.861683821		450.175731278		454.479884683		
1479768227.03		439.729963498		438.09167382		442.234635559		
1479772378.0		439.806466866		438.167015034		442.310844694		
1479772379.0		439.806485892		438.167033804		442.310863995		
1479772380.0		439.806504919		438.167052574		442.310883297		
1479804464.86		360.752350601		355.512571613		365.920854031		
1479840702.7		360.415176212		355.887217939		365.583463159		
1479876940.54		374.704945321		370.302066253		380.082474835		
1479913178.38		378.605145539		374.37618025		383.808125423		
1479949416.22		382.465214073		378.330975674		387.50021081		
1479985654.05		386.218427904		382.201217809		391.161256885		
1480021891.89		389.870291533		385.94053906		394.635795645		
1480058129.73		393.41275414		389.615997573		398.002263254		
1480094367.57		396.862359066		393.213425967		401.244141244		
1480130605.41		400.186312119		396.665395596		404.434451815		
1480166843.24		403.403549835		400.014754827		407.510088233		
1480203081.08		406.53985577		403.215733351		410.51472591		
1480239318.92		409.606912817		406.33891984		413.35841639		
1480275556.76		412.529423824		409.362188349		416.124126556		
1480311794.59		415.36701435		412.360337707		418.818468646		
1480344348.0		417.498183658		414.541183856		420.744343085		
1480344349.0		417.498143554		414.541144054		420.744252941		
1480344350.0		417.49810345		414.541104253		420.744162797		
1480348032.43		417.304481441		414.403029951		420.49773112		
1480384270.27		415.313567244		412.67029486		418.180833061		
1480420508.11		413.426609458		411.018409388		415.92041339		
1480456745.95		411.698562685		409.444082218		414.083736313		
1480492983.78		409.928680125		407.759613114		412.305111272		
1480529221.62		408.352106542		406.267239818		410.84013515		
1480565459.46		406.968794589		404.732009461		409.519330782		
1480601697.3		405.593066761		403.328109463		408.323450189		
1480637935.14		404.39834912		401.935574129		407.104704065		
1480674172.97		403.337995339		400.507732778		405.937550056		
1480710410.81		402.259536549		399.084796322		404.912220996		
1480746648.65		401.214286508		397.918862115		404.120347857		
1480782886.49		400.342849986		396.802911465		403.393192422		
1480819124.32		399.500254051		395.698230085		402.699389931		
1480855362.16		398.742489673		394.656592944		402.116790861		
1480891600.0		398.022670497		393.748290538		401.616701603		
1480926699.0		397.624674085		393.243121286		401.262679171		
1480926700.0		397.624776454		393.243229634		401.262771445		
1480926701.0		397.624878824		393.243337983		401.262863719		
1480927837.84		397.74129067		393.366551635		401.367791391		
1480964075.68		401.473697777		397.218047804		405.051371538		
1481000313.51		405.119853037		401.055806796		408.620147466		
1481036551.35		408.660133289		404.739120423		412.107855713		
1481072789.19		412.091106995		408.341828856		415.437656785		
1481109027.03		415.421142895		411.84019814		418.682006464		
1481145264.86		418.697975857		415.209025313		421.843796941		
1481181502.7		421.823168861		418.417924657		424.877404536		
1481217740.54		424.953259276		421.642687753		427.885211515		
1481253978.38		427.846106282		424.701325776		430.717473649		
1481290216.22		430.611890028		427.621739276		433.434547878		
1481326454.05		433.300754178		430.471317745		436.062948942		
1481362691.89		435.91234335		433.221789022		438.612942863		
1481398929.73		438.467795291		435.867771657		441.051771447		
1481435167.57		440.904091674		438.416536692		443.428452674		
1481471405.41		443.2789188		440.962579901		445.753998382		
1481507643.24		445.587138268		443.331375591		447.965438589		
1481543881.08		447.770675707		445.625212212		450.062359441		
1481580118.92		449.763715996		447.680744102		451.996763038		
1481616356.76		451.475162571		449.455747229		453.70361821		
1481652594.59		453.182847211		451.163532633		455.353525744		
1481688832.43		454.810863766		452.773481859		456.918239944		
1481725070.27		456.406655844		454.378530441		458.479999357		
1481761308.11		458.001161691		455.976340481		460.06564103		
1481797545.95		459.578889375		457.549199002		461.565690894		
1481833783.78		461.048400823		458.969138718		462.993987752		
1481870021.62		462.522533586		460.375137368		464.430645215		
1481906259.46		463.99341007		461.74533521		465.819521174		
1481942497.3		465.386101598		463.089689907		467.205561556		
1481978735.14		466.73898429		464.404248153		468.521126572		
1482014972.97		467.983502012		465.561985827		469.780751374		
1482051210.81		469.227326705		466.788266662		471.007613515		
1482087448.65		470.505340252		467.998926907		472.242560658		
1482123686.49		471.742899276		469.207138982		473.43164137		
1482159924.32		472.888562258		470.301086198		474.563533819		
1482168544.0		472.499555008		469.929508228		474.13899477		
1482168545.0		472.499207049		469.929196174		474.138632202		
1482168546.0		472.49885909		469.928884121		474.138269635		
1482196162.16		462.582025265		460.787634077		464.304582225		
1482232400.0		450.644359825		448.273053268		452.90236908		
1482268637.84		439.875218393		436.277726697		443.035505991		
1482304875.68		429.561081973		424.952724451		433.754575409		
1482341113.51		420.03864877		414.457800447		425.530226988		
1482359159.0		416.175485604		410.065332451		422.015378019		
1482359160.0		416.175551028		410.065430883		422.015471225		
1482359161.0		416.175616452		410.065529314		422.015564431		
1482377351.35		417.901398163		412.010270266		423.703527644		
1482413589.19		421.697319534		415.978818026		427.216943295		
1482449827.03		425.433443505		419.943855996		430.647053175		
1482486064.86		429.039742442		423.746283036		433.855495546		
1482522302.7		432.545677264		427.484644987		437.095416473		
1482558540.54		435.90430788		430.991743558		440.183927243		
1482594778.38		439.16067896		434.475822739		443.216663143		
1482631016.22		442.328698323		437.863773464		446.21690996		
1482667254.05		445.27013472		441.084069662		448.994063575		
1482703491.89		448.165806893		444.143631822		451.72299491		
1482739729.73		450.955698347		447.08140498		454.282623294		
1482775967.57		453.631978143		449.895163455		456.860846403		
1482812205.41		456.113664542		452.479753226		459.343704496		
1482848443.24		458.549359003		455.131666569		461.518447047		
1482884681.08		460.912627307		457.672778944		463.719026862		
1482920918.92		463.130375457		460.167024519		465.904442158		
1482957156.76		462.878195675		460.078878147		465.465290246		
1482993394.59		465.16391175		462.515249703		467.615766882		
1483029632.43		467.403803296		464.866630042		469.855570915		
1483065870.27		469.575523478		467.103934069		472.011958421		
1483102108.11		471.632964167		469.246782366		474.104108079		
1483138345.95		473.588109417		471.257944132		476.064748647		
1483174583.78		475.50872345		473.12347415		477.946118772		
1483210821.62		477.348521861		474.912814432		479.789975365		
1483247059.46		479.099481006		476.727640827		481.558603501		
1483283297.3		480.872964449		478.498363606		483.33135239		
1483319535.14		482.634477391		480.119559189		485.025357233		
1483355772.97		484.347933316		481.708355426		486.69941492		
1483392010.81		486.00722472		483.299953063		488.310742408		
1483428248.65		487.586326117		484.667364622		489.881885464		
1483464486.49		489.073002621		486.117560237		491.365888951		
1483500724.32		490.523917948		487.474986455		492.785548764		
1483536962.16		491.895335486		488.884900362		494.15724735		
1483573200.0		493.323427064		490.26269394		495.616946116		
1483609437.84		494.682622729		491.572068284		496.956451191		
1483645675.68		495.999904923		492.871918184		498.267328454		
1483681913.51		497.277833918		494.155805408		499.535583652		
1483718151.35		498.537542692		495.375612801		500.81301767		
1483754389.19		499.789393635		496.563487565		502.120941555		
1483790627.03		501.030164957		497.790395234		503.355732748		
1483826864.86		502.245713339		498.891421679		504.551721241		
1483863102.7		503.414908849		500.013970696		505.749606282		
1483899340.54		504.539504847		501.118254287		506.866840429		
1483935578.38		505.640780497		502.202318959		507.974378867		
1483971816.22		506.748234488		503.287992928		509.078139341		
1484008054.05		507.861825997		504.385200503		510.245222426		
1484044291.89		508.977138862		505.474932296		511.40175986		
1484080529.73		509.99700502		506.488548436		512.460420683		
1484116767.57		510.973501877		507.433541484		513.461450144		
1484153005.41		511.910400738		508.335225017		514.414317677		
1484189243.24		512.815613385		509.195031989		515.36135271		
1484225481.08		513.783341908		510.109379953		516.355175181		
1484261718.92		514.664765976		510.954048499		517.2770119		
1484297956.76		515.521351843		511.762235195		518.158114953		
1484334194.59		516.331676528		512.537123632		518.977247117		
1484370432.43		517.168381963		513.335987876		519.839941965		
1484406670.27		518.025972004		514.153238745		520.726449056		
1484442908.11		518.876520409		514.962365555		521.599171749		
1484479145.95		519.764761653		515.809047273		522.492028172		
1484515383.78		520.58167424		516.574279086		523.323447131		
1484551621.62		521.378743615		517.329170024		524.145664749		
1484587859.46		522.142986598		518.08006495		524.942408514		
1484624097.3		522.87523173		518.784195649		525.679449775		
1484660335.14		523.643205383		519.53282531		526.46236975		
1484696572.97		524.450181743		520.306377557		527.296805845		
1484732810.81		525.239206834		521.041386406		528.11164159		
1484769048.65		416.507129598		413.135846627		418.805414423		
1484805286.49		417.098933734		413.684990049		419.407551538		
1484841524.32		417.70329024		414.233333974		420.019877717		
1484877762.16		418.314296699		414.793422281		420.642784223		
1484914000.0		418.923486724		415.355220758		421.278337088		
1484950237.84		501.185919518		496.867129846		504.02711028		
1484986475.68		501.941353018		497.572215963		504.796555969		
1485022713.51		502.689065753		498.273945468		505.579638591		
1485058951.35		503.413250702		498.94450173		506.34965577		
1485095189.19		504.130325015		499.604734478		507.087261153		
1485131427.03		504.850831805		500.274925342		507.823483827		
1485167664.86		505.55652553		500.926949568		508.554820508		
1485203902.7		506.237070107		501.570755908		509.274479031		
1485240140.54		495.867290556		491.320381334		498.845686917		
1485276378.38		483.973586986		479.551883447		486.869197723		
1485312616.22		473.965827979		469.592486319		476.832943685		
1485348854.05		475.808249437		471.382486705		478.710503397		
1485385091.89		477.611829325		473.138568327		480.567326854		
1485421329.73		479.395748878		474.87712049		482.409925222		
1485457567.57		402.732277234		398.907521975		405.298102483		
1485493805.41		404.257726699		400.382982143		406.853667819		
1485530043.24		405.743249201		401.823707821		408.371922452		
1485566281.08		407.186530045		403.226200103		409.851856557		
1485602518.92		408.563366206		404.561692621		411.252422366		
1485638756.76		409.906729871		405.862152311		412.615364446		
1485674994.59		411.24400564		407.15578883		413.979637879		
1485711232.43		412.552570295		408.412323561		415.307355271		
1485747470.27		413.809001524		409.623711537		416.589550669		
1485783708.11		415.0448475		410.81663477		417.855037051		
1485819945.95		478.148569261		473.241182073		481.405286216		
1485856183.78		479.460286408		474.504999885		482.75462132		
1485892421.62		480.769672609		475.753955714		484.099240699		
1485928659.46		482.024635909		476.950008518		485.38917636		
1485951099.0		482.796545056		477.689103216		486.188484076		
1485951100.0		482.796579503		477.689136099		486.188519427		
1485951101.0		482.796613951		477.689168981		486.188554778		
1485964897.3		457.975280685		452.59902294		462.570366474		
1486001135.14		448.844281157		441.483479876		459.098383897		
1486037372.97		451.178134756		444.119799373		460.518787165		
1486073610.81		463.581152576		456.590213988		471.962432661		
1486109848.65		465.956406338		459.476899336		473.312987671		
1486146086.49		468.20099959		462.225639174		474.297771271		
1486182324.32		470.472737312		464.853108664		475.623718637		
1486218562.16		472.756641739		467.397901952		476.981331982		
1486254800.0		474.909544367		469.854938003		478.725952368		
1486291037.84		476.630277226		472.091647672		480.633846141		
1486327275.68		478.137257801		474.308980143		482.507178667		
1486363513.51		479.835324669		476.393323495		484.269849569		
1486399751.35		481.593017268		478.183892623		485.957900897		
1486435989.19		483.572191008		479.381002383		487.672528189		
1486472227.03		485.564594366		480.728566869		489.445707869		
1486508464.86		487.517033686		482.216079968		491.189562502		
1486544702.7		489.357882097		483.35432426		492.81538406		
1486580940.54		491.101460648		484.891488328		494.435527565		
1486617178.38		492.759686106		486.551921568		496.013814827		
1486653416.22		494.383452265		488.39871214		497.543549688		
1486689654.05		496.019677428		489.973048246		499.015066552		
1486725891.89		497.523590445		491.781222224		500.432311252		
1486762129.73		498.984416925		493.459251157		501.782353207		
1486798367.57		500.400474883		495.040642221		503.204852636		
1486834605.41		501.832530996		496.606760389		504.639392786		
1486870843.24		503.310219329		498.142394198		506.063292077		
1486907081.08		504.675797075		499.693967816		507.532228257		
1486943318.92		506.090795746		501.149058843		508.898167323		
1486979556.76		507.380381116		502.473391539		510.182560002		
1487015794.59		508.691544555		503.633920455		511.43784953		
1487052032.43		509.913584827		504.725255143		512.765139548		
1487088270.27		511.138826087		505.926358022		513.972785517		
1487124508.11		512.339189948		507.199204711		515.213671213		
1487160745.95		513.544338117		508.471488277		516.5075848		
1487196983.78		514.757334206		509.663431613		517.706688628		
1487233221.62		515.977980107		510.760398809		518.988284624		
1487269459.46		517.746543175		512.255720575		520.816392881		
1487305697.3		519.061303942		513.373791151		522.156380277		
1487341935.14		520.136573167		514.466615575		523.278398586		
1487378172.97		521.125278571		515.357460241		524.233254777		
1487414410.81		522.110882176		516.280594245		525.243352307		
1487450648.65		523.071759528		517.212748193		526.175582242		
1487486886.49		524.054133257		518.16379844		527.177287368		
1487523124.32		525.013773964		519.201773834		528.067379373		
1487559362.16		525.886443116		520.094922329		528.910226346		
1487595600.0		526.805861443		520.97143639		529.774318527		
1487631837.84		527.669269349		521.824582292		530.62693136		
1487668075.68		528.542719354		522.714652729		531.505422758		
1487704313.51		529.414470884		523.592339795		532.349447499		
1487740551.35		530.256073896		524.46001279		533.101302667		
1487776789.19		531.031475556		525.330851414		533.909819922		
1487813027.03		531.85217955		526.207506389		534.748376878		
1487849264.86		532.601659365		526.77767429		535.446693052		
1487885502.7		533.339947734		527.65690852		536.180384724		
1487921740.54		534.107453834		528.574085822		536.890013964		
1487957978.38		534.693156943		529.327259996		537.505790387		
1487994216.22		535.321390029		530.015130315		538.028709941		
1488030454.05		535.958925138		530.59165746		538.696398263		
1488066691.89		536.591218748		531.212465291		539.282525055		
1488102929.73		537.124827922		531.718862126		539.806648075		
1488139167.57		537.727557629		532.350308092		540.384021085		
1488175405.41		538.244408209		532.800994095		540.862369873		
1488211643.24		538.754809117		533.271692001		541.386386907		
1488247881.08		539.281063667		533.769177902		541.928224448		
1488284118.92		539.771886916		534.202156721		542.451420862		
1488320356.76		540.189490308		534.59589924		542.884240145		
1488356594.59		540.605951853		535.078295427		543.306507816		
1488392832.43		540.983575817		535.605582775		543.756294443		
1488429070.27		541.479108587		536.126234682		544.258177724		
1488465308.11		541.944704225		536.570400799		544.80211758		
1488501545.95		542.320588468		536.904212998		545.215595476		
1488537783.78		542.736233859		537.25718442		545.710926594		
1488574021.62		543.160151607		537.67625878		546.143930867		
1488610259.46		543.539689155		538.007989069		546.545028568		
1488646497.3		543.956690105		538.355379846		546.919074791		
1488682735.14		544.24243276		538.631083857		547.227925343		
1488718972.97		544.456020678		538.878780147		547.483604492		
1488755210.81		544.522688357		538.950365736		547.561160087		
1488791448.65		543.448095796		537.90562554		546.488299844		
1488827686.49		543.969467439		538.408703482		546.974351095		
1488863924.32		544.476117267		538.927059824		547.483244689		
1488900162.16		544.948398416		539.420695041		547.9751424		
1488936400.0		545.382129164		539.86950613		548.424219145		
1488972637.84		545.829928865		540.344674089		548.844244537		
1489008875.68		546.325929066		540.851972094		549.306162499		
1489045113.51		546.769971789		541.338208535		549.751538869		
1489081351.35		547.754616848		542.373492966		550.773508297		
1489117589.19		548.539739796		543.187353061		551.611448518		
1489153827.03		548.892719527		543.558871556		551.978405829		
1489190064.86		549.236757076		543.953604422		552.298781467		
1489226302.7		549.580841456		544.322750278		552.652385076		
1489262540.54		549.999362974		544.764571829		553.060471858		
1489298778.38		550.35918824		545.136971284		553.395804939		
1489335016.22		550.711062896		545.510749552		553.719963138		
1489371254.05		550.986737147		545.807564097		553.978665168		
1489407491.89		551.254145031		546.090289493		554.215846145		
1489443729.73		551.493814132		546.376967154		554.465815562		
1489479967.57		551.693513766		546.620037699		554.657449366		
1489516205.41		551.929492685		546.879131571		554.869151807		
1489552443.24		552.153039724		547.134030075		555.058237814		
1489588681.08		552.413705384		547.438146943		555.297066339		
1489624918.92		552.636060351		547.715173141		555.517774112		
1489661156.76		552.854950405		547.991435874		555.729452918		
1489697394.59		552.992275641		548.190758977		555.854375915		
1489733632.43		553.17695661		548.424581752		556.057326398		
1489769870.27		553.401580892		548.673341931		556.272233177		
1489806108.11		553.627973134		548.906571545		556.455510555		
1489842345.95		553.780247741		549.08602859		556.582146004		
1489878583.78		553.88545118		549.1990907		556.664852785		
1489914821.62		554.061534206		549.406175112		556.802483049		
1489951059.46		554.171868964		549.553029948		556.899238313		
1489987297.3		554.301991705		549.673915401		556.997588643		
1490023535.14		554.490891787		549.854965486		557.141721488		
1490059772.97		554.652170869		550.022916689		557.256772437		
1490096010.81		554.803043818		550.202935947		557.372514064		
1490132248.65		554.965566199		550.416870119		557.483625237		
1490168486.49		555.126900769		550.558481049		557.611708856		
1490204724.32		555.202052627		550.651584377		557.674317786		
1490240962.16		555.313529595		550.811402582		557.800222633		
1490277200.0		555.527221314		551.032444225		558.01538069		
1490313437.84		555.681469292		551.212958788		558.134324196		
1490349675.68		555.807676245		551.373941325		558.218198585		
1490385913.51		555.946928134		551.639165866		558.381544005		
1490422151.35		556.11188026		551.899815647		558.496945111		
1490458389.19		556.278500897		552.048766691		558.583673721		
1490494627.03		556.390098313		552.244219072		558.707353584		
1490530864.86		556.480511286		552.40498868		558.786077649		
1490567102.7		556.658928765		552.623310016		558.91309012		
1490603340.54		556.793953708		552.850353433		559.019466809		
1490639578.38		556.993505926		553.209769456		559.18117973		
1490675816.22		557.202981026		553.699982085		559.388652397		
1490712054.05		557.426354322		554.199612781		559.577510045		
1490748291.89		557.589438055		554.559408338		559.720448572		
1490784529.73		557.75794144		555.10055047		559.885528626		
1490820767.57		558.015181251		555.565838081		560.15250195		
1490857005.41		558.290141191		556.017703635		560.40816025		
1490893243.24		558.492914203		556.29518446		560.573763257		
1490929481.08		558.717835505		556.660022714		560.733262074		
1490965718.92		559.03301341		556.992167392		560.93810557		
1491001956.76		559.377024962		557.41861777		561.258421779		
1491038194.59		559.752637045		557.774276226		561.673379711		
1491074432.43		560.153750419		558.181244276		562.148548624		
1491110670.27		560.453266371		558.459770705		562.606987178		
1491146908.11		560.688829476		558.645108006		562.943364051		
1491183145.95		560.894919641		558.777765796		563.2168989		
1491219383.78		561.049805307		558.892280412		563.62839394		
1491255621.62		561.216064047		559.027478259		564.081107906		
1491291859.46		561.410884457		559.196171406		564.425148587		
1491328097.3		561.642419262		559.386160696		564.855341912		
1491364335.14		561.848551693		559.611493159		565.31136199		
1491400572.97		562.024302929		559.749124103		565.694454902		
1491436810.81		562.233516803		559.938143174		566.126630202		
1491473048.65		562.398234078		560.085116395		566.429199145		
1491509286.49		560.798797713		558.485190559		564.946912574		
1491545524.32		560.946416476		558.628545191		565.08875545		
1491581762.16		561.139978985		558.831868443		565.404148019		
1491618000.0		561.37600175		559.036739212		565.585930427		
1491654237.84		561.596853858		559.238566596		565.775193926		
1491690475.68		561.860679843		559.454950956		566.020553771		
1491726713.51		562.044365634		559.635565266		566.241861455		
1491762951.35		562.226517064		559.813369066		566.491814161		
1491799189.19		562.465341547		560.028000869		566.738499896		
1491835427.03		562.760541743		560.265394201		567.011924343		
1491871664.86		562.984064366		560.456425576		567.318470866		
1491907902.7		563.149097258		560.5978178		567.561136378		
1491944140.54		563.268965941		560.737547816		567.801766387		
1491980378.38		563.435045803		560.858537886		568.028944305		
1492016616.22		563.599198222		560.986355878		568.274068477		
1492052854.05		563.764916056		561.102621163		568.504565335		
1492089091.89		563.896380028		561.175023869		568.659919492		
1492125329.73		565.486640584		562.726660906		570.363338053		
1492161567.57		565.56360934		562.766457057		570.500716876		
1492197805.41		565.635475241		562.799865072		570.663832854		
1492234043.24		565.695983435		562.806869412		570.817409268		
1492270281.08		565.79522671		562.827863297		571.026949611		
1492306518.92		566.019529197		562.984316394		571.321878713		
1492342756.76		566.14294515		563.069546311		571.480825418		
1492378994.59		566.273217414		563.140208524		571.67333847		
1492415232.43		566.337965163		563.152313477		571.751034159		
1492451470.27		566.516358926		563.286884492		572.022976498		
1492487708.11		566.645995667		563.383480624		572.235023157		
1492523945.95		566.675598567		563.385751384		572.327374403		
1492560183.78		566.793122264		563.491443888		572.519387551		
1492596421.62		566.941502484		563.634547791		572.751630684		
1492632659.46		567.176176525		563.798658616		573.048159937		
1492668897.3		567.37878253		563.945694629		573.315763684		
1492705135.14		567.553924586		564.125286112		573.588985604		
1492741372.97		567.838679333		564.328518082		573.951933551		
1492777610.81		568.067630703		564.556751542		574.28834307		
1492813848.65		568.252375809		564.66454846		574.582368676		
1492850086.49		568.401824853		564.737657816		574.836377473		
1492886324.32		568.496689412		564.808166093		575.050328634		
1492922562.16		568.670421366		564.896534957		575.346508912		
1492958800.0		568.868654189		565.039423163		575.678470152		
1492995037.84		568.929520857		565.076370318		575.871179894		
1493031275.68		568.96711683		565.087843463		576.033980684		
1493067513.51		569.066853793		565.132429067		576.237723798		
1493103751.35		569.178189182		565.226442173		576.442852214		
1493139989.19		569.325817053		565.333416388		576.686214197		
1493176227.03		569.447277922		565.394668981		576.895780896		
1493212464.86		569.630186482		565.537659945		577.165737325		
1493248702.7		569.762049385		565.642770586		577.392673555		
1493284940.54		569.801840044		565.595835291		577.520839049		
1493321178.38		569.802553033		565.565199557		577.613723375		
1493357416.22		569.8689703		565.594377564		577.761919885		
1493393654.05		569.839121657		565.561030651		577.829825095		
1493429891.89		569.958610511		565.64350062		578.056716898		
1493466129.73		570.029655683		565.715997512		578.233624646		
1493502367.57		570.117145512		565.76571744		578.427403089		
1493538605.41		570.196981442		565.814006287		578.603289015		
1493574843.24		570.327901023		565.908878293		578.833437399		
1493611081.08		570.471138711		565.998204454		579.048176808		
1493647318.92		570.657679783		566.126983658		579.325667664		
1493683556.76		570.891400767		566.311804163		579.659858233		
1493719794.59		571.136455492		566.510778745		580.053067011		
1493756032.43		571.363694346		566.697588662		580.44268935		
1493792270.27		571.523307583		566.849480661		580.777112552		
1493828508.11		571.668318964		566.954877348		581.122174873		
1493864745.95		571.84308798		567.070545791		581.413846339		
1493900983.78		572.026268227		567.224571894		581.69881656		
1493937221.62		572.206235409		567.332461476		581.98252921		
1493973459.46		572.395069524		567.476568728		582.267873184		
1494009697.3		572.592830237		567.617999913		582.554785917		
1494045935.14		572.793979445		567.755473192		582.843207925		
1494082172.97		572.991624868		567.881792181		583.153659948		
1494118410.81		573.197881078		568.009247389		583.454617145		
1494154648.65		573.394867861		568.141472104		583.774331413		
1494190886.49		573.583153234		568.274492957		584.100646911		
1494227124.32		573.771878097		568.403348654		584.428184676		
1494263362.16		573.961623636		568.538888745		584.756904813		
1494299600.0		574.150600959		568.667975744		585.086769783		
1494335837.84		574.354640019		568.799418901		585.412516902		
1494372075.68		574.536571637		568.951461491		585.73917434		
1494408313.51		574.729997169		569.123301611		586.066868922		
1494444551.35		574.947175269		569.289837383		586.380135214		
1494480789.19		575.164092258		569.424137368		586.691712214		
1494517027.03		575.338733406		569.555033106		587.004250293		
1494553264.86		575.544472867		569.685530758		587.317720783		
1494589502.7		575.751227516		569.817184393		587.632096445		
1494625740.54		575.949580055		569.94957032		587.947351391		
1494661978.38		576.138892987		570.084506688		588.263461026		
1494698216.22		576.348442786		570.2442491		588.580401981		
1494734454.05		576.558606552		570.387416484		588.898152119		
1494770691.89		576.759869498		570.544033523		589.21669049		
1494806929.73		576.951152946		570.708037518		589.535996825		
1494843167.57		577.163716401		570.857246708		589.856052094		
1494879405.41		577.372937257		570.992487208		590.176838225		
1494915643.24		577.573876033		571.14147341		590.498338053		
1494951881.08		577.789897343		571.297379391		590.820535279		
1494988118.92		578.006413988		571.457012459		591.143414427		
1495024356.76		578.219372949		571.608170521		591.466960805		
1495060594.59		578.430603725		571.749916204		591.791160464		
1495096832.43		578.62916792		571.891726554		592.116000165		
1495133070.27		578.82317108		572.031138631		592.441467342		
1495169308.11		579.020152645		572.170736598		592.767550074		
1495205545.95		579.228049592		572.310639064		593.098112802		
1495241783.78		579.435462482		572.465013915		593.445848005		
1495278021.62		579.637581118		572.610672589		593.794188322		
1495314259.46		579.842209119		572.744752338		594.143125352		
1495350497.3		580.044251087		572.881297153		594.492650941		
1495386735.14		580.256661078		573.034774938		594.842757485		
1495422972.97		580.470311218		573.155855016		595.193437791		
1495459210.81		580.684293674		573.299130722		595.544685059		
1495495448.65		580.897968654		573.449299425		595.896492862		
1495531686.49		581.08204593		573.599690975		596.248855129		
1495567924.32		581.286468625		573.750298514		596.601766122		
1495604162.16		581.488033354		573.901115526		596.955220429		
1495640400.0		581.697599823		574.052135814		597.309212939		
1495676637.84		581.920626175		574.203353493		597.663738833		
1495712875.68		582.123699466		574.357985411		598.018793568		
1495749113.51		582.33714629		574.51732712		598.374372864		
1495785351.35		582.558826148		574.671692167		598.730472689		
1495821589.19		582.778549456		574.830274446		599.08708925		
1495857827.03		582.998539664		575.006831575		599.444219032		
1495894064.86		583.218792159		575.183591858		599.801858626		
1495930302.7		583.433205214		575.360550921		600.160004883		
1495966540.54		583.644120326		575.534987575		600.51865485		
1496002778.38		583.860418977		575.680170879		600.877805758		
1496039016.22		584.075924994		575.826406885		601.237455014		
1496075254.05		584.29398039		575.976378667		601.597600195		
1496111491.89		584.503130601		576.126492729		601.958239035		
1496147729.73		584.712495895		576.278579148		602.319369419		
1496183967.57		584.933345247		576.41488828		602.680989379		
1496220205.41		585.156955295		576.557400715		603.043097082		
1496256443.24		585.393433006		576.700265261		603.405690827		
1496292681.08		585.616863716		576.84650376		603.768769035		
1496328918.92		585.836701469		576.992862535		604.132330248		
1496365156.76		586.056753413		577.144574429		604.49637312		
1496401394.59		586.277017476		577.29870078		604.860896431		
1496437632.43		586.497491655		577.45294994		605.225899026		
1496473870.27		586.718174069		577.607320028		605.59137986		
1496510108.11		586.939062941		577.761809266		605.957337986		
1496546345.95		587.160156592		577.918750579		606.323772542		
1496582583.78		587.380223531		578.076355637		606.690682754		
1496618821.62		587.594001896		578.234078948		607.058067924		
1496655059.46		587.8042186		578.39191904		607.425927433		
1496691297.3		588.014615962		578.54928581		607.794260732		
1496727535.14		588.223486347		578.700399503		608.163067343		
1496763772.97		588.430265812		578.862091818		608.53234685		
1496800010.81		588.637218478		579.017399962		608.902098903		
1496836248.65		588.844343207		579.172680842		609.27232321		
1496872486.49		589.05517213		579.328067378		609.643019536		
1496908724.32		589.267417884		579.483558569		610.0141877		
1496944962.16		589.47983935		579.639153472		610.384619664		
1496981200.0		589.698125596		579.793556603		610.755391923		
1497017437.84		589.925493781		579.94929051		611.12663256		
1497053675.68		590.153055991		580.105128155		611.498341574		
1497089913.51		590.372909906		580.26106867		611.870519008		
1497126151.35		590.589704197		580.434883345		612.243164946		
1497162389.19		590.802577681		580.594518113		612.61627951		
1497198627.03		591.024410828		580.751761882		612.989862857		
1497234864.86		591.246426295		580.909104592		613.363915182		
1497271102.7		591.468623581		581.067009326		613.738436713		
1497307340.54		591.691002216		581.227779476		614.113427708		
1497343578.38		591.923719918		581.388650489		614.488888458		
1497379816.22		592.157636588		581.549621875		614.864819281		
1497416054.05		592.391749868		581.715580509		615.241220524		
1497452291.89		592.626059434		581.884606878		615.618092561		
1497488529.73		592.860564991		582.032731262		615.995435792		
1497524767.57		593.095266265		582.185608822		616.37325064		
1497561005.41		593.330163005		582.342828013		616.751537548		
1497597243.24		593.565254985		582.500140319		617.130296984		
1497633481.08		593.800542004		582.657545422		617.509529437		
1497669718.92		594.036023879		582.816669934		617.889235417		
1497705956.76		594.271700448		582.976931498		618.269415452		
1497742194.59		594.507571569		583.137287897		618.648735572		
1497778432.43		594.73954847		583.297738883		619.027305599		
1497814670.27		594.967364365		583.458284225		619.40634549		
1497850908.11		595.191457164		583.618923707		619.785855819		
1497887145.95		595.414991486		583.779657128		620.165837175		
1497923383.78		595.627097846		583.940484298		620.546290163		
1497959621.62		595.838672129		584.101405044		620.927215402		
1497995859.46		596.063277929		584.262419201		621.308613524		
1498032097.3		596.299961991		584.423526619		621.690485176		
1498068335.14		596.535265165		584.585260491		622.072831019		
1498104572.97		596.759839969		584.74873088		622.455651722		
1498140810.81		596.984588069		584.90556991		622.838947967		
1498177048.65		597.209509458		585.06537464		623.222720451		
1498213286.49		597.434604144		585.225270272		623.606969877		
1498249524.32		597.665045955		585.385256707		623.991696962		
1498285762.16		597.898566434		585.533056848		624.376902432		
1498322000.0		598.13227285		585.674548087		624.762587023		
1498358237.84		598.366165268		585.825407926		625.14875148		
1498394475.68		598.60024376		585.981029647		625.535396556		
1498430713.51		598.836398652		586.137147624		625.922523015		
1498466951.35		599.074751445		586.283174002		626.310131628		
1498503189.19		599.313296545		586.437782316		626.698223173		
1498539427.03		599.552034064		586.600907852		627.081194339		
1498575664.86		599.79096412		586.761246183		627.453276006		
1498611902.7		600.029614853		586.925603549		627.825802069		
1498648140.54		600.255459914		587.0887532		628.195748411		
1498684378.38		600.481477252		587.250636043		628.565304968		
1498720616.22		600.70766697		587.412610195		628.935298667		
1498756854.05		600.934029177		587.574675637		629.30573018		
1498793091.89		601.160563985		587.723780193		629.676600189		
1498829329.73		601.387271512		587.870381847		630.047909378		
1498865567.57		601.614151877		588.051092531		630.41965844		
1498901805.41		601.834910119		588.223850056		630.791848073		
1498938043.24		602.053901967		588.386371798		631.164478979		
1498974281.08		602.29002042		588.548984799		631.537551869		
1499010518.92		602.526326027		588.711689066		631.911067456		
1499046756.76		602.76281896		588.874484611		632.285026459		
1499082994.59		603.002241251		589.037538719		632.659429603		
1499119232.43		603.247020277		589.194695255		633.034277616		
1499155470.27		603.486736143		589.345234035		633.409571234		
1499191708.11		603.723837094		589.495850732		633.785311193		
1499227945.95		603.950290879		589.64654536		634.161498236		
1499264183.78		604.176917551		589.79731794		634.53813311		
1499300421.62		604.412427049		589.948168493		634.92784019		
1499336659.46		604.657441087		590.099097042		635.334435887		
1499372897.3		604.902654698		590.250346737		635.74597737		
1499409135.14		605.14806809		590.420066564		636.15899274		
1499445372.97		605.393681477		590.575619789		636.572545778		
1499481610.81		605.633085288		590.736159302		636.986637501		
1499517848.65		605.872514763		590.896786925		637.40126893		
1499554086.49		606.112134192		591.057502701		637.816441089		
1499590324.32		606.351943772		591.218895329		638.232155008		
1499626562.16		606.591943703		591.381916037		638.648411719		
1499662800.0		606.832134186		591.545027214		639.06521226		
