1463461200.0		6.48714919914		3.31221037704		30.4173294994		
1463515949.55		2.94951499234		2.90636108205		3.00718040652		
1463570699.1		3.15426944633		3.11592308583		3.1870848297		
1463625448.65		3.36910454541		3.32854989567		3.40362383425		
1463680198.2		3.60084240499		3.55760153154		3.63673274647		
1463734947.75		3.88659262665		3.84055690045		3.92632709455		
1463789697.3		4.15327232508		4.10429378236		4.19547467218		
1463844446.85		4.46358098562		4.4110505646		4.50935805925		
1463899196.4		4.79518513337		4.73915353622		4.84443104778		
1463953945.95		5.13292674738		5.07299946141		5.18558845684		
1464008695.5		5.532235911		5.46795138495		5.58980198552		
1464063445.05		5.8162977853		5.74959579735		5.87808659793		
1464118194.59		6.08916972438		6.01879459135		6.15370692815		
1464172944.14		6.59013725139		6.51389484186		6.65984803549		
1464227693.69		7.01227302107		6.93124295609		7.08670252926		
1464282443.24		7.4257500423		7.33988890971		7.50448545723		
1464337192.79		7.93305951683		7.84198132957		8.01704026422		
1464391942.34		8.4301152097		8.33398520007		8.51939297781		
1464446691.89		8.97703331081		8.87514075879		9.07147954731		
1464501441.44		9.56630539044		9.4551330063		9.66582758072		
1464556190.99		10.1578310333		10.0402951427		10.2632121405		
1464610940.54		10.8182934926		10.6930759127		10.9295098445		
1464665690.09		11.4914752388		11.3592998824		11.6099751208		
1464720439.64		12.1961820913		12.0566085535		12.3224089106		
1464775189.19		13.01119188		12.8629259657		13.1464162469		
1464829938.74		13.7708586939		13.6154834405		13.9138433148		
1464884688.29		14.642527651		14.4780454295		14.7943211673		
1464939437.84		15.5593220668		15.385895314		15.7199299079		
1464994187.39		16.4206232898		16.2405381497		16.5903646313		
1465048936.94		17.4227984274		17.2342753408		17.6025791923		
1465103686.49		18.8408081697		18.6401533855		19.0347014473		
1465158436.04		20.6115322666		20.3951937763		20.8218522797		
1465213185.59		22.5207793113		22.2862439643		22.7479607157		
1465267935.14		24.474186002		24.2246912163		24.7223217554		
1465322684.68		26.7436376699		26.4756037963		27.0124935954		
1465377434.23		29.1901387669		28.9047504311		29.4855141876		
1465432183.78		31.8120983324		31.4944928318		32.1337317425		
1465486933.33		34.6176561419		34.2753994087		34.9657184249		
1465541682.88		37.6199244554		37.2486315715		37.9908180656		
1465596432.43		40.8193067147		40.4244980181		41.2195085788		
1465651181.98		44.2286615244		43.8077913741		44.6613112408		
1465705931.53		47.8599473322		47.4065854309		48.3259425232		
1465760681.08		51.7183885368		51.217784203		52.2162128491		
1465815430.63		55.7890066573		55.2647330942		56.3342043333		
1465870180.18		60.0816895962		59.512213302		60.6545819648		
1465924929.73		64.4937064156		63.8919227647		65.1133021558		
1465937519.0		65.5389754315		64.9312812458		66.1677501962		
1465937520.0		65.539059613		64.9313652243		66.1678353418		
1465937521.0		65.5391437946		64.9314492031		66.1679204876		
1465979679.28		34.5385573494		33.6737310166		35.7516608121		
1466034428.83		35.1674256733		34.3956575255		36.2390312898		
1466089178.38		36.2709008606		35.4878654033		37.356121394		
1466143927.93		37.4021299817		36.5960464212		38.5158409147		
1466198677.48		38.5536663957		37.7350899773		39.6813259443		
1466253427.03		39.7321250159		38.8979961637		40.8681670315		
1466308176.58		40.9258088373		40.0705365582		42.0778959006		
1466362926.13		42.1297784176		41.2553289212		43.2930068997		
1466417675.68		43.3390131163		42.4531538386		44.515742526		
1466472425.23		44.5759598782		43.6755294188		45.75347053		
1466527174.77		45.8335121496		44.9107292655		47.023088439		
1466581924.32		49.1313606047		48.1659939143		50.379426107		
1466636673.87		52.9163513619		51.8963200899		54.2392667404		
1466691423.42		56.9073124606		55.8358953185		58.3270412132		
1466746172.97		61.1153941657		60.0054985122		62.6061724854		
1466800922.52		65.5530309201		64.3951762103		67.1087902439		
1466855672.07		70.204727446		68.9890682987		71.8086692677		
1466910421.62		75.0657437726		73.7919019639		76.7454031436		
1466965171.17		80.1441273979		78.8109102745		81.8787438862		
1467019920.72		85.4170939099		84.0474740835		87.2241399767		
1467074670.27		90.8616394237		89.4357958925		92.7348332365		
1467129419.82		89.0165634856		87.6675151115		90.787010661		
1467184169.37		102.243399259		100.712247591		104.221739109		
1467238918.92		108.220620289		106.610415443		110.232370665		
1467293668.47		106.926048413		105.338673628		108.825131661		
1467348418.02		120.395278148		118.620481189		122.477805224		
1467403167.57		126.63043954		124.82667815		128.762863452		
1467457917.12		132.90950834		131.064621272		135.099385708		
1467512666.67		139.212359568		137.274209217		141.419816545		
1467567416.22		145.465600714		143.428561885		147.746915657		
1467622165.77		151.733833967		149.591085432		154.037368074		
1467676915.32		157.979177886		155.746880646		160.28508465		
1467731664.86		164.177011445		161.888191585		166.470507953		
1467786414.41		170.246848585		167.945672692		172.543901229		
1467841163.96		176.210751003		173.90367689		178.509372196		
1467895913.51		182.065020839		179.726133407		184.345611306		
1467950663.06		187.8731709		185.459188898		190.186442751		
1468005412.61		193.296647105		190.677892847		195.557823892		
1468060162.16		198.627544464		195.935777834		200.885932013		
1468114911.71		203.782421351		200.972756146		206.022634163		
1468169661.26		208.707305564		205.812638505		211.008326395		
1468224410.81		213.43099502		210.388412189		215.756110938		
1468279160.36		217.997764344		214.882335481		220.416601761		
1468333909.91		222.414127575		219.277781538		224.850327094		
1468388659.46		226.612955572		223.347723808		229.06858131		
1468443409.01		230.605622183		227.219953947		233.105036992		
1468498158.56		250.9238018		247.204089432		253.637867378		
1468552908.11		254.708472066		250.769771274		257.394359039		
1468597799.0		257.646598051		253.524560168		260.353162851		
1468597800.0		257.646659845		253.524619413		260.353228028		
1468597801.0		257.646721639		253.524678659		260.353293206		
1468607657.66		165.905314465		158.174817798		178.630227601		
1468662407.21		138.099146701		133.79005631		142.771880828		
1468717156.76		144.261693269		140.232582603		148.226948906		
1468771906.31		151.020103567		147.091137325		154.98175604		
1468826655.86		157.836520512		153.929070399		161.777493711		
1468881405.41		164.62621847		160.778820762		168.455717479		
1468936154.95		171.346909329		167.643050364		175.050717855		
1468990904.5		176.195482532		172.599373543		179.662456654		
1469045654.05		182.813585735		179.307819033		186.049876937		
1469100403.6		189.485415184		186.097187887		192.573338178		
1469155153.15		195.955348475		192.702425022		198.848868688		
1469209902.7		181.869401342		179.154519125		184.333959925		
1469264652.25		187.114224064		184.52927462		189.384017612		
1469319401.8		192.046216255		189.586484029		194.229573965		
1469374151.35		196.844252524		194.541727038		198.960733235		
1469428900.9		201.44576563		199.331921218		203.56965359		
1469483650.45		205.993386823		203.894416857		208.007765122		
1469538400.0		210.296555806		208.197829076		212.245460845		
1469593149.55		205.127098722		203.042687685		206.941901281		
1469647899.1		208.880770803		206.834957293		210.62040809		
1469702648.65		212.519986447		210.377383456		214.156992657		
1469757398.2		220.964989124		218.799293929		222.696527888		
1469812147.75		224.328955112		222.197995606		226.069055097		
1469866897.3		241.543605963		239.11461398		243.377789118		
1469921646.85		244.711374867		242.181500495		246.583885426		
1469976396.4		247.782921591		245.05051364		249.609776171		
1470031145.95		250.622106626		247.607649965		252.456721069		
1470085895.5		237.99347846		234.99434425		239.717351384		
1470140645.05		255.982512881		252.609133895		257.865227139		
1470195394.59		240.216708286		237.093211103		241.930965625		
1470250144.14		242.640790526		239.518123143		244.313461752		
1470304893.69		244.896033858		241.926486988		246.577495198		
1470359643.24		246.547698847		243.549290021		248.248470557		
1470414392.79		248.773873119		245.907038993		250.478366955		
1470469142.34		250.714196707		247.902814384		252.40732015		
1470523891.89		249.755760704		247.082892453		251.433248468		
1470578641.44		251.559237239		248.911293338		253.231314234		
1470633390.99		253.338999845		250.717986889		254.990163992		
1470688140.54		255.050923705		252.486168392		256.707540269		
1470742890.09		276.151012764		273.40370047		277.901321981		
1470797639.64		277.553097455		274.898471676		279.272348671		
1470852389.19		277.818465589		275.209785503		279.503010822		
1470907138.74		277.942264478		275.372288707		279.609784484		
1470961888.29		278.248783423		275.896481289		279.83306075		
1471016637.84		278.755868252		276.740835455		280.331640877		
1471071387.39		279.363654049		277.623881245		280.876235128		
1471126136.94		279.941728103		278.39762105		281.405876113		
1471180886.49		280.506913028		279.130643707		281.958752067		
1471235636.04		281.078364547		279.78066616		282.498591907		
1471290385.59		281.613296095		280.350059489		283.126905105		
1471345135.14		282.172556059		280.867269977		283.723128268		
1471399884.68		282.734811017		281.374347668		284.298902705		
1471454634.23		283.246994478		281.782993962		284.885958738		
1471509383.78		283.852935604		282.245687433		285.575782552		
1471564133.33		284.35844986		282.659077482		286.285865258		
1471618882.88		284.87525056		283.112877644		286.912797457		
1471673632.43		285.322885639		283.520856941		287.475043076		
1471728381.98		285.768886749		283.921344898		288.126424177		
1471783131.53		286.196215346		284.260120982		288.714635324		
1471837881.08		286.666061659		284.7049166		289.332756663		
1471879999.0		287.140118255		285.165681151		289.887966943		
1471880000.0		287.140144572		285.165704675		289.887993219		
1471880001.0		287.140170889		285.1657282		289.888019495		
1471892630.63		287.752236384		285.869389169		290.170313936		
1471947380.18		273.984175835		272.682161817		275.580667379		
1472002129.73		261.231191426		259.878075022		262.668452746		
1472056879.28		246.62325125		244.72452844		248.231174723		
1472111628.83		240.062482837		238.10192248		241.70447001		
1472166378.38		231.4244756		229.515749373		233.088435029		
1472221127.93		207.030253569		205.288839487		208.542024448		
1472275877.48		216.148577208		214.266565123		217.707229462		
1472330627.03		209.326887765		207.527979284		210.885214423		
1472385376.58		203.013774873		201.275800102		204.540193573		
1472440126.13		197.136509248		195.419741821		198.62630943		
1472494875.68		191.650254921		190.026530324		193.103602059		
1472549625.23		186.53641084		184.91618952		187.940050942		
1472604374.77		181.725710444		180.149592703		183.105559643		
1472659124.32		177.212838758		175.626286587		178.556905409		
1472713873.87		172.980801512		171.366102978		174.227086807		
1472768623.42		168.955688993		167.341094058		170.16240248		
1472799999.0		166.726726674		165.128130266		167.943824133		
1472800000.0		166.726655873		165.128059804		167.943753627		
1472800001.0		166.726585072		165.127989342		167.943683122		
1472823372.97		164.860535183		163.396050766		166.073467929		
1472878122.52		168.206950364		166.854478333		169.365794948		
1472932872.07		174.492132429		173.179736026		175.676889983		
1472987621.62		180.760659276		179.537208892		181.917244824		
1473042371.17		186.951094335		185.770680908		188.126570611		
1473097120.72		193.282641453		192.149066841		194.480319755		
1473151870.27		199.30671737		198.162196306		200.486373857		
1473206619.82		205.322384788		204.213436679		206.49181065		
1473261369.37		211.257251066		210.114595131		212.445786904		
1473316118.92		217.041324902		215.838797461		218.266003082		
1473370868.47		222.678088401		221.441380157		223.921393615		
1473425618.02		228.121973391		226.841537472		229.407876451		
1473480367.57		233.392186243		232.102896897		234.762445153		
1473535117.12		238.55247407		237.278267621		240.043048084		
1473589866.67		243.550469569		242.277506178		245.154302882		
1473644616.22		248.381452371		247.113747432		250.110030788		
1473699365.77		253.08776048		251.830541426		254.89882945		
1473754115.32		257.639770226		256.355614262		259.43901061		
1473808864.86		262.400517051		261.116931027		264.212948775		
1473863614.41		266.890817303		265.667317522		268.529394981		
1473918363.96		270.677046996		269.4214104		272.147276873		
1473973113.51		274.618720061		273.373708066		276.208004978		
1474027863.06		278.436097732		277.178577704		280.10549958		
1474082612.61		273.30657874		272.086462213		274.978916448		
1474137362.16		276.719253547		275.506250862		278.438270056		
1474192111.71		280.055295495		278.836133395		281.773466315		
1474246861.26		283.226225317		281.990391223		284.959727305		
1474301610.81		286.277797571		285.037616552		288.045304358		
1474356360.36		289.200635716		287.960077984		291.002736814		
1474411109.91		289.991833183		288.754097636		291.80417978		
1474465859.46		292.788919004		291.53347591		294.626048495		
1474520609.01		294.277708604		293.016915172		296.144988462		
1474575358.56		297.386339804		296.095637231		299.263153286		
1474630108.11		300.372185398		299.087289509		302.277876174		
1474684857.66		298.459018771		297.173588827		300.357224844		
1474739607.21		300.905739946		299.572530632		302.807446675		
1474794356.76		303.206054063		301.854197379		305.116365698		
1474849106.31		305.379007266		303.998450484		307.302847285		
1474903855.86		312.246717891		310.838117939		314.211767842		
1474958605.41		309.405814455		308.006318189		311.357415315		
1475013354.95		311.32043641		309.905921547		313.281380647		
1475068104.5		313.12575922		311.713938127		315.123515709		
1475122854.05		315.147187519		313.755987725		317.15147973		
1475177603.6		332.413303704		330.935483023		334.543971897		
1475179999.0		316.927695537		315.534829186		318.951318589		
1475180000.0		316.927406315		315.534568324		318.951019031		
1475180001.0		316.927117093		315.534307463		318.950719473		
1475232353.15		301.590274461		300.46297126		303.090459982		
1475287102.7		276.807735293		275.90703774		278.128792972		
1475341852.25		272.544043787		271.547901062		273.553948382		
1475396601.8		266.486980189		265.077116436		267.616969971		
1475451351.35		262.998964346		261.3626657		264.2754461		
1475506100.9		259.670837894		257.80777248		261.228897359		
1475560850.45		253.617107859		251.467124611		255.32777939		
1475615600.0		250.110950871		247.723719012		252.056864337		
1475670349.55		249.614831391		246.909670398		251.748506616		
1475679999.0		249.132203885		246.402515407		251.296669766		
1475680000.0		249.132379714		246.402691663		251.296841806		
1475680001.0		249.132555543		246.402867919		251.297013845		
1475725099.1		257.06198156		254.409514597		259.19312322		
1475779848.65		266.349671457		263.817028325		268.442352089		
1475834598.2		275.568593367		273.147830182		277.581766052		
1475889347.75		284.123271671		281.83459119		286.034661611		
1475944097.3		291.781508046		289.591996928		293.655655839		
1475998846.85		299.313859046		297.171619702		301.034952063		
1476053596.4		306.487216655		304.572793276		308.144831333		
1476108345.95		313.446984405		311.618908244		315.03834879		
1476163095.5		320.137769781		318.456454209		321.629708944		
1476217845.05		326.558401817		325.015751661		328.024626351		
1476272594.59		332.706546919		331.229971853		334.112896		
1476327344.14		338.2019306		336.738454195		339.500037082		
1476382093.69		342.863740777		341.442807773		344.150539518		
1476436843.24		347.82544001		346.465190012		349.103427485		
1476491592.79		352.52687641		351.219961625		353.974807719		
1476546342.34		357.499597982		356.195611138		358.994875047		
1476601091.89		362.205832001		360.941391275		363.726931668		
1476655841.44		366.70031039		365.47323423		368.288426336		
1476710590.99		370.966967477		369.783886623		372.684129473		
1476765340.54		375.028008818		373.823419008		376.743235799		
1476820090.09		378.826943959		377.628515248		380.502385687		
1476874839.64		382.481633436		381.258625965		384.184905669		
1476929589.19		385.904173526		384.652309		387.607784175		
1476984338.74		388.983414469		387.69381424		390.694031312		
1477039088.29		391.471729469		390.17574823		393.223207257		
1477093837.84		393.843700017		392.513803129		395.57341003		
1477148587.39		396.116524623		394.80186286		397.834663788		
1477203336.94		398.275882048		396.967827633		399.997834422		
1477258086.49		400.354986642		399.024737388		402.097581022		
1477312836.04		402.328521516		400.967686546		404.065424695		
1477367585.59		404.184165672		402.812975161		405.953137385		
1477422335.14		405.986181275		404.582217177		407.803944449		
1477477084.68		407.68943299		406.261571586		409.551476835		
1477531834.23		409.345412987		407.906043532		411.264201308		
1477586583.78		410.771402821		409.303354475		412.680368183		
1477641333.33		412.407372955		410.923743583		414.334616789		
1477696082.88		413.827850328		412.323615773		415.800460082		
1477750832.43		415.22504928		413.711726458		417.224339679		
1477805581.98		416.599475582		415.092695807		418.598757721		
1477860331.53		417.90800525		416.391716968		419.890300927		
1477915081.08		419.168652953		417.640962139		421.151151826		
1477969830.63		420.392405691		418.861698983		422.384819617		
1478024580.18		421.581044963		420.036902295		423.564371953		
1478079329.73		422.744136294		421.179034914		424.720493881		
1478134079.28		423.886412852		422.321554929		425.871498421		
1478188828.83		424.998299429		423.443564756		427.001193946		
1478243578.38		426.080733158		424.533215017		428.08990237		
1478298327.93		427.166189739		425.613260179		429.193743913		
1478353077.48		428.217255466		426.665294055		430.244542046		
1478407827.03		429.260246294		427.710063916		431.301668774		
1478462576.58		430.281494449		428.703684208		432.303087255		
1478517326.13		431.267421155		429.696814751		433.332747473		
1478572075.68		432.26970824		430.695716002		434.336676987		
1478626825.23		433.253982722		431.672826912		435.316422098		
1478681574.77		434.219680887		432.653058494		436.291332693		
1478736324.32		435.176062172		433.609742913		437.294381934		
1478791073.87		436.125255		434.55843119		438.223439875		
1478845823.42		437.069334196		435.498186089		439.163513471		
1478900572.97		438.013072915		436.437976574		440.117530194		
1478955322.52		438.957606138		437.376831651		441.050867286		
1479010072.07		439.88364247		438.298125432		441.983209845		
1479064821.62		440.811808771		439.232476982		442.919525557		
1479119571.17		441.733400461		440.147664129		443.839530398		
1479174320.72		442.64662774		441.063308354		444.759105111		
1479229070.27		443.547653417		441.975452993		445.676975827		
1479283819.82		444.441749886		442.860603849		446.555882643		
1479338569.37		445.34146923		443.767476444		447.460121138		
1479393318.92		446.229599228		444.670567982		448.359455302		
1479448068.47		447.119795977		445.573044147		449.260431813		
1479502818.02		448.024206517		446.504539503		450.176554785		
1479557567.57		448.91715485		447.397320721		451.072691215		
1479612317.12		449.82005907		448.299904498		451.914208132		
1479667066.67		450.69935785		449.169373765		452.794388563		
1479721816.22		451.583625321		450.044524908		453.676789968		
1479772378.0		439.698865875		438.214286969		441.661367821		
1479772379.0		439.698885076		438.214305605		441.661386841		
1479772380.0		439.698904277		438.21432424		441.66140586		
1479776565.77		410.729409746		406.411149888		415.774111701		
1479831315.32		360.538026334		355.515944212		365.648602982		
1479886064.86		376.576096799		371.840373223		381.660970604		
1479940814.41		382.440239079		377.978269266		387.317477558		
1479995563.96		388.095047852		383.800313481		392.690221637		
1480050313.51		393.481394029		389.445726672		397.799684845		
1480105063.06		398.60321332		394.80117705		402.668260114		
1480159812.61		403.487363064		399.907684671		407.355086575		
1480214562.16		408.174705849		404.779157809		411.822015425		
1480269311.71		412.595543561		409.434537323		416.050991453		
1480324061.26		416.820624477		413.808693556		420.098921206		
1480344348.0		417.976382365		415.027297351		421.172768307		
1480344349.0		417.9763389		415.027251832		421.172717658		
1480344350.0		417.976295435		415.027206312		421.172667009		
1480378810.81		416.040187031		413.272022788		418.931796139		
1480433560.36		413.023706042		410.539100247		415.556828872		
1480488309.91		410.368757915		407.886249558		412.719202644		
1480543059.46		407.978497729		405.520487905		410.199005643		
1480597809.01		405.692974376		403.227314609		408.149686554		
1480652558.56		403.695208861		401.041794038		406.469345581		
1480707308.11		401.892815255		399.056000033		404.902393756		
1480762057.66		400.242201515		397.188204454		403.663382895		
1480816807.21		398.664322486		395.496149901		402.467818514		
1480871556.76		397.350883796		393.974202954		401.51151855		
1480926306.31		396.394763255		392.821175191		400.922484126		
1480926699.0		396.435844072		392.862729381		400.962003806		
1480926700.0		396.435948295		392.862835364		400.962104453		
1480926701.0		396.436052518		392.862941348		400.962205101		
1480981055.86		402.144216493		398.761263447		406.405868846		
1481035805.41		407.651701651		404.487356488		411.70838197		
1481090554.95		412.911993037		409.938005816		416.740882219		
1481145304.5		417.942700791		415.117009268		421.38487841		
1481200054.05		422.764884026		420.010846913		425.919162365		
1481254803.6		427.336152964		424.699691475		430.364181069		
1481309553.15		431.547422289		429.09969941		434.445595117		
1481364302.7		435.601656473		433.279214612		438.315021074		
1481419052.25		439.420739452		437.233473991		441.911341582		
1481473801.8		443.131089805		441.007231292		445.452264103		
1481528551.35		446.617209731		444.538925516		448.821713527		
1481583300.9		449.739111068		447.71869652		451.783910721		
1481638050.45		452.35227043		450.385868495		454.30961725		
1481692800.0		454.814875225		452.876105216		456.776482982		
1481747549.55		457.299649072		455.37316054		459.15883558		
1481802299.1		459.729095423		457.771205992		461.518915651		
1481857048.65		461.962868323		459.879380951		463.715816251		
1481911798.2		464.118229254		461.918510371		465.872811671		
1481966547.75		466.215697556		463.881001843		467.924138299		
1482021297.3		468.130333034		465.785801161		469.826567543		
1482076046.85		470.080165875		467.679247771		471.714473459		
1482130796.4		471.960335874		469.564761801		473.572930142		
1482168544.0		472.50504712		470.113705598		474.055563766		
1482168545.0		472.504635738		470.113384708		474.05518556		
1482168546.0		472.504224358		470.113063819		474.054807355		
1482185545.95		466.446684487		464.542267281		467.933276998		
1482240295.5		448.186406092		445.823654467		450.506857114		
1482295045.05		432.015063946		428.349718586		436.754737927		
1482349794.59		417.779829873		412.53738569		424.368590209		
1482359159.0		416.044811359		410.600014388		422.819036145		
1482359160.0		416.044905899		410.600116454		422.819126034		
1482359161.0		416.045000439		410.60021852		422.819215923		
1482404544.14		420.693923311		415.530831146		427.102109397		
1482459293.69		426.222216196		421.429594841		432.303687509		
1482514043.24		431.513025785		427.100083921		437.170415456		
1482568792.79		436.581772763		432.415075975		441.768231561		
1482623542.34		441.509246015		437.471721322		446.107287062		
1482678291.89		446.077384716		442.140594684		450.182173595		
1482733041.44		450.37240441		446.610799973		454.133747298		
1482787790.99		454.33140146		450.913695322		457.800357175		
1482842540.54		458.183983692		454.888472594		461.286281764		
1482897290.09		461.793103175		458.702177717		464.637695977		
1482952039.64		462.742917114		459.816093537		465.365835911		
1483006789.19		466.154289495		463.438538952		468.650759904		
1483061538.74		469.533978719		466.857877532		471.895046346		
1483116288.29		472.75398687		470.107390648		474.998967491		
1483171037.84		475.685735175		473.013696855		477.864894534		
1483225787.39		478.535558298		475.808674851		480.609317076		
1483280536.94		481.251359662		478.447139473		483.241218196		
1483335286.49		483.819078302		481.03571858		485.810700796		
1483390036.04		486.280719516		483.501678063		488.250309429		
1483444785.59		488.654468508		485.842961663		490.568442121		
1483499535.14		490.863602111		488.125871375		492.781690955		
1483554284.68		492.99074307		490.305259091		494.892864267		
1483609034.23		495.030670315		492.302360152		496.935540449		
1483663783.78		496.974986997		494.243468464		498.85222693		
1483718533.33		498.871148357		496.126372178		500.764501011		
1483773282.88		500.771295477		498.020678985		502.649205812		
1483828032.43		502.592946446		499.7261372		504.494204359		
1483882781.98		504.334343623		501.456042163		506.25582117		
1483937531.53		506.017582653		503.088116202		507.989872226		
1483992281.08		507.717379923		504.67576839		509.691502868		
1484047030.63		509.414242609		506.29074916		511.438875538		
1484101780.18		510.939468067		507.742695971		513.063064758		
1484156529.73		512.384245773		509.240276554		514.580586052		
1484211279.28		513.809779439		510.625516681		516.039437102		
1484266028.83		515.178414599		511.947030838		517.485355925		
1484320778.38		516.445088883		513.199338776		518.794737223		
1484375527.93		517.714655911		514.391504134		520.12221919		
1484430277.48		519.000107983		515.569806804		521.462396271		
1484485027.03		520.300279181		516.824834303		522.807245644		
1484539776.58		521.512181765		517.957464163		524.065392721		
1484594526.13		522.674235416		519.059246685		525.267579209		
1484649275.68		523.809241376		520.146899419		526.464115941		
1484704025.23		525.034217189		521.323453394		527.756078921		
1484758774.77		526.178830149		522.440568359		528.935483642		
1484813524.32		417.575011727		414.578966211		419.813347411		
1484868273.87		418.470870221		415.432829502		420.754095638		
1484923023.42		419.39274428		416.321792122		421.693414902		
1484977772.97		502.148875926		498.428012385		504.935136208		
1485032522.52		503.324271242		499.554456364		506.133887477		
1485087272.07		504.395997712		500.586903906		507.214109698		
1485142021.62		505.478762769		501.633088523		508.343056121		
1485196771.17		506.508250115		502.614962478		509.440113718		
1485251520.72		492.437664622		488.593545104		495.308728183		
1485306270.27		475.179693488		471.466983221		477.958281022		
1485361019.82		476.806945669		473.028166546		479.633155512		
1485415769.37		479.539213		475.674952243		482.412180417		
1485470518.92		403.650385827		400.368426354		406.106622686		
1485525268.47		405.901603689		402.578246442		408.421021245		
1485580018.02		408.09231358		404.693375163		410.640484746		
1485634767.57		410.145250273		406.702540762		412.734800194		
1485689517.12		412.153796818		408.679275104		414.778294916		
1485744266.67		414.078804789		410.573250505		416.759641722		
1485799016.22		415.942556598		412.40418302		418.660376827		
1485853765.77		479.827128141		475.731387544		483.026631719		
1485908515.32		481.74886641		477.631411951		484.999345739		
1485951099.0		483.223561547		479.073537267		486.520215409		
1485951100.0		483.223596076		479.073571341		486.52025081		
1485951101.0		483.223630605		479.073605415		486.520286211		
1485963264.86		459.72054077		454.77293119		463.897461748		
1486018014.41		448.826661202		442.072719844		457.52486956		
1486072763.96		462.501568621		456.136108109		470.510974257		
1486127513.51		466.315574656		460.431802823		473.069664669		
1486182263.06		469.793904696		464.444156842		475.262986661		
1486237012.61		473.275668501		468.257956608		477.603605481		
1486291762.16		476.353738301		471.9130957		480.265351063		
1486346511.71		478.928704912		475.239162672		482.993750584		
1486401261.26		481.580774975		478.147204947		485.660280721		
1486456010.81		484.557119434		480.461826097		488.405294002		
1486510760.36		487.480405537		482.927967561		491.196396577		
1486565509.91		490.178761371		485.810484724		493.737864279		
1486620259.46		492.761081836		488.633118448		496.118863791		
1486675009.01		495.182808986		491.372520907		498.418464927		
1486729758.56		497.50012801		493.747960836		500.665144832		
1486784508.11		499.694838443		496.09569108		502.818910839		
1486839257.66		501.885555208		498.361642918		504.928845422		
1486894007.21		504.087706555		500.585270853		507.065473299		
1486948756.76		506.242873872		502.644921506		509.205191697		
1487003506.31		508.235868227		504.55711665		511.180817678		
1487058255.86		510.208503743		506.364203802		513.027198887		
1487113005.41		512.065321495		508.137595241		514.897476709		
1487167754.95		513.951475175		509.925497993		516.779009496		
1487222504.5		515.771927071		511.6473605		518.699906816		
1487277254.05		518.458211404		514.119853104		521.380862009		
1487332003.6		520.058959179		515.634038578		522.995508634		
1487386753.15		521.578503425		517.11492837		524.408213162		
1487441502.7		523.0228573		518.527505236		525.837576188		
1487496252.25		524.470850979		519.994987903		527.309087407		
1487551001.8		525.892845638		521.407961446		528.665565461		
1487605751.35		527.227783633		522.845957824		529.949993227		
1487660500.9		528.510960513		524.251298606		531.17963263		
1487715250.45		529.743932642		525.5610722		532.435878495		
1487770000.0		530.935223782		526.814229479		533.588519309		
1487824749.55		532.171732794		528.050961913		534.775104729		
1487879499.1		533.305179557		529.227445171		535.848321444		
1487934248.65		534.307911772		530.15691915		536.839137462		
1487988998.2		535.183925745		531.197688251		537.771992476		
1488043747.75		536.044528395		532.058304443		538.627241379		
1488098497.3		536.903140609		532.728449577		539.476756497		
1488153246.85		537.676708697		533.575166927		540.33317415		
1488207996.4		538.404547909		534.235135863		541.151634431		
1488262745.95		539.211679147		535.079825929		541.975619884		
1488317495.5		539.979613504		535.689982777		542.691794338		
1488372245.05		540.696912251		536.197539604		543.325656856		
1488426994.59		541.414725809		536.808849845		544.083715643		
1488481744.14		542.119494923		537.412064603		544.808951651		
1488536493.69		542.663668712		537.894704369		545.474919425		
1488591243.24		543.22298644		538.408766316		546.08399176		
1488645992.79		543.787177776		538.906841545		546.690108026		
1488700742.34		544.192131444		539.276543938		547.120396497		
1488755491.89		544.264976005		539.330617099		547.225366933		
1488810241.44		543.596335536		538.631671808		546.525584377		
1488864990.99		544.364540215		539.401711177		547.284165989		
1488919740.54		545.069600623		540.104336898		547.968081415		
1488974490.09		545.764027573		540.798804899		548.638095454		
1489029239.64		546.468088031		541.524705641		549.345269428		
1489083989.19		547.857975859		542.90830546		550.775277013		
1489138738.74		548.671472233		543.71196615		551.659563596		
1489193488.29		549.17522156		544.281852656		552.160482346		
1489248237.84		549.754178135		544.909696815		552.75990235		
1489302987.39		550.322546272		545.518740029		553.292876674		
1489357736.94		550.823376906		546.04076391		553.7249888		
1489412486.49		551.187454861		546.434467932		554.050962273		
1489467236.04		551.57073814		546.852042129		554.412642445		
1489521985.59		551.894402993		547.213245498		554.74152833		
1489576735.14		552.262833577		547.650656038		555.116101869		
1489631484.68		552.65105817		548.116930096		555.468562201		
1489686234.23		552.995775561		548.492090289		555.777337844		
1489740983.78		553.244599167		548.769961874		555.990406028		
1489795733.33		553.581431605		549.125150967		556.282301953		
1489850482.88		553.869111958		549.436188156		556.536527046		
1489905232.43		554.037826038		549.668127219		556.672443364		
1489959981.98		554.259144996		549.935068846		556.845590656		
1490014731.53		554.504827035		550.303288286		557.045174702		
1490069481.08		554.703709947		550.559259099		557.187665695		
1490124230.63		554.936446794		550.901962885		557.406752228		
1490178980.18		555.108282551		551.149533224		557.549333672		
1490233729.73		555.282329615		551.41401277		557.721970907		
1490288479.28		555.566294886		551.805454464		558.029159888		
1490343228.83		555.752874433		552.11058834		558.196790671		
1490397978.38		555.997151224		552.441365961		558.41675272		
1490452727.93		556.192717473		552.730458026		558.661235763		
1490507477.48		556.424421358		553.001157611		558.847359663		
1490562227.03		556.660010959		553.268325724		559.031255544		
1490616976.58		556.855120851		553.564323102		559.183582871		
1490671726.13		557.165703512		554.216872331		559.518006041		
1490726475.68		557.486883264		554.760243671		559.797944837		
1490781225.23		557.724341735		555.24565407		559.980682035		
1490835974.77		558.236209686		555.911721396		560.397408719		
1490890724.32		558.570079918		556.512709511		560.629996573		
1490945473.87		558.923658928		556.932717615		560.898434648		
1491000223.42		559.428831676		557.414614255		561.434791292		
1491054972.97		559.99900269		557.959370118		561.926438955		
1491109722.52		560.553821662		558.39343108		562.597928321		
1491164472.07		560.859474569		558.677673058		563.100967048		
1491219221.62		561.097104835		558.898854468		563.420841209		
1491273971.17		561.370837748		559.149235139		563.90811971		
1491328720.72		561.65094586		559.457316322		564.345296387		
1491383470.27		561.958069715		559.762526213		564.692932848		
1491438219.82		562.234111648		560.041024875		565.029551695		
1491492969.37		560.72732062		558.53900318		563.565518541		
1491547718.92		560.950646927		558.743855725		563.755794481		
1491602468.47		561.327552322		559.108506862		564.160720687		
1491657218.02		561.681300205		559.445718351		564.51363448		
1491711967.57		561.990467089		559.769172267		564.934965519		
1491766717.12		562.258600369		560.066794463		565.228772501		
1491821466.67		562.694744999		560.493248228		565.696863663		
1491876216.22		563.027605145		560.782761101		566.133198677		
1491930965.77		563.309491004		561.009287411		566.470476396		
1491985715.32		563.506628339		561.241212849		566.813515494		
1492040464.86		563.783145609		561.517924273		567.157407944		
1492095214.41		564.39173897		562.090874229		567.791268693		
1492149963.96		565.582786855		563.173047796		569.026897076		
1492204713.51		565.76493027		563.315267009		569.251920124		
1492259463.06		565.891874973		563.390233667		569.46998443		
1492314212.61		566.160067302		563.576876914		569.84130443		
1492368962.16		566.366892522		563.74470192		570.102878067		
1492423711.71		566.504486984		563.815617945		570.255068304		
1492478461.26		566.744902146		564.020613756		570.558961008		
1492533210.81		566.807341761		564.056025223		570.683896281		
1492587960.36		567.042103355		564.250160849		571.038161268		
1492642709.91		567.330738322		564.47228642		571.459527761		
1492697459.46		567.679949954		564.724268451		571.905332448		
1492752209.01		568.072508891		565.034544029		572.384380654		
1492806958.56		568.379132476		565.26491712		572.743624238		
1492861708.11		568.617025674		565.363746808		573.031081979		
1492916457.66		568.831959882		565.50452371		573.35703904		
1492971207.21		569.112143141		565.728802165		573.710266738		
1493025956.76		569.198636073		565.675121114		573.833828321		
1493080706.31		569.383691325		565.772509943		574.080158484		
1493135455.86		569.638720512		565.935439603		574.42743198		
1493190205.41		569.842508788		566.074174376		574.756017389		
1493244954.95		570.061097789		566.231804361		575.104716339		
1493299704.5		570.099253825		566.211467419		575.249519924		
1493354454.05		570.142554822		566.164323749		575.391898169		
1493409203.6		570.199338605		566.135810465		575.579560161		
1493463953.15		570.388145416		566.220626579		575.937319248		
1493518702.7		570.526596566		566.261985064		576.213782925		
1493573452.25		570.752427481		566.350873804		576.529174722		
1493628201.8		570.948428498		566.476686188		576.812062931		
1493682951.35		571.332890412		566.752780331		577.270425705		
1493737700.9		571.729754472		567.030302637		577.778818945		
1493792450.45		572.048909906		567.276941182		578.220133741		
1493847200.0		572.364508671		567.50399056		578.670672343		
1493901949.55		572.677517511		567.712324188		579.136684129		
1493956699.1		572.991280151		567.91281278		579.594456304		
1494011448.65		573.250099051		568.071666127		580.000506061		
1494066198.2		573.586211522		568.31157674		580.467297643		
1494120947.75		573.907841326		568.516357888		580.869867429		
1494175697.3		574.262573343		568.782955127		581.320539577		
1494230446.85		574.584745733		569.018350655		581.786639228		
1494285196.4		574.85716467		569.180488917		582.209575315		
1494339945.95		575.068170799		569.25426837		582.509548569		
1494394695.5		575.293872611		569.384165085		582.817049236		
1494449445.05		575.526015919		569.494222541		583.133367502		
1494504194.59		575.770618715		569.62284897		583.457908767		
1494558944.14		575.993042613		569.784729824		583.866054442		
1494613693.69		576.238475539		569.946232743		584.282511128		
1494668443.24		576.510616888		570.068334983		584.700566513		
1494723192.79		576.799438532		570.195560604		585.123839377		
1494777942.34		577.078077171		570.358482611		585.553154786		
1494832691.89		570.830385278		564.072812624		579.339965219		
1494887441.44		531.123868932		524.772505564		539.072295589		
1494942190.99		496.650441268		490.663081961		504.186797771		
1494996940.54		466.38784295		460.711160792		473.502466761		
1495051690.09		439.621060956		434.14066538		446.397527791		
1495106439.64		415.70203148		410.476611101		422.208327084		
1495161189.19		394.305335352		389.271061191		400.465952618		
1495215938.74		375.038170412		370.174396607		380.877984172		
1495270688.29		357.555911567		352.866049825		363.189454998		
1495325437.84		341.606164218		337.115301985		347.092082632		
1495380187.39		327.0602914		322.694708085		332.349040617		
1495434936.94		317.352647774		313.042497921		322.516980379		
1495489686.49		339.699190081		335.125117409		345.294647143		
1495544436.04		362.603470183		357.722281337		368.71885634		
1495599185.59		385.897006422		380.691557078		392.406633538		
1495653935.14		409.385734		403.879220494		416.369775855		
1495708684.68		433.013976867		427.078905521		440.670337233		
1495763434.23		456.627705387		450.264171311		464.927144044		
1495818183.78		480.194387926		473.355001724		488.94301987		
1495872933.33		503.377607307		496.122624958		512.653409687		
1495927682.88		526.108245704		518.474125082		535.955161374		
1495982432.43		548.358316426		540.228170723		558.792854339		
1496037181.98		569.901905025		561.274227363		580.879768639		
1496091931.53		590.660087298		581.680092391		602.208593916		
1496146681.08		610.60373342		601.16128541		622.733818721		
1496201430.63		629.655815647		619.763827729		642.41069414		
1496256180.18		647.770095003		637.484743875		661.064583898		
1496310929.73		664.917997464		654.203618644		678.764777108		
1496365679.28		681.099758771		669.952306		695.467819826		
1496420428.83		696.304547947		684.762205225		711.16428396		
1496475178.38		710.538918628		698.59050435		725.86509212		
1496529927.93		723.811014677		711.449808519		739.543376321		
1496584677.48		736.154795237		723.400840325		752.367741767		
1496639427.03		747.594450197		734.482189358		764.263898353		
1496694176.58		758.188024526		744.677303983		775.227990597		
1496748926.13		767.953751384		754.018041359		785.438154472		
1496803675.68		776.937346405		762.653903972		794.887019079		
1496858425.23		785.191978377		770.619160503		803.592882739		
1496913174.77		792.732278861		777.837776223		811.607166653		
1496967924.32		799.734198746		784.487014997		818.977112905		
1497022673.87		806.159831625		790.58754386		825.69229785		
1497077423.42		812.0357684		796.098826107		831.857954635		
1497132172.97		817.424457856		801.152284627		837.510011018		
1497186922.52		822.359350933		805.798852633		842.698425562		
1497241672.07		826.857746523		809.999827335		847.462918294		
1497296421.62		830.977221368		813.827839353		851.84021243		
1497351171.17		834.751320564		817.569326545		855.864590448		
1497405920.72		838.211330457		820.766909796		859.567783071		
1497460670.27		841.388598906		823.671025172		862.979265477		
1497515419.82		844.311230581		826.344572146		866.126390525		
1497570169.37		847.055015118		828.73583253		869.034129165		
1497624918.92		849.487713244		830.919657785		871.872830858		
1497679668.47		851.771060181		832.921501203		874.363039823		
1497734418.02		853.879155969		834.761009144		876.675260374		
1497789167.57		855.822794043		836.449679012		878.874177801		
1497843917.12		857.618388359		838.005129757		880.935851942		
1497898666.67		859.299265035		839.433595451		882.866206894		
1497953416.22		860.866100777		840.748090357		884.678236486		
1498008165.77		862.323670383		841.962398404		886.383874938		
1498062915.32		863.696951432		843.087910862		887.993864401		
1498117664.86		864.971605191		844.156920966		889.517899442		
1498172414.41		866.181318484		845.156531338		890.964736536		
1498227163.96		867.32456891		846.090470347		892.342223837		
1498281913.51		868.400474071		846.965530735		894.385425515		
1498336663.06		869.416745191		847.787767688		896.421832465		
1498391412.61		870.374244694		848.562629342		897.644370317		
1498446162.16		871.283379458		849.29500755		898.816789151		
1498500911.71		872.129362756		849.989290821		899.948891389		
1498555661.26		872.940332696		850.620811889		901.035694064		
1498610410.81		873.729087664		851.198837268		902.082543621		
1498665160.36		874.503448733		851.7496251		903.097819664		
1498719909.91		875.25301232		852.277986325		904.087441438		
1498774659.46		875.985016959		852.784172313		905.054171224		
1498829409.01		876.719862506		853.270515594		906.000505253		
1498884158.56		877.423898592		853.739096911		906.928672554		
1498938908.11		878.090547915		854.240313532		907.840674988		
1498993657.66		878.746642835		854.734415597		908.738302165		
1499048407.21		879.37840131		855.217854357		909.623173051		
1499103156.76		880.005120747		855.692744506		910.496741779		
1499157906.31		880.622602198		856.157875377		911.360308592		
1499212655.86		881.240223357		856.601335387		912.215040572		
1499267405.41		881.849994103		857.046179456		913.061979105		
1499322154.95		882.453727158		857.442468137		913.902070361		
1499376904.5		883.06692998		857.830046813		914.736159443		
1499431654.05		883.671512676		858.247782295		915.56500333		
1499486403.6		884.254372967		858.6681359		916.389281341		
1499541153.15		884.832891152		859.084554255		917.209598812		
1499595902.7		885.413242057		859.502143208		918.026508155		
1499650652.25		886.006165944		859.919264521		918.8405003		
1499705401.8		886.596174217		860.3333287		919.652015873		
1499760151.35		887.183643245		860.764747588		920.488488306		
1499814900.9		887.768909752		861.197411729		921.375868447		
1499869650.45		888.35227913		861.627924023		922.262333531		
1499924400.0		888.917631092		862.050989313		923.148153068		
1499979149.55		889.475762648		862.418638257		924.033568916		
1500033899.1		890.032669385		862.784777808		924.91879756		
1500088648.65		890.588547631		863.14959526		925.804033819		
1500143398.2		891.143574551		863.52729717		926.689453705		
1500198147.75		891.697908126		863.915274691		927.575214425		
1500252897.3		892.257709566		864.302459239		928.434295065		
1500307646.85		892.834843777		864.66986218		929.270542354		
1500362396.4		893.400894516		865.016613554		930.107242105		
1500417145.95		893.947243471		865.36279285		930.944504253		
1500471895.5		894.487774584		865.708487622		931.782427406		
1500526645.05		895.02825239		866.053776337		932.621100397		
1500581394.59		895.569071882		866.399506845		933.46060286		
1500636144.14		896.121907635		866.749052074		934.301007433		
1500690893.69		896.667498298		867.116990976		935.142379398		
1500745643.24		897.20788016		867.49475613		935.984777601		
1500800392.79		897.748503228		867.872477118		936.828255234		
1500855142.34		898.28941008		868.252759138		937.669858572		
1500909891.89		898.830639604		868.638308184		938.504115905		
1500964641.44		899.372226447		869.023932328		939.339534889		
1501019390.99		899.918344723		869.409659585		940.176151805		
1501074140.54		900.476881201		869.795515052		941.013999567		
1501128890.09		901.035910545		870.181521184		941.853108045		
1501183639.64		901.595454789		870.555904554		942.693504724		
1501238389.19		902.155533653		870.915786525		943.535214507		
1501293138.74		902.713424697		871.286374229		944.378260153		
1501347888.29		903.253994562		871.674668181		945.22266245		
1501402637.84		903.795091502		872.063193798		946.068440503		
1501457387.39		904.336729034		872.451963413		946.915611962		
1501512136.94		904.87891932		872.840988057		947.764193013		
1501566886.49		905.421673382		873.225797407		948.614198604		
1501621636.04		905.96500118		873.594434497		949.465642537		
1501676385.59		906.513821526		873.965613245		950.316967639		
1501731135.14		907.067341812		874.337048993		951.16955863		
1501785884.68		907.621482982		874.708748184		952.023617964		
1501840634.23		908.176251944		875.080716631		952.87915605		
1501895383.78		908.732458447		875.452959555		953.736182631		
1501950133.33		909.305559024		875.801588321		954.594706945		
1502004882.88		909.881293562		876.180614383		955.4547377		
1502059632.43		910.461037219		876.555819974		956.316283144		
1502114381.98		911.041492799		876.920505446		957.179351118		
1502169131.53		911.622664521		877.285470534		958.04394908		
1502223881.08		912.205437701		877.650718128		958.910084213		
1502278630.63		912.795098766		878.019119114		959.77776339		
1502333380.18		913.385505567		878.393445897		960.646993225		
1502388129.73		913.976661337		878.768076392		961.5177801		
1502442879.28		914.575147323		879.143012624		962.390130191		
1502497628.83		915.180970187		879.518256465		963.264049515		
1502552378.38		915.787584321		879.893809628		964.139543916		
1502607127.93		916.394992538		880.269673688		965.016619094		
1502661877.48		917.003197532		880.647050899		965.895280622		
1502716627.03		917.612201884		881.059188621		966.775533966		
1502771376.58		918.222008088		881.472312909		967.662328088		
1502826126.13		918.832618541		881.885818415		968.554882421		
1502880875.68		919.444035568		882.262249732		969.449078009		
1502935625.23		920.056261419		882.65103665		970.344920129		
1502990374.77		920.667161538		883.065526632		971.242414006		
1503045124.32		921.259243095		883.480402245		972.138424553		
1503099873.87		921.852083111		883.895664441		973.03189554		
1503154623.42		922.445683464		884.311314133		973.927006277		
1503209372.97		923.040045993		884.727352194		974.823761716		
1503264122.52		923.623441231		885.143779469		975.722166788		
1503318872.07		924.206599297		885.560596769		976.6222264		
1503373621.62		924.790491775		885.977804884		977.523945441		
1503428371.17		925.375120311		886.395404575		978.427328787		
1503483120.72		925.960486524		886.813396584		979.332381302		
1503537870.27		926.546592021		887.231781637		980.239107845		
1503592619.82		927.142752546		887.650560441		981.148314143		
1503647369.37		927.743643019		888.069733691		982.083016866		
1503702118.92		928.345311968		888.489302066		983.039103279		
1503756868.47		928.947761036		888.909266234		983.991433401		
1503811618.02		929.550991858		889.329626855		984.945609494		
1503866367.57		930.155006061		889.750384578		985.901637037		
1503921117.12		930.759805267		890.153424821		986.859521519		
1503975866.67		931.36539109		890.549193507		987.819268441		
1504030616.22		931.971765142		890.931137046		988.780883316		
1504085365.77		932.578929031		891.313408105		989.744371672		
1504140115.32		933.188301371		891.696007158		990.709739051		
1504194864.86		933.791837906		892.078934677		991.676991009		
1504249614.41		934.396155689		892.462191126		992.64613312		
1504304363.96		935.001256281		892.845776969		993.617170974		
1504359113.51		935.602782755		893.229692667		994.590110179		
1504413863.06		936.203590815		893.613938674		995.564956359		
1504468612.61		936.805171667		893.998515446		996.541715159		
1504523362.16		937.401949851		894.394778293		997.520392241		
1504578111.71		938.007321037		894.801122328		998.500993289		
1504632861.26		938.613474741		895.211948081		999.483524003		
1504687610.81		939.220412501		895.625915266		1000.46799011		
1504742360.36		939.828135855		896.040265395		1001.45439734		
1504797109.91		940.436646343		896.454999016		1002.44275147		
1504851859.46		941.04594551		896.874114647		1003.43635905		
1504906609.01		941.656034901		897.299442972		1004.43711762		
1504961358.56		942.266916066		897.725174879		1005.43987424		
1505016108.11		942.878590556		898.151310948		1006.44463493		
1505070857.66		943.491059927		898.577851765		1007.4514057		
1505125607.21		944.104325736		899.004797913		1008.46019261		
1505180356.76		944.725108		899.432149977		1009.47100171		
1505235106.31		945.352651371		899.859908539		1010.48383912		
1505289855.86		945.975322074		900.288074187		1011.49871094		
1505344605.41		946.598813874		900.716647506		1012.51562331		
1505399354.95		947.223128402		901.137692648		1013.53458241		
1505454104.5		947.848267293		901.549724438		1014.55559442		
1505508854.05		948.474232184		901.962133175		1015.57866556		
1505563603.6		949.10102472		902.374919378		1016.60380206		
1505618353.15		949.728646546		902.788083569		1017.6310102		
1505673102.7		950.357099313		903.201626269		1018.66029625		
1505727852.25		950.986384674		903.615548002		1019.69166654		
1505782601.8		951.61650429		904.02984929		1020.72186268		
1505837351.35		952.247459823		904.444530657		1021.74513494		
1505892100.9		952.88454406		904.859592628		1022.77046252		
1505946850.45		953.529965497		905.275035729		1023.76119139		
1506001600.0		954.170477909		905.690860486		1024.73495442		
1506056349.55		954.806838309		906.107067427		1025.71057327		
1506111099.1		955.444048312		906.523657079		1026.73047789		
1506165848.65		956.08210962		906.940629971		1027.76940703		
1506220598.2		956.721023942		907.357986634		1028.81044087		
1506275347.75		957.360792991		907.775727598		1029.8535858		
1506330097.3		958.001418485		908.193853395		1030.89884827		
1506384846.85		958.642902147		908.612364558		1031.94623472		
1506439596.4		959.285245702		909.031261619		1032.99575163		
1506494345.95		959.928450882		909.450545114		1034.04740551		
1506549095.5		960.572519422		909.870215578		1035.10120291		
1506603845.05		961.217453064		910.290273546		1036.15715037		
1506658594.59		961.863253552		910.707231562		1037.21525448		
1506713344.14		962.509922635		911.123416568		1038.27133898		
1506768093.69		963.157462069		911.539982294		1039.32737976		
1506822843.24		963.805873612		911.956929263		1040.38557119		
1506877592.79		964.455159029		912.374258001		1041.44591984		
1506932342.34		965.105320086		912.791969031		1042.50843232		
1506987091.89		965.756358559		913.21006288		1043.57311526		
1507041841.44		966.408276225		913.628540074		1044.63997531		
1507096590.99		967.056487978		914.047401142		1045.70901917		
1507151340.54		967.697552302		914.466646612		1046.78025354		
1507206090.09		968.33946712		914.886277014		1047.85368517		
1507260839.64		968.982234127		915.306292878		1048.92932082		
1507315589.19		969.62396341		915.726694736		1050.00716729		
1507370338.74		970.265843124		916.147483121		1051.06854912		
1507425088.29		970.908573269		916.568658567		1052.1290167		
1507479837.84		971.552155539		916.970002358		1053.19162659		
1507534587.39		972.196591628		917.373571717		1054.25638529		
1507589336.94		972.841883237		917.777496846		1055.32329933		
1507644086.49		973.48803207		918.181778216		1056.39237524		
1507698836.04		974.135039838		918.586416299		1057.46361963		
1507753585.59		974.782908253		918.991411568		1058.53703908		
1507808335.14		975.431639035		919.396764496		1059.61264023		
1507863084.68		976.093657248		919.802475559		1060.69042974		
1507917834.23		976.756908398		920.20854523		1061.77041429		
1507972583.78		977.42106211		920.614973988		1062.85260061		
1508027333.33		978.086120229		921.031955664		1063.93699542		
1508082082.88		978.752084604		921.464822783		1065.02360551		
1508136832.43		979.418957091		921.898097363		1066.11243765		
1508191581.98		980.08673955		922.331779979		1067.20349869		
1508246331.53		980.755433846		922.765871209		1068.29679546		
1508301081.08		981.425041849		923.200371632		1069.39233486		
1508355830.63		982.095565433		923.635281826		1070.49012378		
1508410580.18		982.764979894		924.070602373		1071.59016917		
1508465329.73		983.422631386		924.506333853		1072.69247798		
1508520079.28		984.081163664		924.942476849		1073.79705723		
1508574828.83		984.740578497		925.379031946		1074.90391391		
1508629578.38		985.400877661		925.815999728		1076.0130551		
1508684327.93		986.062062937		926.253380781		1077.11712168		
1508739077.48		986.724136109		926.691175691		1078.22272583		
1508793827.03		987.387098967		927.129385049		1079.33060208		
1508848576.58		988.050953306		927.568009442		1080.44075745		
1508903326.13		988.715700925		928.007049461		1081.55319897		
1508958075.68		989.381343628		928.446505698		1082.66793373		
1509012825.23		990.047883224		928.886378745		1083.78496881		
1509067574.77		990.715321528		929.329896784		1084.90431134		
1509122324.32		991.383660358		929.774625027		1086.02596849		
1509177073.87		992.052901538		930.219779161		1087.14994744		
1509231823.42		992.723046897		930.665359799		1088.2762554		
1509286572.97		993.394098268		931.111367554		1089.40489963		
1509341322.52		994.06605749		931.55780304		1090.53588739		
1509396072.07		994.738926407		932.004666873		1091.66922601		
1509450821.62		995.412706867		932.45195967		1092.8049228		
1509505571.17		996.090944843		932.899682049		1093.94298515		
1509560320.72		996.771094846		933.347834628		1095.08342045		
1509615070.27		997.452174329		933.796418029		1096.22623613		
1509669819.82		998.134185197		934.245432874		1097.37143965		
1509724569.37		998.817129364		934.694879784		1098.51903851		
1509779318.92		999.501008746		935.142502722		1099.66904022		
1509834068.47		1000.18582527		935.584828634		1100.82145234		
1509888818.02		1000.87158085		936.027573189		1101.97628247		
1509943567.57		1001.55827743		936.470736984		1103.13353821		
1509998317.12		1002.24591695		936.914320612		1104.29322721		
1510053066.67		1002.93450135		937.358324672		1105.45535717		
1510107816.22		1003.62403258		937.802749761		1106.61993579		
1510162565.77		1004.31451259		938.247596478		1107.78697083		
1510217315.32		1005.00594334		938.692865423		1108.95647006		
1510272064.86		1005.6983268		939.138557199		1110.12844129		
1510326814.41		1006.39166494		939.584672408		1111.30289238		
1510381563.96		1007.08595973		940.031211652		1112.4798312		
1510436313.51		1007.78121315		940.478175538		1113.65926567		
1510491063.06		1008.4774272		940.925564671		1114.84120373		
1510545812.61		1009.17460387		941.373379659		1116.02565336		
1510600562.16		1009.87274514		941.821621109		1117.21262258		
1510655311.71		1010.57185303		942.270289632		1118.40211943		
1510710061.26		1011.27192955		942.719385837		1119.594152		
1510764810.81		1011.9729767		943.168910337		1120.78872841		
1510819560.36		1012.67499651		943.618863744		1121.9858568		
1510874309.91		1013.37799101		944.069246674		1123.17946159		
1510929059.46		1014.08196222		944.52005974		1124.36699351		
1510983809.01		1014.78691219		944.97130356		1125.55703934		
1511038558.56		1015.49900621		945.422978752		1126.74960706		
1511093308.11		1016.2165043		945.875085933		1127.94470471		
1511148057.66		1016.93501731		946.327625725		1129.14234034		
1511202807.21		1017.65454738		946.780598748		1130.34252205		
1511257556.76		1018.37509669		947.234005625		1131.54525795		
1511312306.31		1019.09666739		947.68784698		1132.75055623		
1511367055.86		1019.81926167		948.142123436		1133.95842507		
1511421805.41		1020.5428817		948.596835621		1135.16887271		
1511476554.95		1021.26752967		949.051984162		1136.38190741		
1511531304.5		1021.99320777		949.507569686		1137.59753748		
1511586054.05		1022.71991821		949.963592824		1138.81577126		
1511640803.6		1023.44766318		950.420054207		1140.03661711		
1511695553.15		1024.17644489		950.876954466		1141.26008346		
1511750302.7		1024.90626557		951.334294234		1142.48617875		
1511805052.25		1025.63712744		951.792074147		1143.71491145		
1511859801.8		1026.36903273		952.24577031		1144.9462901		
1511914551.35		1027.10198367		952.690766745		1146.18032324		
1511969300.9		1027.83598251		953.136179327		1147.41701948		
1512024050.45		1028.5710315		953.58200864		1148.65638743		
1512078800.0		1029.3071329		954.028255269		1149.89843577		
1512133549.55		1030.04428896		954.4749198		1151.14317321		
1512188299.1		1030.78250196		954.922002821		1152.39060847		
1512243048.65		1031.52213003		955.36950492		1153.64075036		
1512297798.2		1032.26940187		955.817426686		1154.89360768		
1512352547.75		1033.01775726		956.265768711		1156.14918929		
1512407297.3		1033.76719856		956.714531587		1157.40750409		
1512462046.85		1034.51772815		957.163715906		1158.66856102		
1512516796.4		1035.2693484		957.613322261		1159.93236904		
1512571545.95		1036.02206167		958.063351249		1161.19893717		
1512626295.5		1036.77587037		958.513803466		1162.46827446		
1512681045.05		1037.53077688		958.964679509		1163.74039001		
1512735794.59		1038.2867836		959.415979976		1165.01529294		
1512790544.14		1039.04389294		959.867705468		1166.29299243		
1512845293.69		1039.80210732		960.319856584		1167.57349769		
1512900043.24		1040.56142915		960.772433927		1168.85681797		
1512954792.79		1041.32186087		961.2254381		1170.14296257		
1513009542.34		1042.0834049		961.678869707		1171.43194082		
1513064291.89		1042.8460637		962.132729353		1172.72376209		
1513119041.44		1043.60983971		962.587017646		1174.0184358		
1513173790.99		1044.37473538		963.041735191		1175.31597141		
1513228540.54		1045.14075319		963.496882599		1176.61637843		
1513283290.09		1045.9078956		963.952460479		1177.91966638		
1513338039.64		1046.6761651		964.408469442		1179.22584487		
1513392789.19		1047.44556416		964.8649101		1180.53492351		
1513447538.74		1048.21609528		965.321783067		1181.84691198		
1513502288.29		1048.98776097		965.779088958		1183.16181998		
1513557037.84		1049.76056372		966.236828387		1184.47965728		
1513611787.39		1050.53450606		966.695001972		1185.80043368		
1513666536.94		1051.3095905		967.153610332		1187.12415901		
1513721286.49		1052.08581959		967.612654084		1188.45084317		
1513776036.04		1052.86319585		968.07213385		1189.78049609		
1513830785.59		1053.64172182		968.532050251		1191.11312775		
1513885535.14		1054.42140008		968.99240391		1192.44874816		
1513940284.68		1055.20223316		969.453195451		1193.7873674		
1513995034.23		1055.98422365		969.914425499		1195.12899557		
1514049783.78		1056.76737411		970.37609468		1196.47364283		
1514104533.33		1057.55168713		970.838203621		1197.82131939		
1514159282.88		1058.33716531		971.300752953		1199.17203549		
1514214032.43		1059.12381123		971.763743304		1200.52580143		
1514268781.98		1059.9116275		972.227175305		1201.88262755		
1514323531.53		1060.70061675		972.691049589		1203.24252423		
1514378281.08		1061.48638675		973.15536679		1204.60550193		
1514433030.63		1062.2686225		973.620127542		1205.97157111		
1514487780.18		1063.05201202		974.085332481		1207.3407423		
1514542529.73		1063.83655785		974.550982244		1208.7130261		
1514597279.28		1064.62226255		975.017077469		1210.08843312		
1514652028.83		1065.4091287		975.483618797		1211.46697403		
1514706778.38		1066.19715888		975.950606869		1212.84865957		
1514761527.93		1066.98635566		976.418042325		1214.2335005		
1514816277.48		1067.77672165		976.885925809		1215.62150765		
1514871027.03		1068.56825943		977.354257967		1217.01269188		
1514925776.58		1069.36097163		977.823039444		1218.40706413		
1514980526.13		1070.15486085		978.292270886		1219.80463536		
1515035275.68		1070.94992971		978.761952942		1221.20541659		
1515090025.23		1071.74618086		979.232086261		1222.60941889		
1515144774.77		1072.54361692		979.702671495		1224.0166534		
1515199524.32		1073.34224055		980.173709295		1225.42713127		
1515254273.87		1074.14205441		980.645200315		1226.84086375		
1515309023.42		1074.94306114		981.117145208		1228.25786211		
1515363772.97		1075.74526343		981.589544632		1229.67813767		
1515418522.52		1076.54866395		982.062399242		1231.10170183		
1515473272.07		1077.35326538		982.535709697		1232.52856601		
1515528021.62		1078.15907044		983.009476657		1233.95874172		
1515582771.17		1078.96608181		983.483700782		1235.39224048		
1515637520.72		1079.7743022		983.958382735		1236.82907389		
1515692270.27		1080.58373435		984.433523179		1238.26925361		
1515747019.82		1081.39438096		984.909122779		1239.71279134		
1515801769.37		1082.20624479		985.3851822		1241.15969883		
1515856518.92		1083.01932857		985.861733714		1242.64295053		
1515911268.47		1083.83363505		986.348828209		1244.13089839		
1515966018.02		1084.649167		986.836404325		1245.62241391		
1516020767.57		1085.46592718		987.324462778		1247.11750993		
1516075517.12		1086.28391838		987.813004284		1248.61619936		
1516130266.67		1087.10314336		988.30202956		1250.11849517		
1516185016.22		1087.92360494		988.791539325		1251.6244104		
1516239765.77		1088.7453059		989.281534299		1253.13395814		
1516294515.32		1089.56824907		989.772015205		1254.64715154		
1516349264.86		1090.39243726		990.262982766		1256.16400384		
1516404014.41		1091.21787329		990.754437707		1257.68452832		
1516458763.96		1092.04456001		991.246380753		1259.20873833		
1516513513.51		1092.87250026		991.738812632		1260.73664728		
1516568263.06		1093.70169689		992.231734074		1262.26826867		
1516623012.61		1094.53215276		992.725145809		1263.80361603		
1516677762.16		1095.36387075		993.219048568		1265.34270297		
1516732511.71		1096.19685373		993.713443086		1266.88554319		
1516787261.26		1097.0311046		994.200377792		1268.43215041		
1516842010.81		1097.86662624		994.679142762		1269.98253847		
1516896760.36		1098.70342157		995.158369066		1271.53672123		
1516951509.91		1099.5414935		995.638057371		1273.09471265		
1517006259.46		1100.38084495		996.118208345		1274.65652675		
1517061009.01		1101.22147886		996.598822659		1276.2221776		
1517115758.56		1102.06339816		997.079900983		1277.79167937		
1517170508.11		1102.90660582		997.561443989		1279.36504628		
1517225257.66		1103.75110478		998.043452351		1280.94229263		
1517280007.21		1104.59689801		998.526063247		1282.52343279		
1517334756.76		1105.4439885		999.011152206		1284.10848118		
1517389506.31		1106.29237924		999.496712803		1285.69745232		
1517444255.86		1107.1420732		999.982745726		1287.29036079		
1517499005.41		1107.99307341		1000.46925166		1288.88722124		
1517553754.95		1108.84538288		1000.95623131		1290.4880484		
1517608504.5		1109.69900462		1001.44368535		1292.09285707		
1517663254.05		1110.55394168		1001.93161449		1293.70166212		
1517718003.6		1111.40935771		1002.42001941		1295.31447849		
1517772753.15		1112.26364009		1002.90890081		1296.93132121		
1517827502.7		1113.12023434		1003.3982594		1298.55220537		
1517882252.25		1113.9786539		1003.89163424		1300.17714615		
1517937001.8		1114.83839858		1004.3950735		1301.80615879		
1517991751.35		1115.69947146		1004.89901804		1303.43925862		
1518046500.9		1116.56187562		1005.39203173		1305.07646104		
1518101250.45		1117.42561414		1005.87768876		1306.71778153		
1518156000.0		1118.29069013		1006.36381522		1308.36323565		
