1463457600.0		5.62665635547		3.19411292222		19.2421337504		
1463491243.24		2.97355326049		2.88903666161		3.09842368417		
1463524886.49		2.98608574506		2.95167803529		3.02285832268		
1463558529.73		3.11887816089		3.08544279198		3.15324199883		
1463592172.97		3.23571550456		3.20062960164		3.27131711673		
1463625816.22		3.39116872827		3.35423706634		3.42847409824		
1463659459.46		3.55335855042		3.51471675157		3.59230906217		
1463693102.7		3.68851775		3.64851433805		3.72885422651		
1463726745.95		3.8660052251		3.82424746843		3.90844094138		
1463760389.19		4.01254474288		3.9692563932		4.05651448363		
1463794032.43		4.20413697236		4.1588303676		4.25013773994		
1463827675.68		4.40384521903		4.3567706376		4.45229640591		
1463861318.92		4.57972472431		4.53052552376		4.62993352865		
1463894962.16		4.79771761525		4.74543238632		4.84980374242		
1463928605.41		5.02513519738		4.97024513463		5.07981630665		
1463962248.65		5.22466340353		5.1679026639		5.28212652535		
1463995891.89		5.47159657543		5.41248955987		5.53210190386		
1464029535.14		5.67301396606		5.61183619626		5.73569220598		
1464063178.38		5.85334785934		5.79043828939		5.91812964334		
1464096821.62		6.02141140556		5.95579590711		6.0871609409		
1464130464.86		6.22234952976		6.1541323616		6.29002690274		
1464164108.11		6.54677742636		6.47494507188		6.61781204182		
1464197751.35		6.82606114323		6.75058962613		6.89958737903		
1464231394.59		7.09041664587		7.01247172074		7.16618082759		
1464265037.84		7.3645842608		7.28395978858		7.44307121622		
1464298681.08		7.62236239816		7.5389493787		7.703987184		
1464332324.32		7.94129415239		7.85419342001		8.02575478407		
1464365967.57		8.22591883361		8.13580841825		8.31320208006		
1464399610.81		8.56847926937		8.47488715423		8.65934048819		
1464433254.05		8.92468179647		8.82760945939		9.01989874306		
1464466897.3		9.24078401992		9.14068435728		9.33950834547		
1464500540.54		9.62261933301		9.51895281887		9.72583014034		
1464534183.78		9.98007986697		9.87329010158		10.0877043601		
1464567827.03		10.3721497302		10.2616451022		10.4842437104		
1464601470.27		10.7987098432		10.6840845126		10.9153202127		
1464635113.51		11.155415066		11.0376653351		11.2760412183		
1464668756.76		11.6134074141		11.491163437		11.7384050293		
1464702400.0		12.0485589554		11.9219334587		12.1775505777		
1464736043.24		12.5099005259		12.3788394274		12.6430660976		
1464769686.49		13.0168961875		12.8812596968		13.1551468974		
1464803329.73		13.4403143213		13.301051725		13.5825730188		
1464836972.97		13.981062855		13.8372237617		14.1290759161		
1464870616.22		14.54189043		14.393160506		14.6971425633		
1464904259.46		15.0384905988		14.8857931378		15.1986687445		
1464937902.7		15.6381305067		15.4804660207		15.8033712977		
1464971545.95		16.1204585827		15.9595391846		16.2904393637		
1465005189.19		16.7442433746		16.5767804948		16.9199429802		
1465038832.43		17.4058503093		17.2309554566		17.5888246193		
1465072475.68		18.0208627836		17.8393874262		18.2080022523		
1465106118.92		19.0480656481		18.8578941439		19.2453566241		
1465139762.16		20.1313739028		19.9318468413		20.3390218209		
1465173405.41		21.2679912209		21.0584509093		21.4867138023		
1465207048.65		22.4565114849		22.2359455244		22.6866228307		
1465240691.89		23.6994735092		23.4679603898		23.9424297409		
1465274335.14		24.9060485975		24.6634226114		25.1610003633		
1465307978.38		26.301096343		26.0450591539		26.5697192362		
1465341621.62		27.7646273207		27.4973439999		28.047408465		
1465375264.86		29.2963868096		29.0197198998		29.5932449769		
1465408908.11		30.8957257933		30.6038567465		31.2053433408		
1465442551.35		32.5612879325		32.2553474355		32.8843564082		
1465476194.59		34.297640158		33.9770692998		34.6350867735		
1465509837.84		36.1058621094		35.7709669181		36.4594687431		
1465543481.08		37.987626145		37.637925648		38.3609198277		
1465577124.32		39.9480427188		39.5804755911		40.3394296314		
1465610767.57		41.9863250913		41.6006817629		42.3947780156		
1465644410.81		44.1072085016		43.6981767799		44.5274162392		
1465678054.05		46.3092972629		45.881276779		46.7436656651		
1465711697.3		48.5997655423		48.1522424811		49.0487479023		
1465745340.54		50.9737904435		50.5102909657		51.4369462724		
1465778983.78		53.4387764375		52.9446994427		53.9136446221		
1465812627.03		55.9823717151		55.4676659055		56.4725925851		
1465846270.27		58.6334606273		58.0985625145		59.1412542088		
1465879913.51		61.2897022279		60.7397990046		61.8156920665		
1465913556.76		64.0153388747		63.4509815057		64.5648621647		
1465947200.0		44.9538600978		43.4366102528		47.2836874082		
1465980843.24		34.5487298776		33.5533570172		35.5332856393		
1466014486.49		34.8836353925		33.9065661687		35.834129407		
1466048129.73		35.5562135472		34.5574045356		36.5073564523		
1466081772.97		36.2497732617		35.2355907556		37.2125558744		
1466115416.22		36.9497223522		35.9236066105		37.9199316662		
1466149059.46		37.6537455931		36.6148843254		38.6311321296		
1466182702.7		38.3649476552		37.31466855		39.3557210572		
1466216345.95		39.0847781521		38.0225494324		40.087348736		
1466249989.19		39.8117564359		38.7401606879		40.828839021		
1466283632.43		40.5401462949		39.4600431225		41.5715142494		
1466317275.68		41.2763588508		40.1863371406		42.3153063604		
1466350918.92		42.0170046089		40.9157459779		43.06956641		
1466384562.16		42.7579851788		41.6485084794		43.8252659515		
1466418205.41		43.507215672		42.3919063426		44.589374412		
1466451848.65		44.2645767865		43.14576884		45.3645687422		
1466485491.89		45.0302630426		43.9013703653		46.1395381357		
1466519135.14		45.8082866886		44.6698037372		46.9266272473		
1466552778.38		47.3802395738		46.2162539536		48.5220980714		
1466586421.62		49.6101225854		48.4080202701		50.7967752511		
1466620064.86		51.9260078424		50.6882359555		53.1536093063		
1466653708.11		54.3312019689		53.0494871699		55.5946715741		
1466687351.35		56.8251700324		55.4909528721		58.130520622		
1466720994.59		59.3905734771		58.0133789084		60.7529727856		
1466754637.84		62.0400996154		60.6144481451		63.4422662225		
1466788281.08		64.7803145239		63.30298328		66.2185398657		
1466821924.32		67.5922072177		66.0738578958		69.0797224159		
1466855567.57		70.4901370878		68.9285215446		72.0173338328		
1466889210.81		73.4571146211		71.8634326992		75.0365328078		
1466922854.05		76.507723135		74.8674899816		78.1371577823		
1466956497.3		79.6502357658		77.9572908858		81.318276242		
1466990140.54		82.8607860358		81.1317638377		84.5805052646		
1467023783.78		86.1365036541		84.3648074003		87.8975808484		
1467057427.03		89.4965965248		87.6828476962		91.2861622829		
1467091070.27		92.919606761		91.0493013386		94.7588621815		
1467124713.51		96.41133114		94.5021126899		98.2979020296		
1467158356.76		99.9346934721		97.9943160186		101.855099286		
1467192000.0		103.544928885		101.552036925		105.491244599		
1467225643.24		107.232501541		105.200202607		109.195528223		
1467259286.49		110.95975716		108.889306309		112.955427083		
1467292929.73		107.312530724		105.353234172		109.220053567		
1467326572.97		110.867916969		108.892181944		112.807833376		
1467360216.22		122.261783634		120.136622321		124.357057378		
1467393859.46		126.134898773		123.956555479		128.180079538		
1467427502.7		130.048123898		127.845343239		132.07639858		
1467461145.95		133.871618179		131.687690606		135.948213115		
1467494789.19		137.769634855		135.576229139		139.866690829		
1467528432.43		141.652999826		139.42514265		143.737085659		
1467562075.68		145.512731764		143.312813373		147.635287501		
1467595718.92		149.395374468		147.173601741		151.531853246		
1467629362.16		153.283522263		151.060395063		155.394097147		
1467663005.41		157.161849341		154.896564943		159.229663856		
1467696648.65		161.004539131		158.723396168		163.061149133		
1467730291.89		164.787882871		162.572940546		166.856079935		
1467763935.14		168.560154343		166.317238465		170.654115684		
1467797578.38		172.265284887		169.997771065		174.326452261		
1467831221.62		175.950431131		173.668972015		178.003004261		
1467864864.86		179.585092425		177.275175116		181.588937209		
1467898508.11		183.189601209		180.844879171		185.180739974		
1467932151.35		187.114218502		184.849482204		189.15696526		
1467965794.59		190.208122001		187.836736383		192.176833336		
1467999437.84		193.551092017		191.195214567		195.548205494		
1468033081.08		196.857967877		194.48919287		198.842849995		
1468066724.32		200.133405109		197.707054972		202.106138522		
1468100367.57		203.30606384		200.88414619		205.316640856		
1468134010.81		206.403346892		203.960643197		208.451917471		
1468167654.05		209.407862554		206.991533167		211.525806789		
1468201297.3		212.323781818		209.911095024		214.511703296		
1468234940.54		215.230216489		212.758659165		217.393981322		
1468268583.78		218.008001461		215.533754743		220.159928364		
1468302227.03		220.816256726		218.336291071		222.951408068		
1468335870.27		223.485390218		220.97716694		225.633856646		
1468369513.51		226.066229891		223.573385514		228.24586062		
1468403156.76		228.575326797		226.033711363		230.787533607		
1468436800.0		231.020783756		228.432523509		233.207254961		
1468470443.24		249.834594893		247.022443182		252.201077391		
1468504086.49		252.245379608		249.417864531		254.651883036		
1468537729.73		254.52255448		251.662040955		256.933354753		
1468571372.97		256.784106839		253.901861586		259.228701591		
1468605016.22		175.558179403		169.792750492		185.675026477		
1468638659.46		137.073992599		133.019257024		141.94030724		
1468672302.7		138.549267325		135.022965645		142.476075334		
1468705945.95		142.386642436		139.009823919		146.140687865		
1468739589.19		146.514793975		143.208989395		150.137394953		
1468773232.43		150.73330115		147.436146042		154.293669293		
1468806875.68		154.915040443		151.674459683		158.429756885		
1468840518.92		159.069917676		155.917953536		162.623987074		
1468874162.16		163.258360435		160.113948387		166.733276933		
1468907805.41		167.439842581		164.327272995		170.870235508		
1468941448.65		171.586590146		168.541814273		174.952823129		
1468975091.89		173.809542558		170.836963255		177.061049543		
1469008735.14		177.99516426		175.067644448		181.178851812		
1469042378.38		182.046523893		179.208743047		185.145426176		
1469076021.62		186.181306576		183.353434248		189.158924178		
1469109664.86		190.275521611		187.460047406		193.159896137		
1469143308.11		194.297636693		191.572100186		197.080645862		
1469176951.35		198.26889989		195.643491754		201.001452018		
1469210594.59		181.8623473		179.53246907		184.216256351		
1469244237.84		185.144154223		182.916167756		187.44266951		
1469277881.08		188.271681965		186.151710684		190.579727487		
1469311524.32		191.327217094		189.30423161		193.590937467		
1469345167.57		194.330858906		192.426867778		196.586924842		
1469378810.81		197.299271187		195.416875306		199.510280475		
1469412454.05		200.185430966		198.309718159		202.356266646		
1469446097.3		203.002240324		201.160718695		205.115377728		
1469479740.54		205.802186157		204.049081668		207.842069653		
1469513383.78		208.488874285		206.757015773		210.488850445		
1469547027.03		202.007280509		200.387727887		203.826724053		
1469580670.27		204.410872469		202.826104425		206.294843692		
1469614313.51		206.762996765		205.250031769		208.636880366		
1469647956.76		209.031231192		207.569995762		210.909106975		
1469681600.0		211.275132447		209.762928435		213.110868574		
1469715243.24		213.441344189		211.926695262		215.207508859		
1469748886.49		220.573680359		219.095731936		222.427047463		
1469782529.73		222.661126616		221.149259827		224.565317102		
1469816172.97		224.701500809		223.18086807		226.588751376		
1469849816.22		240.651734518		239.016725921		242.631410638		
1469883459.46		242.679762184		240.987312597		244.632902577		
1469917102.7		244.660814602		242.912469006		246.5960981		
1469950745.95		246.545336334		244.750196931		248.51309936		
1469984389.19		248.390710052		246.531261501		250.356212117		
1470018032.43		250.14193651		248.167780188		252.087137334		
1470051675.68		251.849221746		249.823663877		253.816031235		
1470085318.92		238.09051953		236.162937905		240.004907534		
1470118962.16		255.067985689		252.937721398		257.117554853		
1470152605.41		256.510496285		254.323847862		258.61056055		
1470186248.65		239.824397717		237.766358753		241.789444339		
1470219891.89		241.340868701		239.328178569		243.311910874		
1470253535.14		242.79609874		240.835199356		244.735100239		
1470287178.38		244.20018754		242.287735123		246.098091156		
1470320821.62		245.532873102		243.608862964		247.39832994		
1470354464.86		246.273999042		244.35174526		248.18949929		
1470388108.11		247.796484333		245.901703672		249.672073271		
1470421751.35		249.084110931		247.200084822		250.921529352		
1470455394.59		250.286448851		248.427959722		252.09573429		
1470489037.84		251.467678909		249.587373924		253.24399001		
1470522681.08		249.820875699		247.947671909		251.574470389		
1470556324.32		250.927198589		249.054471286		252.66985547		
1470589967.57		252.03325199		250.174945394		253.781835256		
1470623610.81		253.13140743		251.258610222		254.877721569		
1470657254.05		254.216722924		252.357161189		255.941712785		
1470690897.3		255.249409829		253.389005304		256.968963295		
1470724540.54		275.682987898		273.711901486		277.568065823		
1470758183.78		258.25083397		256.421398311		259.979963552		
1470791827.03		277.589294254		275.683829575		279.425679951		
1470825470.27		277.811851332		275.910636242		279.628875888		
1470859113.51		277.909608195		276.021292977		279.719429408		
1470892756.76		277.941366775		276.08821487		279.76093312		
1470926400.0		277.988179062		276.164005181		279.806325797		
1470960043.24		278.259035305		276.584609818		280.060522182		
1470993686.49		278.683310137		277.089511379		280.368084964		
1471027329.73		278.989512592		277.500419921		280.585577422		
1471060972.97		279.37945321		277.929851594		280.940049231		
1471094616.22		279.730165192		278.322519494		281.248897339		
1471128259.46		280.173162917		278.796468502		281.633718023		
1471161902.7		280.527479059		279.177548523		281.996209521		
1471195545.95		280.853507872		279.531286997		282.291584207		
1471229189.19		281.2274795		279.905663917		282.626102946		
1471262832.43		281.527300004		280.223760742		282.985901127		
1471296475.68		281.838479796		280.574748406		283.327566129		
1471330118.92		282.213547629		280.928280461		283.743560771		
1471363762.16		282.466946932		281.140093945		284.039157705		
1471397405.41		282.790470708		281.460570307		284.401026722		
1471431048.65		283.033737197		281.690698008		284.684162406		
1471464691.89		283.418505215		282.000982935		285.089451091		
1471498335.14		283.793020626		282.321746229		285.469312722		
1471531978.38		284.096791246		282.583345455		285.809963463		
1471565621.62		284.458505956		282.85153174		286.219356644		
1471599264.86		284.786422119		283.10665401		286.585964331		
1471632908.11		285.080792525		283.353441101		286.932215666		
1471666551.35		285.347063228		283.584692087		287.269224281		
1471700194.59		285.644109871		283.842023453		287.607704711		
1471733837.84		285.891742931		284.092365376		287.95447596		
1471767481.08		286.197953224		284.345670988		288.315920391		
1471801124.32		286.461716916		284.572620604		288.668620805		
1471834767.57		286.800599795		284.878236854		289.054949388		
1471868410.81		286.971496946		285.010623445		289.237529076		
1471902054.05		285.816363118		284.104425157		287.596870979		
1471935697.3		276.732034096		275.286514844		278.209147329		
1471969340.54		268.451227499		267.03273171		269.88335939		
1472002983.78		260.772112481		259.144559445		262.419933945		
1472036627.03		253.550229191		251.571958076		255.340077433		
1472070270.27		238.402415547		235.855015809		240.215143466		
1472103913.51		240.97908417		238.52096442		242.882040629		
1472137556.76		216.935449661		214.736639659		218.662651434		
1472171200.0		230.369749171		228.105881227		232.240915619		
1472204843.24		225.416129313		223.313365811		227.32143638		
1472238486.49		220.712509966		218.724321016		222.579968881		
1472272129.73		216.308340419		214.346753489		218.10362466		
1472305772.97		212.080494299		210.197142512		213.803553525		
1472339416.22		208.012678926		206.200631156		209.722632753		
1472373059.46		204.140934102		202.411777024		205.878226247		
1472406702.7		200.44056188		198.7743967		202.149289499		
1472440345.95		196.913825106		195.251552991		198.5808334		
1472473989.19		193.54405264		191.896237676		195.153632355		
1472507632.43		190.293030143		188.681145921		191.836249926		
1472541275.68		187.13367586		185.567208303		188.631077394		
1472574918.92		184.142085634		182.621898736		185.59385419		
1472608562.16		181.217294877		179.758419141		182.691562862		
1472642205.41		178.409541372		177.008553542		179.871325876		
1472675848.65		175.739889372		174.323820088		177.131233452		
1472709491.89		173.130361391		171.754782033		174.511759702		
1472743135.14		170.582986888		169.247013641		171.951771326		
1472776778.38		168.153541213		166.851615739		169.543268		
1472810421.62		165.737465571		164.495065786		167.094560312		
1472844064.86		163.998096829		162.813421729		165.350468347		
1472877708.11		168.068496935		166.835144982		169.409954921		
1472911351.35		171.954429498		170.770528213		173.293567824		
1472944994.59		175.855861843		174.645275121		177.13356891		
1472978637.84		179.764034873		178.519962723		181.035492215		
1473012281.08		183.622226313		182.35679836		184.900583925		
1473045924.32		187.428014041		186.154152114		188.729755746		
1473079567.57		191.256425744		189.967763972		192.52722688		
1473113210.81		195.236596201		193.975534837		196.478059077		
1473146854.05		198.897251518		197.652582506		200.155965727		
1473180497.3		202.658390132		201.40925368		203.934581607		
1473214140.54		206.33706323		205.078450672		207.639185098		
1473247783.78		209.98771594		208.73088987		211.299947931		
1473281427.03		213.595790643		212.353377046		214.916501279		
1473315070.27		217.152024999		215.907261933		218.496739929		
1473348713.51		220.655602895		219.406520794		222.043019182		
1473382356.76		223.909571124		222.643378055		225.299700674		
1473416000.0		227.417179626		226.106398972		228.911481892		
1473449643.24		230.740066283		229.383052616		232.259067316		
1473483286.49		234.025596506		232.632257772		235.54396945		
1473516929.73		237.276366018		235.863570283		238.828804556		
1473550572.97		240.450172041		239.022713899		242.076637366		
1473584216.22		243.544190291		242.10618668		245.213722936		
1473617859.46		246.561829481		245.117050034		248.270889887		
1473651502.7		249.551910917		248.062373361		251.301594892		
1473685145.95		252.482730705		250.962578183		254.283355679		
1473718789.19		255.361027472		253.811597833		257.244535582		
1473752432.43		258.183249187		256.601558548		260.139455314		
1473786075.68		260.961612674		259.34577031		262.930517667		
1473819718.92		264.047627501		262.452515358		265.980281334		
1473853362.16		266.798134081		265.284541432		268.516153133		
1473887005.41		269.375552086		267.931426925		270.858539432		
1473920648.65		271.545194489		270.084950965		272.998150387		
1473954291.89		273.999217482		272.497527594		275.530046953		
1473987935.14		276.456581398		274.927104476		278.040268798		
1474021578.38		278.843793616		277.266339899		280.462402295		
1474055221.62		281.133908186		279.523573887		282.820948268		
1474088864.86		274.558366398		272.944258217		276.278373624		
1474122508.11		276.676275845		275.030705293		278.478052227		
1474156151.35		278.781823494		277.085252369		280.652724859		
1474189794.59		280.869264895		279.124394878		282.789204476		
1474223437.84		282.864097159		281.070833117		284.846215113		
1474257081.08		284.790175394		282.98173135		286.85534433		
1474290724.32		286.662190302		284.855170596		288.818130649		
1474324367.57		288.506796982		286.660183365		290.735060041		
1474358010.81		290.302852766		288.426156699		292.590210917		
1474391654.05		290.066186973		288.203562111		292.412355141		
1474425297.3		291.7737768		289.92679636		294.183984099		
1474458940.54		293.469021347		291.615584993		295.932578802		
1474492583.78		295.118208779		293.292711607		297.673966208		
1474526227.03		295.592342769		293.781310754		298.181094746		
1474559870.27		297.531146631		295.704430161		300.190457494		
1474593513.51		299.461775321		297.615762748		302.180262914		
1474627156.76		301.257244813		299.396234863		304.062760033		
1474660800.0		298.330160689		296.479226223		301.157936153		
1474694443.24		299.933979751		298.080045502		302.823748331		
1474728086.49		301.420201236		299.556463386		304.369943685		
1474761729.73		302.859143426		300.979544878		305.864374836		
1474795372.97		304.253688212		302.355512563		307.317657405		
1474829016.22		305.609837754		303.685896045		308.731473392		
1474862659.46		306.913126718		304.993711731		310.096576729		
1474896302.7		308.188545492		306.262398187		311.414576736		
1474929945.95		309.396225403		307.457180695		312.662012775		
1474963589.19		310.584780565		308.628790006		313.895699369		
1474997232.43		311.764504001		309.800003105		315.12833691		
1475030875.68		312.912153504		310.924378193		316.314791758		
1475064518.92		314.017639631		312.030361718		317.443593933		
1475098162.16		315.246980715		313.24677055		318.764411855		
1475131805.41		316.473824744		314.455222816		320.090204207		
1475165448.65		317.669476244		315.64638858		321.375277528		
1475199091.89		312.268726334		310.397924572		315.743914759		
1475232735.14		302.109680862		300.662812708		304.744649883		
1475266378.38		292.508984466		291.217114297		294.309449678		
1475300021.62		273.938746774		272.872565634		275.172143724		
1475333664.86		274.675722259		273.775938408		275.853298005		
1475367308.11		268.877915835		267.860133897		270.041507082		
1475400951.35		266.172771685		264.955200752		267.365236573		
1475434594.59		263.94215048		262.591647948		265.252745881		
1475468237.84		261.761653478		260.29183339		263.198420627		
1475501881.08		259.680806431		258.026393836		261.283641018		
1475535524.32		254.666635674		252.90519722		256.47552542		
1475569167.57		252.757484268		250.835955151		254.760469966		
1475602810.81		251.212168228		249.117399658		253.375695262		
1475636454.05		249.448691789		247.160128322		251.69712411		
1475670097.3		248.945584531		246.457177172		251.35997982		
1475703740.54		252.60904691		250.109717342		255.053310369		
1475737383.78		258.387410568		255.952913506		260.761855092		
1475771027.03		264.245704691		261.900279794		266.565381025		
1475804670.27		269.987792636		267.733200734		272.282670017		
1475838313.51		275.674911916		273.512713618		277.902696401		
1475871956.76		281.154481547		279.100871101		283.318316676		
1475905600.0		286.006252615		283.965491723		288.079621338		
1475939243.24		290.757755097		288.782399035		292.704785324		
1475972886.49		295.439646734		293.511078826		297.343937623		
1476006529.73		299.976693597		298.132311706		301.845350776		
1476040172.97		304.439530846		302.678230025		306.227076706		
1476073816.22		308.83107485		307.117157913		310.476978419		
1476107459.46		313.078771383		311.457107058		314.66653088		
1476141102.7		317.251516335		315.672519485		318.792107027		
1476174745.95		321.366626645		319.844109978		322.883075234		
1476208389.19		325.282818795		323.825106702		326.799597089		
1476242032.43		329.173800877		327.755627222		330.619373001		
1476275675.68		332.920633463		331.558360147		334.324288063		
1476309318.92		336.577595026		335.228395721		337.93296072		
1476342962.16		339.410181653		338.148678378		340.748622514		
1476376605.41		342.270622388		341.01930324		343.584856041		
1476410248.65		345.367425823		344.154348112		346.708107466		
1476443891.89		348.423329771		347.190765627		349.751788037		
1476477535.14		351.257548173		350.021807154		352.606589292		
1476511178.38		354.421658154		353.140839665		355.806542289		
1476544821.62		357.494872735		356.199333033		358.909661794		
1476578464.86		360.461760195		359.062298043		361.878372492		
1476612108.11		363.342879574		361.959054436		364.789918199		
1476645751.35		366.125005258		364.733983915		367.621362887		
1476679394.59		368.847013793		367.433995491		370.355628732		
1476713037.84		371.469065923		370.030467155		373.02172129		
1476746681.08		374.005572414		372.555339074		375.595001411		
1476780324.32		376.445075801		374.960184079		378.079815166		
1476813967.57		378.79692118		377.273112114		380.461506797		
1476847610.81		381.083433014		379.527164784		382.778319666		
1476881254.05		383.272267698		381.70798588		385.027881085		
1476914897.3		385.396906535		383.807319793		387.177119167		
1476948540.54		387.398333084		385.774718873		389.238630909		
1476982183.78		389.266253949		387.61708303		391.152371701		
1477015827.03		390.826198386		389.159783564		392.76459162		
1477049470.27		392.332647841		390.626613791		394.303164906		
1477083113.51		393.803394847		392.046841738		395.800075618		
1477116756.76		395.227638759		393.459833119		397.248690668		
1477150400.0		396.607184767		394.821085396		398.666952994		
1477184043.24		397.95627362		396.135963977		400.046235586		
1477217686.49		399.259709419		397.421390025		401.380698986		
1477251329.73		400.512075741		398.652188086		402.692352102		
1477284972.97		401.745683629		399.854498336		403.935511112		
1477318616.22		402.926281011		401.013253565		405.148607977		
1477352259.46		404.080949951		402.158747514		406.330800192		
1477385902.7		405.208571674		403.287155982		407.485388788		
1477419545.95		406.291532307		404.36093113		408.56104971		
1477453189.19		407.349372021		405.418456426		409.616691127		
1477486832.43		408.401339256		406.458806201		410.648969195		
1477520475.68		409.43223441		407.49884734		411.667580357		
1477554118.92		410.418238351		408.45737547		412.614079737		
1477587762.16		411.234790188		409.278159551		413.362724518		
1477621405.41		412.294217598		410.302719931		414.458523015		
1477655048.65		413.230307262		411.233446047		415.382209561		
1477688691.89		414.083668592		412.055508448		416.225540574		
1477722335.14		414.942763592		412.906555859		417.122124699		
1477755978.38		415.801368001		413.74581333		418.035507826		
1477789621.62		416.65663443		414.569493464		418.942276548		
1477823264.86		417.487202014		415.381785773		419.798211228		
1477856908.11		418.285129279		416.165784675		420.619210058		
1477890551.35		419.097208266		416.944136063		421.435825373		
1477924194.59		419.835186942		417.679972725		422.209613118		
1477957837.84		420.590115511		418.425430644		422.988085691		
1477991481.08		421.330821845		419.174118837		423.754710197		
1478025124.32		422.05597937		419.889611232		424.50276667		
1478058767.57		422.781254622		420.602604444		425.234087658		
1478092410.81		423.459133698		421.284418798		425.928697594		
1478126054.05		424.158238623		421.97273677		426.644374453		
1478159697.3		424.809603818		422.618453113		427.29862536		
1478193340.54		425.510939107		423.319524501		428.017510769		
1478226983.78		426.152436392		423.973941862		428.662891594		
1478260627.03		426.803381299		424.623417447		429.322563121		
1478294270.27		427.467375666		425.287365659		429.976799115		
1478327913.51		428.124042752		425.947011094		430.629864078		
1478361556.76		428.742878967		426.571892797		431.237630983		
1478395200.0		429.384024799		427.215717071		431.870840068		
1478428843.24		429.995478838		427.8150611		432.480145293		
1478462486.49		430.594001354		428.422135654		433.068803664		
1478496129.73		431.192279748		429.03005794		433.643777822		
1478529772.97		431.798078066		429.638264865		434.230724918		
1478563416.22		432.405895356		430.245580971		434.839766798		
1478597059.46		432.985457445		430.84032313		435.436447711		
1478630702.7		433.56340701		431.434668535		436.008678614		
1478664345.95		434.162282313		432.030082449		436.615021461		
1478697989.19		434.741928298		432.599506895		437.167092347		
1478731632.43		435.313718491		433.172569089		437.730088752		
1478765275.68		435.905191082		433.758223606		438.300280141		
1478798918.92		436.468930906		434.316747087		438.842519053		
1478832562.16		437.053976022		434.891882649		439.397492889		
1478866205.41		437.623081296		435.461664347		439.933038246		
1478899848.65		438.195661137		436.021428022		440.468196666		
1478933491.89		438.760114843		436.585329956		441.01194962		
1478967135.14		439.325123589		437.17304484		441.575231517		
1479000778.38		439.865760713		437.734159021		442.106843135		
1479034421.62		440.443318583		438.3138289		442.654148509		
1479068064.86		440.97455752		438.8691406		443.172676671		
1479101708.11		441.519839165		439.427395628		443.689060843		
1479135351.35		442.089936447		439.987726003		444.247713611		
1479168994.59		442.619811512		440.54510625		444.766923587		
1479202637.84		443.140601756		441.09020914		445.300598579		
1479236281.08		443.681308255		441.64522874		445.830415083		
1479269924.32		444.208815339		442.189638657		446.329475075		
1479303567.57		444.741392753		442.735479033		446.829040376		
1479337210.81		445.256137979		443.283333963		447.322518715		
1479370854.05		445.789298248		443.833185963		447.849086602		
1479404497.3		446.315221372		444.372075814		448.352974961		
1479438140.54		446.854749208		444.939427433		448.889100092		
1479471783.78		447.37843459		445.466478915		449.407135506		
1479505427.03		447.927741434		446.014779162		449.933101103		
1479539070.27		448.453985487		446.546537201		450.438862067		
1479572713.51		448.987461833		447.069722548		450.939696282		
1479606356.76		449.52426978		447.619526919		451.445908744		
1479640000.0		450.051615441		448.143577469		451.965855609		
1479673643.24		450.55485762		448.666090531		452.432618216		
1479707286.49		451.075970724		449.193511477		452.948749178		
1479740929.73		451.589082276		449.734162265		453.482891506		
1479774572.97		425.98028728		423.605632732		428.504919745		
1479808216.22		365.445259108		359.819777363		370.879439884		
1479841859.46		366.755220166		361.167804774		371.731129465		
1479875502.7		380.909819584		375.366503671		385.804273861		
1479909145.95		384.360682463		378.97823735		389.074003556		
1479942789.19		387.748134278		382.421521526		392.225951964		
1479976432.43		391.020250847		385.928708854		395.354205041		
1480010075.68		394.197211282		389.347871466		398.36259394		
1480043718.92		397.274726273		392.59831054		401.304816343		
1480077362.16		400.252791415		395.760677841		404.155522486		
1480111005.41		403.165144633		398.773188771		406.962887504		
1480144648.65		405.905678044		401.69662001		409.541562947		
1480178291.89		405.448135632		401.641722676		408.784943593		
1480211935.14		404.905041606		401.455139083		408.044157229		
1480245578.38		404.471143938		401.24600806		407.46416256		
1480279221.62		404.04898514		401.034927742		406.990913538		
1480312864.86		403.68144159		400.921694682		406.485398288		
1480346508.11		403.333446751		400.627059219		406.174794862		
1480380151.35		402.989531066		400.398027716		405.747814971		
1480413794.59		402.731883214		400.176814202		405.422625806		
1480447437.84		402.547815727		399.895443499		405.200936001		
1480481081.08		402.348608252		399.682145436		404.928894512		
1480514724.32		402.252813926		399.580966174		404.757980464		
1480548367.57		402.173191541		399.327014605		404.622919952		
1480582010.81		402.10872858		399.163479156		404.544014931		
1480615654.05		402.008183812		399.033258354		404.61237833		
1480649297.3		401.921493856		398.829064074		404.773591478		
1480682940.54		401.90132678		398.709791045		404.841247647		
1480716583.78		401.885230969		398.636409381		405.00665285		
1480750227.03		401.88318465		398.50140867		405.140964693		
1480783870.27		401.905460778		398.514116236		405.227434251		
1480817513.51		401.902856626		398.492521276		405.360407087		
1480851156.76		401.936644611		398.413892053		405.440924644		
1480884800.0		402.02973011		398.453252951		405.612413638		
1480918443.24		402.174390544		398.414176886		405.814231275		
1480952086.49		404.882010521		401.229829317		408.387329241		
1480985729.73		408.165889046		404.612677606		411.515860141		
1481019372.97		411.385630955		407.919055012		414.569285919		
1481053016.22		414.449674812		411.106851657		417.543891182		
1481086659.46		417.40910436		414.131358328		420.358690069		
1481120302.7		420.306689201		417.069206951		423.179665617		
1481153945.95		423.08684107		419.985424297		425.882999954		
1481187589.19		425.791432469		422.838015068		428.509791334		
1481221232.43		428.466620338		425.70107021		431.097556834		
1481254875.68		430.99919634		428.331301577		433.534630761		
1481288518.92		433.432158514		430.822694679		435.872784679		
1481322162.16		435.760863807		433.223374225		438.101311034		
1481355805.41		438.027952313		435.554873725		440.344234095		
1481389448.65		440.221225143		437.79746979		442.493341291		
1481423091.89		442.356639754		439.952875751		444.531539996		
1481456735.14		444.394171882		442.110844381		446.570290951		
1481490378.38		446.400953701		444.240679557		448.563896549		
1481524021.62		448.344848687		446.233895979		450.477803897		
1481557664.86		450.186648565		448.089421221		452.272196717		
1481591308.11		451.775281377		449.694435933		453.821750091		
1481624951.35		453.226134024		451.142460597		455.269251956		
1481658594.59		454.576903498		452.593551465		456.707732458		
1481692237.84		455.990229788		453.968653248		458.08420917		
1481725881.08		457.370300795		455.290021342		459.440157493		
1481759524.32		458.734210009		456.594925985		460.825140603		
1481793167.57		460.059067612		457.89372431		462.198346118		
1481826810.81		461.267535853		459.076305692		463.470944408		
1481860454.05		462.532649662		460.263025725		464.691070239		
1481894097.3		463.748443516		461.393352846		465.955672368		
1481927740.54		464.911119021		462.500092206		467.148490612		
1481961383.78		466.062460863		463.570906639		468.336055881		
1481995027.03		467.201105709		464.609835829		469.480577997		
1482028670.27		468.290777851		465.565633899		470.55701625		
1482062313.51		469.404351242		466.505080662		471.642341491		
1482095956.76		470.505405795		467.481194558		472.755196261		
1482129600.0		471.596131891		468.403840761		473.809509396		
1482163243.24		472.579239293		469.268048219		474.821368571		
1482196886.49		463.247069182		461.139498053		465.214635674		
1482230529.73		453.459336419		451.116659132		455.911105652		
1482264172.97		444.453586183		441.117489541		447.937147114		
1482297816.22		436.037491888		431.630523657		440.578986272		
1482331459.46		428.306227224		422.806290668		433.843805882		
1482365102.7		423.215307753		416.882831145		429.41873777		
1482398745.95		426.411847269		420.332654657		432.364571189		
1482432389.19		429.643045809		423.785998092		435.421761726		
1482466032.43		432.693813146		427.15979983		438.233375604		
1482499675.68		435.690216993		430.484601327		441.014397558		
1482533318.92		438.511824519		433.626640184		443.684894903		
1482566962.16		441.28874461		436.593514546		446.154418349		
1482600605.41		443.993983494		439.48549023		448.647646952		
1482634248.65		446.662520825		442.252073402		451.045522761		
1482667891.89		449.116023733		444.964097677		453.354915415		
1482701535.14		451.569414702		447.496074735		455.67845653		
1482735178.38		453.948476943		450.078088701		457.762791682		
1482768821.62		456.210118256		452.542368037		459.956036931		
1482802464.86		458.354338802		454.895162219		461.983119911		
1482836108.11		460.403126175		457.163080416		463.900447013		
1482869751.35		462.438317174		459.257257032		465.815984081		
1482903394.59		464.411225309		461.350618706		467.707172889		
1482937037.84		466.325910012		463.376215192		469.561451017		
1482970681.08		465.779638625		462.782619794		468.823941175		
1483004324.32		467.706736768		464.714576225		470.695261182		
1483037967.57		469.61662693		466.609158953		472.536095246		
1483071610.81		471.42217399		468.509899051		474.369901745		
1483105254.05		473.16360186		470.367608444		476.053483459		
1483138897.3		474.863592849		471.949058207		477.693344406		
1483172540.54		476.490964235		473.532889665		479.298174572		
1483206183.78		478.046570811		475.145478257		480.853549175		
1483239827.03		479.554306565		476.595634258		482.396150978		
1483273470.27		481.0679317		477.96892733		483.868842526		
1483307113.51		482.557512406		479.347265772		485.324108211		
1483340756.76		484.040947653		480.703754739		486.790431835		
1483374400.0		485.411294041		482.03386974		488.21962835		
1483408043.24		486.767667883		483.260033354		489.550105307		
1483441686.49		488.117686282		484.457441442		490.841719219		
1483475329.73		489.360772216		485.547679844		492.118955446		
1483508972.97		490.55693414		486.62592135		493.35117922		
1483542616.22		491.722883748		487.700690908		494.555073856		
1483576259.46		492.948116403		488.747127213		495.760679362		
1483609902.7		494.096306642		489.781650053		496.929335099		
1483643545.95		495.181593897		490.755234925		498.081189055		
1483677189.19		496.289179519		491.696354633		499.151143901		
1483710832.43		497.422664237		492.627454231		500.246065748		
1483744475.68		498.555105915		493.54855676		501.331401712		
1483778118.92		499.605384163		494.457867518		502.473527421		
1483811762.16		500.65511033		495.346930374		503.543983392		
1483845405.41		501.673562345		496.248483708		504.568868381		
1483879048.65		502.639113122		497.077614218		505.58266371		
1483912691.89		503.610108902		497.875489284		506.593032732		
1483946335.14		504.564183238		498.665191935		507.584231615		
1483979978.38		505.509885493		499.488067715		508.540310931		
1484013621.62		506.505340129		500.376979789		509.525173627		
1484047264.86		507.506377787		501.208004385		510.512317396		
1484080908.11		508.435556504		501.98117804		511.4513144		
1484114551.35		509.29052289		502.699303644		512.340507115		
1484148194.59		510.139456377		503.402254066		513.186548128		
1484181837.84		510.994724842		504.063288182		514.017803809		
1484215481.08		511.868703022		504.800941068		514.911764669		
1484249124.32		512.698620149		505.508180195		515.753492378		
1484282767.57		513.435028008		506.121000359		516.521720446		
1484316410.81		514.166623592		506.732860367		517.308527966		
1484350054.05		514.909577174		507.300704731		518.060506036		
1484383697.3		515.678526745		507.949888005		518.820673304		
1484417340.54		516.438600327		508.564436808		519.608781292		
1484450983.78		517.2057174		509.206217672		520.391778105		
1484484627.03		517.980120619		509.858030807		521.200677027		
1484518270.27		518.683326324		510.442331352		521.950554928		
1484551913.51		519.368806033		510.998096322		522.675374279		
1484585556.76		520.062118496		511.567557981		523.411780143		
1484619200.0		520.708920089		512.065356554		524.080051335		
1484652843.24		521.384881051		512.627376555		524.775063523		
1484686486.49		522.094858185		513.219491468		525.519961141		
1484720129.73		522.801998597		513.791565066		526.249533676		
1484753772.97		523.463795784		514.343999444		526.923173843		
1484787416.22		415.040461648		407.749455524		417.793981207		
1484821059.46		415.574462777		408.196792253		418.356989944		
1484854702.7		416.09890225		408.624065304		418.922887937		
1484888345.95		416.625910662		409.067110185		419.485867947		
1484921989.19		417.165683199		409.521780715		420.054551511		
1484955632.43		499.018986319		489.765766518		502.513851345		
1484989275.68		499.696783154		490.334381842		503.2321612		
1485022918.92		500.385270793		490.897299893		503.948100911		
1485056562.16		501.041142752		491.429573623		504.645865431		
1485090205.41		501.675777831		491.955663412		505.319577225		
1485123848.65		502.334564935		492.500185794		506.006896616		
1485157491.89		502.969299836		492.994268072		506.658646706		
1485191135.14		503.59063449		493.486682947		507.289689383		
1485224778.38		498.827793135		488.846305469		502.474988225		
1485258421.62		487.436799164		477.813321453		490.988748869		
1485292064.86		476.790651355		467.453960912		480.305428553		
1485325708.11		472.332064301		462.96590081		475.850091617		
1485359351.35		474.04029176		464.460365151		477.580949364		
1485392994.59		475.706358194		465.917601956		479.275509413		
1485426637.84		477.368244184		467.439773018		480.956981226		
1485460281.08		400.931404789		392.490384085		403.949693217		
1485493924.32		402.326774564		393.725244252		405.371868668		
1485527567.57		403.689299427		394.921293919		406.77506006		
1485561210.81		405.019011829		396.056912665		408.133508618		
1485594854.05		406.299954853		397.109562776		409.433112835		
1485628497.3		407.548983874		398.146621898		410.705036625		
1485662140.54		408.763549698		399.153622056		411.954986034		
1485695783.78		409.959070541		400.205656339		413.20298294		
1485729427.03		411.12061372		401.217469836		414.415876128		
1485763070.27		412.259927305		402.206816452		415.578544871		
1485796713.51		413.372882032		403.15258468		416.70888519		
1485830356.76		476.09962805		464.128099054		479.938915842		
1485864000.0		477.306405418		465.101974717		481.154966116		
1485897643.24		478.491297788		466.077964921		482.362801597		
1485931286.49		479.643070169		467.065697387		483.52891391		
1485964929.73		460.893148708		454.426296547		466.145695306		
1485998572.97		453.814364191		443.832553991		465.624599214		
1486032216.22		455.605553866		445.946574447		466.765511364		
1486065859.46		467.540666715		458.083450669		477.696378069		
1486099502.7		469.50828285		460.593409238		478.775672922		
1486133145.95		471.434685842		463.023371901		479.597692852		
1486166789.19		473.112135611		465.370476874		480.409885157		
1486200432.43		474.817890061		467.77211574		481.335758069		
1486234075.68		476.450059665		470.038332884		482.184168242		
1486267718.92		478.207458275		472.174923613		483.102904655		
1486301362.16		479.821168833		474.197572215		484.09687788		
1486335005.41		481.145568641		476.25525472		484.962262906		
1486368648.65		482.479822731		478.208185992		485.81913751		
1486402291.89		483.713311111		479.930274761		486.858986208		
1486435935.14		485.009854223		481.43221326		487.91924989		
1486469578.38		486.352225747		482.809052277		489.212953556		
1486503221.62		487.591911637		484.410115548		490.467928435		
1486536864.86		488.631103333		485.804805916		491.97070762		
1486570508.11		489.759967181		486.995105825		493.518151586		
1486604151.35		490.927481841		488.035035927		495.004709351		
1486637794.59		492.155604218		488.877283678		496.506469371		
1486671437.84		493.320274599		489.715488096		497.873341782		
1486705081.08		494.688807796		490.353580579		499.03822217		
1486738724.32		496.174963526		490.999805655		500.269712544		
1486772367.57		497.471507919		491.594007934		501.439563617		
1486806010.81		498.804951386		492.242903841		502.674214279		
1486839654.05		500.090328937		492.826287796		503.982579202		
1486873297.3		501.350999713		493.393607145		505.160353057		
1486906940.54		502.636723499		493.997522712		506.35851494		
1486940583.78		503.893432029		494.606329347		507.593772054		
1486974227.03		505.056914391		495.161684728		508.757917655		
1487007870.27		506.200661649		495.745714374		509.974209187		
1487041513.51		507.336962196		496.344844704		511.181260815		
1487075156.76		508.467704505		496.96262816		512.284449797		
1487108800.0		509.553296675		497.533112963		513.318664073		
1487142443.24		510.622356287		498.115599701		514.439689957		
1487176086.49		511.713958275		498.704262962		515.533189602		
1487209729.73		512.833146103		499.362895373		516.620510793		
1487243372.97		513.881445793		499.962130693		517.734086518		
1487277016.22		515.823002431		500.86055031		519.636373045		
1487310659.46		516.796945421		500.955591413		520.489522028		
1487344302.7		517.686582677		501.508984484		521.388697987		
1487377945.95		518.609927703		502.080290328		522.296198579		
1487411589.19		519.46884687		502.650776899		523.19105689		
1487445232.43		520.313830902		503.185348434		524.005541168		
1487478875.68		521.138057454		503.734384381		524.847225525		
1487512518.92		522.029526569		504.351561007		525.709733598		
1487546162.16		522.844852838		504.912933627		526.467824465		
1487579805.41		523.673358606		505.529795365		527.174299826		
1487613448.65		524.400678386		506.082556795		527.86395943		
1487647091.89		525.205002372		506.688746313		528.570750497		
1487680735.14		526.024481895		507.312725231		529.288801268		
1487714378.38		526.690077987		507.904210474		529.959500928		
1487748021.62		527.41250125		508.531811492		530.610033552		
1487781664.86		528.075452757		509.129621696		531.286676516		
1487815308.11		528.810733064		509.817993915		532.040758419		
1487848951.35		529.489398419		510.440575058		532.688328869		
1487882594.59		530.084451445		511.08217629		533.31641253		
1487916237.84		530.704013919		511.701671862		533.875131159		
1487949881.08		531.160006556		512.249399464		534.418267133		
1487983524.32		531.684007127		512.844126893		534.974643304		
1488017167.57		532.166296201		513.432933002		535.497360689		
1488050810.81		532.658311075		514.048152767		536.031210527		
1488084454.05		533.106163188		514.671179159		536.558244025		
1488118097.3		533.602954712		515.267636543		537.030696768		
1488151740.54		534.007896106		515.877045354		537.508901116		
1488185383.78		534.433861463		516.48963431		537.952232066		
1488219027.03		534.895116368		517.12306927		538.412917896		
1488252670.27		535.41806645		517.805037192		538.922012816		
1488286313.51		535.814745226		518.445606034		539.347506279		
1488319956.76		536.165177849		519.062277204		539.732939378		
1488353600.0		536.548063804		519.692215324		540.120593205		
1488387243.24		536.931156318		520.320129876		540.518954425		
1488420886.49		537.380948423		521.046104164		541.009034709		
1488454529.73		537.790509968		521.716926903		541.463423298		
1488488172.97		538.200842425		522.424548956		541.86743405		
1488521816.22		538.585469287		523.059528574		542.221986927		
1488555459.46		538.968070957		523.772744736		542.624681107		
1488589102.7		539.3071687		524.449987752		542.963943103		
1488622745.95		539.687513283		525.165789964		543.327351482		
1488656389.19		540.026717431		525.837790931		543.647299995		
1488690032.43		540.29744082		526.457064518		543.912897396		
1488723675.68		540.562849342		527.070152497		544.178211494		
1488757318.92		539.625898727		526.51540404		543.211441022		
1488790962.16		539.572345876		526.699889157		543.164946176		
1488824605.41		540.071241523		527.550848924		543.654606662		
1488858248.65		540.552047909		528.421958074		544.123349884		
1488891891.89		541.08072293		529.335421371		544.618876009		
1488925535.14		541.5483621		530.203745781		545.072053938		
1488959178.38		541.972899543		531.042569514		545.534556512		
1488992821.62		542.426107711		531.894085293		545.961265461		
1489026464.86		542.953208634		532.813333256		546.460863341		
1489060108.11		543.41510986		533.668185627		546.881241229		
1489093751.35		544.902394624		534.75886686		548.400298542		
1489127394.59		545.228996064		535.233323448		548.701001582		
1489161037.84		545.622718382		536.061559977		549.059082393		
1489194681.08		545.996836242		536.925423755		549.412240102		
1489228324.32		546.43946706		537.834688752		549.852574746		
1489261967.57		546.898841004		538.742357119		550.303466875		
1489295610.81		547.29854984		539.630884863		550.641669042		
1489329254.05		547.680467047		540.530723231		551.004300257		
1489362897.3		547.994322352		541.372827778		551.298623616		
1489396540.54		548.301131894		542.143766717		551.572334808		
1489430183.78		548.590689201		542.928625992		551.896475138		
1489463827.03		548.88614493		543.744377912		552.201565501		
1489497470.27		549.199596351		544.46358163		552.449815096		
1489531113.51		549.549219289		545.224704722		552.760890074		
1489564756.76		549.891113749		545.989960176		553.050830368		
1489598400.0		550.291124321		546.791445709		553.387019459		
1489632043.24		550.671441637		547.53573397		553.615327315		
1489665686.49		551.07495728		548.282466446		553.90598704		
1489699329.73		551.42793511		548.9168151		554.175489645		
1489732972.97		551.830341509		549.564510212		554.396819753		
1489766616.22		552.321427516		550.09424625		554.832870878		
1489800259.46		552.837494066		550.688213806		555.26808789		
1489833902.7		553.327333292		551.206389979		555.615941124		
1489867545.95		553.686644657		551.666052935		555.926059329		
1489901189.19		554.108061784		551.991824302		556.351282711		
1489934832.43		554.4303986		552.285883317		556.830239983		
1489968475.68		554.912487345		552.63638707		557.359913864		
1490002118.92		555.33856675		552.86882405		557.907997744		
1490035762.16		555.679129205		553.124457956		558.494804693		
1490069405.41		556.084617061		553.301207424		559.080067282		
1490103048.65		556.523857538		553.55055945		559.793370438		
1490136691.89		556.801402079		553.759863714		560.491815442		
1490170335.14		557.173397872		553.951591394		561.182409652		
1490203978.38		557.357188147		554.075767898		561.860964011		
1490237621.62		557.64359173		554.315439238		562.618608905		
1490271264.86		557.904953294		554.55474952		563.420505312		
1490304908.11		558.19054189		554.788052405		564.256297012		
1490338551.35		558.384785495		554.932449622		565.01138741		
1490372194.59		558.592082082		555.098924959		565.749467401		
1490405837.84		558.853423901		555.375107041		566.587905899		
1490439481.08		559.107797598		555.581117351		567.406508978		
1490473124.32		559.311198221		555.785856378		568.17284376		
1490506767.57		559.534249582		555.991783449		568.970966719		
1490540410.81		559.721263792		556.198005807		569.758755434		
1490574054.05		559.912059343		556.3834505		570.541053864		
1490607697.3		560.10618588		556.564966437		571.32553526		
1490641340.54		560.391042624		556.795570461		572.195128267		
1490674983.78		560.656626576		556.999068268		573.057915777		
1490708627.03		560.940102876		557.215465654		573.946702766		
1490742270.27		561.150546986		557.360628327		574.747991294		
1490775913.51		561.406266979		557.581569166		575.602864057		
1490809556.76		561.754042619		557.874992342		576.55348406		
1490843200.0		562.079155671		558.137171305		577.480933951		
1490876843.24		562.323959778		558.329710369		578.338295887		
1490910486.49		562.554591873		558.496015805		579.170124806		
1490944129.73		562.850938127		558.741151266		580.068596157		
1490977772.97		563.161392533		558.993258273		580.987009889		
1491011416.22		563.483804461		559.275344867		581.90715218		
1491045059.46		563.89717483		559.645261069		582.951007892		
1491078702.7		564.260098518		559.981014128		583.94696243		
1491112345.95		564.597403208		560.260301681		584.90543455		
1491145989.19		564.871033375		560.480099939		585.802752295		
1491179632.43		565.104634678		560.699787316		586.665942791		
1491213275.68		565.286762689		560.858076264		587.494545927		
1491246918.92		565.49621249		561.057843056		588.367385024		
1491280562.16		565.77084226		561.270423482		589.302194248		
1491314205.41		566.033678692		561.509286147		590.214241805		
1491347848.65		566.340737918		561.773824554		591.176731133		
1491381491.89		566.599464008		561.957239865		592.068327992		
1491415135.14		566.929869963		562.191024613		593.036256255		
1491448778.38		567.185926288		562.453797058		593.947105797		
1491482421.62		567.461245867		562.665033413		594.861743185		
1491516064.86		565.949978964		561.141985292		593.806080993		
1491549708.11		566.21395982		561.369547811		594.706990053		
1491583351.35		566.541463228		561.603218965		595.677360628		
1491616994.59		566.845133607		561.850847869		596.661573907		
1491650637.84		567.176605113		562.155209425		597.666549284		
1491684281.08		567.523860252		562.41860977		598.662533601		
1491717924.32		567.831032219		562.653350253		599.658600795		
1491751567.57		568.167546452		562.891177444		600.655122415		
1491785210.81		568.465857682		563.168311401		601.653299065		
1491818854.05		568.823330582		563.46139806		602.65320495		
1491852497.3		569.179645412		563.733659105		603.654912838		
1491886140.54		569.535416181		563.990280322		604.664655278		
1491919783.78		569.889077601		564.260728554		605.68208966		
1491953427.03		570.24047675		564.532352472		606.701616168		
1491987070.27		570.59094646		564.790558196		607.723303043		
1492020713.51		570.927532218		565.035443417		608.747210957		
1492054356.76		571.232172105		565.277649884		609.770957845		
1492088000.0		571.559512924		565.544658232		610.792196663		
1492121643.24		571.888800534		565.801688318		611.819967443		
1492155286.49		572.154660111		566.015068768		612.862675136		
1492188929.73		572.433251967		566.264093354		613.907981346		
1492222572.97		572.791376282		566.504368652		614.955349156		
1492256216.22		573.137073573		566.721725634		615.994401495		
1492289859.46		573.408840019		566.966791085		617.03865984		
1492323502.7		573.70224637		567.184964368		618.084142111		
1492357145.95		574.037887938		567.41319658		619.126210576		
1492390789.19		574.359431074		567.654442581		620.174627173		
1492424432.43		574.656707929		567.889473319		621.221807335		
1492458075.68		574.967048158		568.090479799		622.272805162		
1492491718.92		575.299615246		568.304064451		623.327089363		
1492525362.16		575.622457181		568.563025837		624.384305438		
1492559005.41		575.942287795		568.822415842		625.444497051		
1492592648.65		576.259897086		569.08146491		626.50770413		
1492626291.89		576.581470323		569.353541228		627.574097228		
1492659935.14		576.912648733		569.599498479		628.644989499		
1492693578.38		577.241682151		569.839022026		629.719024511		
1492727221.62		577.521135842		570.048632797		630.796238873		
1492760864.86		577.855040662		570.271989672		631.876670571		
1492794508.11		578.20040584		570.504390855		632.960354822		
1492828151.35		578.562760855		570.72881586		634.055495693		
1492861794.59		578.903265461		570.965528001		635.156341162		
1492895437.84		579.234281405		571.229117734		636.260621941		
1492929081.08		579.580615534		571.499531635		637.368372263		
1492962724.32		579.926540661		571.728611165		638.479626487		
1492996367.57		580.273490839		571.943621955		639.594416954		
1493030010.81		580.620062634		572.158467782		640.712776767		
1493063654.05		580.966744046		572.376657573		641.834738741		
1493097297.3		581.310455916		572.589606965		642.960333964		
1493130940.54		581.656502199		572.815805184		644.089594575		
1493164583.78		582.002696512		573.050964056		645.222552118		
1493198227.03		582.349050091		573.288972234		646.359236659		
1493231870.27		582.663956224		573.520356172		647.499679532		
1493265513.51		582.997515976		573.747772691		648.643405966		
1493299156.76		583.352854627		573.981239395		649.789398381		
1493332800.0		583.692072141		574.215414607		650.93182275		
1493366443.24		584.018347945		574.454104538		652.07714353		
1493400086.49		584.344532531		574.69297458		653.231407955		
1493433729.73		584.681254329		574.932552373		654.379495149		
1493467372.97		585.029171274		575.206440744		655.530610485		
1493501016.22		585.374714451		575.479245476		656.682379383		
1493534659.46		585.702347554		575.714522765		657.838030737		
1493568302.7		586.022122165		575.932033782		659.001092854		
1493601945.95		586.341075348		576.149559866		660.178898286		
1493635589.19		586.671507026		576.364021058		661.344547584		
1493669232.43		586.993824778		576.590107224		662.511289928		
1493702875.68		587.332338486		576.822821367		663.688765607		
1493736518.92		587.659036864		577.061375907		664.870303602		
1493770162.16		587.985982846		577.317131383		666.051206028		
1493803805.41		588.313182023		577.563734348		667.250521768		
1493837448.65		588.640640024		577.795139549		668.448487676		
1493871091.89		588.968361798		578.015366593		669.650653041		
1493904735.14		589.29635237		578.221670121		670.857045088		
1493938378.38		589.643150248		578.422682185		672.067691153		
1493972021.62		589.996465865		578.623743528		673.29191153		
1494005664.86		590.337348018		578.846972102		674.529949915		
1494039308.11		590.660216328		579.08071515		675.772459356		
1494072951.35		590.987609303		579.334525939		677.019468042		
1494106594.59		591.335005747		579.56217208		678.271004652		
1494140237.84		591.682741111		579.762854119		679.526395012		
1494173881.08		592.030818878		579.96360727		680.776680379		
1494207524.32		592.379242822		580.164459885		682.02384394		
1494241167.57		592.72529667		580.371758575		683.275516478		
1494274810.81		593.047536974		580.574876422		684.531725414		
1494308454.05		593.358585302		580.774482812		685.792498743		
1494342097.3		593.66990817		580.974172649		687.057864278		
1494375740.54		594.00265509		581.173948278		688.254003052		
1494409383.78		594.363131988		581.373812294		689.544833202		
1494443027.03		594.713511833		581.583927817		690.840461983		
1494476670.27		595.039361796		581.831568411		692.140918497		
1494510313.51		595.365526823		582.081982665		693.446232262		
1494543956.76		595.692009266		582.332574095		694.749586565		
1494577600.0		596.018811389		582.583344611		696.048937564		
1494611243.24		596.345935544		582.832460844		697.351715296		
1494644886.49		596.673383847		583.074903515		698.657442063		
1494678529.73		597.001158373		583.307276383		699.970282576		
1494712172.97		597.332151297		583.516650799		701.288028668		
1494745816.22		597.669378106		583.726145856		702.610709547		
1494779459.46		598.009485767		583.932408192		703.938354647		
1494813102.7		598.349953578		584.135104288		705.270993624		
1494846745.95		598.690783333		584.337914604		706.607502975		
1494880389.19		599.032193		584.556240045		707.948238901		
1494914032.43		599.37881528		584.78203292		709.294043243		
1494947675.68		599.725816781		585.007977649		710.652646053		
1494981318.92		600.056324949		585.235916124		712.012739647		
1495014962.16		600.381513275		585.467148476		713.378023962		
1495048605.41		600.707035211		585.698543734		714.745833009		
1495082248.65		601.021212586		585.931213311		716.117157936		
1495115891.89		601.331645246		586.16494719		717.490588129		
1495149535.14		601.659464189		586.398850514		718.86172001		
1495183178.38		601.997020689		586.632924316		720.246594651		
1495216821.62		602.351210732		586.880278398		721.639392884		
1495250464.86		602.709774351		587.131357794		723.037569309		
1495284108.11		603.068751752		587.382638333		724.441156087		
1495317751.35		603.417870752		587.618324063		725.850185509		
1495351394.59		603.762476946		587.843550616		727.268631505		
1495385037.84		604.107464953		588.068937539		728.695144127		
1495418681.08		604.452835961		588.294485561		730.127248782		
1495452324.32		604.798591123		588.532137208		731.564979082		
1495485967.57		605.144731626		588.791179127		733.00836895		
1495519610.81		605.491258592		589.050439651		734.45745249		
1495553254.05		605.83824247		589.308920482		735.913347424		
1495586897.3		606.194699925		589.537242785		737.371116795		
1495620540.54		606.551568534		589.772415563		738.833789322		
1495654183.78		606.90884942		590.009965373		740.302264957		
1495687827.03		607.266543708		590.284821591		741.776578847		
1495721470.27		607.621599406		590.559927894		743.25676635		
1495755113.51		607.962654766		590.810210182		744.742863116		
1495788756.76		608.304086387		591.030516886		746.234905076		
1495822400.0		608.657460001		591.253091074		747.732928389		
1495856043.24		609.02145132		591.481894769		749.254041795		
1495889686.49		609.385872749		591.751455697		750.783958972		
1495923329.73		609.743964595		592.018715531		752.321564234		
1495956972.97		610.100847977		592.282336392		753.8668018		
1495990616.22		610.458369959		592.541998643		755.418393013		
1496024259.46		610.8163065		592.754415173		756.976377445		
1496057902.7		611.174658575		592.96713998		758.540795027		
1496091545.95		611.533427135		593.184851279		760.111685992		
1496125189.19		611.888163033		593.436031715		761.689090869		
1496158832.43		612.237049072		593.690162002		763.273050558		
1496192475.68		612.5863292		593.909449611		764.860199063		
1496226118.92		612.93600426		594.13892534		766.448462338		
1496259762.16		613.286075114		594.389565862		768.043330586		
1496293405.41		613.636542603		594.640415334		769.644845324		
1496327048.65		613.987407555		594.89147417		771.251121018		
1496360691.89		614.338670812		595.145960865		772.862867919		
1496394335.14		614.692146279		595.402143812		774.481361165		
1496427978.38		615.046947591		595.617930705		776.106369962		
1496461621.62		615.40215601		595.824813206		777.728347081		
1496495264.86		615.757772362		596.031837329		779.35463902		
1496528908.11		616.113797469		596.239003355		780.987742994		
1496562551.35		616.470232159		596.442860674		782.627702069		
1496596194.59		616.827077246		596.643470661		784.274559653		
1496629837.84		617.184333546		596.844213096		785.928359518		
1496663481.08		617.542001875		597.072264086		787.589145807		
1496697124.32		617.902181922		597.315214591		789.25696302		
1496730767.57		618.264402921		597.558360993		790.931856037		
1496764410.81		618.628599013		597.801703624		792.616136796		
1496798054.05		618.989422353		598.02538693		794.307902265		
1496831697.3		619.349106914		598.24514989		796.00690265		
1496865340.54		619.722445143		598.475229945		797.712019954		
1496898983.78		620.08966759		598.721426879		799.423683866		
1496932627.03		620.456009953		598.967824995		801.142706903		
1496966270.27		620.822784068		599.21442461		802.869136728		
1496999913.51		621.189990756		599.47704808		804.603021405		
1497033556.76		621.557630851		599.746216539		806.344409422		
1497067200.0		621.92570518		599.990569443		808.09334968		
