1463461200.0		6.1716294299		3.36358706254		25.1632731432		
1463515949.55		2.94941476142		2.90547887291		3.01133713182		
1463570699.1		3.15420473945		3.11390721484		3.19119644492		
1463625448.65		3.36800826073		3.32724734155		3.40781809435		
1463680198.2		3.59948591518		3.55651481143		3.64132742146		
1463734947.75		3.88570437227		3.83916985429		3.93019123215		
1463789697.3		4.15245628411		4.1026559599		4.19991142671		
1463844446.85		4.4627365807		4.40926367644		4.51375059173		
1463899196.4		4.79454395736		4.73715820679		4.84969043743		
1463953945.95		5.13290167643		5.07067801037		5.19067462151		
1464008695.5		5.53255036636		5.46559950269		5.59468566163		
1464063445.05		5.81805865387		5.74814778643		5.88264650343		
1464118194.59		6.09102656197		6.0182123587		6.1591116878		
1464172944.14		6.59209512655		6.51355371253		6.66486173305		
1464227693.69		7.01463785532		6.93157567306		7.0920488462		
1464282443.24		7.42916340244		7.34043799996		7.5104282169		
1464337192.79		7.93670356938		7.84242856675		8.02351620899		
1464391942.34		8.43363673585		8.33494293748		8.52659214875		
1464446691.89		8.98055819044		8.87712670817		9.08008872978		
1464501441.44		9.56984029227		9.4596395349		9.67637884784		
1464556190.99		10.1617032788		10.0460170777		10.2748893087		
1464610940.54		10.8215192107		10.6990049166		10.9420131479		
1464665690.09		11.495207185		11.3654846435		11.6231780783		
1464720439.64		12.2005708288		12.0633406135		12.3357116852		
1464775189.19		13.0151336856		12.8706677196		13.1599441565		
1464829938.74		13.7739823172		13.622869108		13.9274927319		
1464884688.29		14.6451852691		14.4832126014		14.8080165075		
1464939437.84		15.5609493637		15.3912647165		15.7350304436		
1464994187.39		16.4227809362		16.2447036265		16.6056973116		
1465048936.94		17.4241336731		17.2359431373		17.6180189549		
1465103686.49		18.8410740736		18.642125848		19.0519449496		
1465158436.04		20.6099777863		20.3985649887		20.8432267389		
1465213185.59		22.5185549217		22.2914881575		22.7737846182		
1465267935.14		24.4747553809		24.2287986797		24.7490676474		
1465322684.68		26.7451960933		26.4787275387		27.0443638088		
1465377434.23		29.1908289297		28.9063845651		29.519066988		
1465432183.78		31.8127877333		31.5021136845		32.1667840757		
1465486933.33		34.6128264563		34.2753749843		34.9924526474		
1465541682.88		37.612079376		37.2540168109		38.0171990979		
1465596432.43		40.8090497199		40.4253709736		41.2494760154		
1465651181.98		44.219459009		43.8085424637		44.6904970739		
1465705931.53		47.8441227247		47.4013268452		48.3511836128		
1465760681.08		51.6994595582		51.2171362539		52.2490384837		
1465815430.63		55.7809140524		55.2671499747		56.3683867734		
1465870180.18		60.0700016061		59.512213302		60.6950090943		
1465924929.73		64.4894651083		63.8891347897		65.1393107645		
1465937519.0		65.5331198959		64.9204354091		66.1945882669		
1465937520.0		65.5332042502		64.9205185894		66.1946729046		
1465937521.0		65.5332886047		64.92060177		66.1947575424		
1465979679.28		34.5905843342		33.6034254101		35.8009573302		
1466034428.83		35.2051597604		34.3611928751		36.3211230784		
1466089178.38		36.3091139672		35.4641692798		37.4173380388		
1466143927.93		37.4478432711		36.5834774316		38.5793832074		
1466198677.48		38.600917418		37.7272155969		39.724228708		
1466253427.03		39.7813736912		38.8822071041		40.9161937451		
1466308176.58		40.973191917		40.0600208281		42.1246512782		
1466362926.13		42.1746757285		41.2516480978		43.3463962151		
1466417675.68		43.3831549413		42.4521001098		44.5803774586		
1466472425.23		44.6166982699		43.6748686725		45.820901695		
1466527174.77		45.8744041731		44.9120035384		47.0743459752		
1466581924.32		49.187506146		48.1681135201		50.4265450214		
1466636673.87		52.9763447175		51.8958057397		54.2867314531		
1466691423.42		56.9805330858		55.8367954955		58.3712385037		
1466746172.97		61.1946478723		60.0059089721		62.6854038218		
1466800922.52		65.6414414883		64.3837305677		67.1644840812		
1466855672.07		70.2905216818		68.9870038748		71.8876611021		
1466910421.62		75.1362650431		73.7706565944		76.8300145534		
1466965171.17		80.1967810173		78.8067326219		81.9627326685		
1467019920.72		85.4645905036		84.0301001948		87.287383145		
1467074670.27		90.898870325		89.4054214022		92.8056235766		
1467129419.82		89.0386815497		87.6109098157		90.8801095636		
1467184169.37		102.261299938		100.698310793		104.326257126		
1467238918.92		108.233154343		106.588593967		110.350048198		
1467293668.47		106.930685625		105.316132893		108.947627309		
1467348418.02		120.375904732		118.603681673		122.58519036		
1467403167.57		126.587357143		124.809898446		128.877901844		
1467457917.12		132.884338151		131.066376458		135.236788674		
1467512666.67		139.168595124		137.219799055		141.54007895		
1467567416.22		145.451855913		143.440510884		147.900673472		
1467622165.77		151.734582496		149.564075843		154.219407212		
1467676915.32		157.98995674		155.714722628		160.490529233		
1467731664.86		164.176479038		161.812338904		166.676624027		
1467786414.41		170.241715861		167.787876451		172.74657928		
1467841163.96		176.209896834		173.674602808		178.686133033		
1467895913.51		182.056072934		179.440659674		184.531237515		
1467950663.06		187.8764989		185.218541352		190.311738815		
1468005412.61		193.292467596		190.426392336		195.732643423		
1468060162.16		198.588658163		195.733349534		201.015576853		
1468114911.71		203.758678692		200.729514386		206.147653286		
1468169661.26		208.723811839		205.647521222		211.163859311		
1468224410.81		213.467251296		210.354450905		215.867208976		
1468279160.36		218.055634367		214.764074172		220.463977608		
1468333909.91		222.492126799		219.136919878		224.946178026		
1468388659.46		226.646527993		223.20137028		229.188962051		
1468443409.01		230.64617916		227.099637029		233.177188802		
1468498158.56		250.943852202		247.101784398		253.713818033		
1468552908.11		254.710257453		250.741017721		257.502610307		
1468597799.0		257.647904346		253.447421441		260.412908391		
1468597800.0		257.647966039		253.447483873		260.412970626		
1468597801.0		257.648027732		253.447546306		260.413032861		
1468607657.66		165.280068713		158.34797571		179.721150155		
1468662407.21		137.781043755		133.954027156		143.050544076		
1468717156.76		144.034934509		140.356891158		148.415477673		
1468771906.31		150.869092406		147.206914795		155.058281331		
1468826655.86		157.70414473		154.058138737		161.817071739		
1468881405.41		164.493264206		160.941469144		168.567039788		
1468936154.95		171.251733171		167.793954837		175.160347988		
1468990904.5		176.11583109		172.812106741		179.810834986		
1469045654.05		182.754072756		179.545934924		186.146212557		
1469100403.6		189.455695202		186.338001179		192.661143574		
1469155153.15		195.908197976		192.864434561		198.906135421		
1469209902.7		181.862213742		179.294389635		184.317328594		
1469264652.25		187.140623234		184.601527297		189.355243419		
1469319401.8		192.118119831		189.669992328		194.187498896		
1469374151.35		196.927510578		194.700425664		198.887253938		
1469428900.9		201.518861795		199.507778053		203.516141872		
1469483650.45		206.003227624		204.042394286		207.904760629		
1469538400.0		210.247804805		208.324883483		212.215593285		
1469593149.55		205.122009035		203.180872303		206.895482819		
1469647899.1		208.902143366		206.865471785		210.671737576		
1469702648.65		212.489951563		210.398583458		214.238208338		
1469757398.2		220.932927245		218.734268873		222.777433131		
1469812147.75		224.33131267		221.922240589		226.134472361		
1469866897.3		241.537752796		238.937587873		243.485857389		
1469921646.85		244.753348064		242.039775936		246.65071471		
1469976396.4		247.808786477		244.912272984		249.710424487		
1470031145.95		250.700328827		247.619854484		252.609776098		
1470085895.5		238.048051104		234.979353856		239.876849442		
1470140645.05		256.010572445		252.596093442		257.978713925		
1470195394.59		240.249111261		237.07453642		242.012349866		
1470250144.14		242.612215782		239.498915972		244.372215215		
1470304893.69		244.900226599		241.848676094		246.595349518		
1470359643.24		246.529884872		243.509324868		248.241276273		
1470414392.79		248.762411464		245.844660032		250.485057997		
1470469142.34		250.714423227		247.878772884		252.375460505		
1470523891.89		249.774609163		246.947905643		251.364347731		
1470578641.44		251.565255785		248.747953784		253.187700782		
1470633390.99		253.343052069		250.579643445		254.984126841		
1470688140.54		255.0536023		252.361082855		256.709226309		
1470742890.09		276.130961497		273.261910376		277.921200383		
1470797639.64		277.543994671		274.790933714		279.313014767		
1470852389.19		277.793004548		275.095298176		279.575218641		
1470907138.74		277.911620531		275.234043027		279.683322161		
1470961888.29		278.200649017		275.689048918		279.897861194		
1471016637.84		278.743927984		276.596390139		280.387940485		
1471071387.39		279.334608126		277.402922329		280.922852162		
1471126136.94		279.881083097		278.236499123		281.418014689		
1471180886.49		280.397871445		278.942224851		281.951616352		
1471235636.04		280.983887182		279.59942201		282.450366274		
1471290385.59		281.534518352		280.232363137		282.971698182		
1471345135.14		282.136176862		280.76377191		283.575706814		
1471399884.68		282.690142918		281.245684283		284.191308866		
1471454634.23		283.237283037		281.656795193		284.839235718		
1471509383.78		283.817658227		282.1584653		285.55014133		
1471564133.33		284.358788863		282.585121064		286.220208618		
1471618882.88		284.854411043		283.012918372		286.813521218		
1471673632.43		285.317442531		283.432999948		287.424193362		
1471728381.98		285.736273601		283.824869872		287.97142943		
1471783131.53		286.145156981		284.19057161		288.532126138		
1471837881.08		286.629146259		284.639284697		289.070974753		
1471879999.0		287.096657453		285.09798574		289.601724958		
1471880000.0		287.096684993		285.09801018		289.60175133		
1471880001.0		287.096712533		285.09803462		289.601777703		
1471892630.63		287.722593463		285.765755394		290.064413818		
1471947380.18		273.928226884		272.518458789		275.383134715		
1472002129.73		261.153545842		259.780211153		262.454293961		
1472056879.28		246.541050233		244.688057005		247.992704687		
1472111628.83		239.995016659		237.985173725		241.483347375		
1472166378.38		231.335895088		229.467576503		232.8048803		
1472221127.93		206.896051652		205.280785447		208.330593052		
1472275877.48		215.968550404		214.348359657		217.543636762		
1472330627.03		209.154875951		207.580818897		210.774111157		
1472385376.58		202.883305994		201.32645653		204.463909612		
1472440126.13		197.003024981		195.53769274		198.555021964		
1472494875.68		191.519870459		190.109267326		193.047436331		
1472549625.23		186.406569125		185.003210847		187.870794343		
1472604374.77		181.585056437		180.229935339		183.033510702		
1472659124.32		177.027832625		175.746669238		178.462771059		
1472713873.87		172.776378256		171.516205966		174.157180155		
1472768623.42		168.740871126		167.489070687		170.086992619		
1472799999.0		166.543260433		165.281059308		167.883718012		
1472800000.0		166.543191196		165.280986721		167.883647475		
1472800001.0		166.543121958		165.280914134		167.883576939		
1472823372.97		164.726032837		163.507221494		166.01687187		
1472878122.52		168.087815436		166.920364932		169.352364324		
1472932872.07		174.389503737		173.259330992		175.666301925		
1472987621.62		180.682301245		179.551076788		181.964651761		
1473042371.17		186.887989716		185.793266558		188.180484331		
1473097120.72		193.238844049		192.174346216		194.551529459		
1473151870.27		199.26831385		198.183927564		200.557956096		
1473206619.82		205.29010555		204.236163829		206.543490325		
1473261369.37		211.181170918		210.137778714		212.450593359		
1473316118.92		216.998329791		215.875474977		218.238565264		
1473370868.47		222.647105975		221.473342835		223.918579379		
1473425618.02		228.087894894		226.869377691		229.380135752		
1473480367.57		233.37062533		232.147820548		234.780108172		
1473535117.12		238.518423804		237.321734955		240.084561896		
1473589866.67		243.538140403		242.3111068		245.151543612		
1473644616.22		248.367470389		247.131273068		250.11263374		
1473699365.77		253.099996989		251.865722821		254.858664761		
1473754115.32		257.664400544		256.417093377		259.422007063		
1473808864.86		262.421283108		261.19196454		264.144410198		
1473863614.41		266.918856734		265.68541745		268.421081934		
1473918363.96		270.6136305		269.511455243		271.994865051		
1473973113.51		274.581587282		273.447120388		276.112784449		
1474027863.06		278.436709827		277.245583825		279.992802271		
1474082612.61		273.293925613		272.119147795		274.800058232		
1474137362.16		276.709632707		275.559195399		278.21699788		
1474192111.71		280.056343203		278.883454117		281.598262286		
1474246861.26		283.231196808		282.064758483		284.855288209		
1474301610.81		286.297369483		285.0785005		287.899903454		
1474356360.36		289.239078075		288.010641227		290.826993626		
1474411109.91		290.026280128		288.8110988		291.592697311		
1474465859.46		292.832453818		291.586145978		294.42684755		
1474520609.01		294.329453301		293.06696619		295.961660775		
1474575358.56		297.426747804		296.145960671		299.069731581		
1474630108.11		300.431193386		299.156795031		302.097790242		
1474684857.66		298.522012165		297.244974363		300.174711006		
1474739607.21		300.955051284		299.648918654		302.638777636		
1474794356.76		303.26128374		301.902411463		304.962364674		
1474849106.31		305.448073064		304.052520074		307.179239176		
1474903855.86		312.331187455		310.895370935		314.119660226		
1474958605.41		309.469418689		308.048773258		311.235243859		
1475013354.95		311.364173799		309.932728281		313.161303836		
1475068104.5		313.177289811		311.739523413		314.993957347		
1475122854.05		315.221135327		313.772822782		317.045534044		
1475177603.6		332.500093819		330.958827791		334.42966371		
1475179999.0		317.011661317		315.547031632		318.840218167		
1475180000.0		317.011375744		315.54675276		318.839916639		
1475180001.0		317.011090172		315.546473889		318.839615112		
1475232353.15		301.623754867		300.550065399		302.877407936		
1475287102.7		276.853771563		275.961926934		278.003421863		
1475341852.25		272.561034753		271.606280248		273.537645788		
1475396601.8		266.480109556		265.120977766		267.601541333		
1475451351.35		262.987378136		261.294627507		264.270907402		
1475506100.9		259.657894866		257.686512587		261.196656171		
1475560850.45		253.625008199		251.292930917		255.336502747		
1475615600.0		250.145178697		247.512086239		252.044841598		
1475670349.55		249.602217063		246.73694676		251.785542497		
1475679999.0		249.11971976		246.230099844		251.337116274		
1475680000.0		249.119894729		246.230273756		251.337290938		
1475680001.0		249.120069698		246.230447669		251.337465604		
1475725099.1		257.07303612		254.19193916		259.247429168		
1475779848.65		266.38580094		263.660405041		268.436770818		
1475834598.2		275.600318902		273.062433623		277.59990883		
1475889347.75		284.140810758		281.806116902		286.057811509		
1475944097.3		291.789668923		289.584415775		293.698014582		
1475998846.85		299.288088165		297.222412121		301.134879841		
1476053596.4		306.451542203		304.560744515		308.241781054		
1476108345.95		313.407792788		311.735291857		315.079164426		
1476163095.5		320.112118126		318.456898798		321.656006802		
1476217845.05		326.608008202		325.011734671		328.07076095		
1476272594.59		332.775874193		331.287784924		334.17876674		
1476327344.14		338.214833258		336.814673874		339.579221234		
1476382093.69		342.847224384		341.532305381		344.19227339		
1476436843.24		347.840769299		346.544805001		349.15976839		
1476491592.79		352.591244894		351.291622883		353.931748407		
1476546342.34		357.560692402		356.296375056		358.907614451		
1476601091.89		362.271773089		361.057013036		363.657291854		
1476655841.44		366.743969152		365.568916847		368.206921731		
1476710590.99		371.011380259		369.849112292		372.528450202		
1476765340.54		375.047070839		373.915802898		376.582395961		
1476820090.09		378.857534826		377.709643567		380.378044135		
1476874839.64		382.470709524		381.336509104		384.050512821		
1476929589.19		385.896899084		384.736245199		387.449953586		
1476984338.74		388.983446921		387.785790404		390.50586499		
1477039088.29		391.486648753		390.261538457		393.006392262		
1477093837.84		393.851449621		392.622029295		395.388756485		
1477148587.39		396.126160896		394.875854821		397.709551559		
1477203336.94		398.2712474		397.024958362		399.912173603		
1477258086.49		400.348077212		399.066946115		402.011736526		
1477312836.04		402.303204884		401.017018842		403.996232189		
1477367585.59		404.160119602		402.811882547		405.870418289		
1477422335.14		405.953129276		404.574221126		407.677889711		
1477477084.68		407.661309724		406.257387514		409.404324854		
1477531834.23		409.301781456		407.881197953		411.099757007		
1477586583.78		410.726462289		409.270242323		412.542213837		
1477641333.33		412.36153951		410.890973466		414.215895682		
1477696082.88		413.76257691		412.310797316		415.657819624		
1477750832.43		415.172774021		413.705621436		417.091967477		
1477805581.98		416.544167785		415.056501933		418.491196978		
1477860331.53		417.846048881		416.332093888		419.80650401		
1477915081.08		419.100067857		417.560769846		421.07080539		
1477969830.63		420.338912478		418.788522415		422.314123788		
1478024580.18		421.55668388		419.979967621		423.515120574		
1478079329.73		422.70993915		421.144844954		424.685141856		
1478134079.28		423.854483271		422.290515805		425.81493185		
1478188828.83		424.978886021		423.427545903		426.930608492		
1478243578.38		426.060499518		424.516292197		428.010675728		
1478298327.93		427.153909596		425.574907003		429.104057873		
1478353077.48		428.210677055		426.607040373		430.164256715		
1478407827.03		429.250682285		427.648168311		431.211731352		
1478462576.58		430.252754803		428.632143618		432.218511047		
1478517326.13		431.258718613		429.626816864		433.244677029		
1478572075.68		432.264723204		430.627056229		434.255169658		
1478626825.23		433.243869634		431.609198289		435.252008946		
1478681574.77		434.210494049		432.581464423		436.233171784		
1478736324.32		435.165550553		433.55089514		437.207605113		
1478791073.87		436.115515442		434.502369361		438.15689173		
1478845823.42		437.054385417		435.41723005		439.095210006		
1478900572.97		437.999414817		436.357461114		440.033932742		
1478955322.52		438.937263175		437.287220648		440.970046253		
1479010072.07		439.865780466		438.210394037		441.888641216		
1479064821.62		440.792050858		439.156906037		442.809385588		
1479119571.17		441.711365887		440.095488203		443.726294955		
1479174320.72		442.629652988		441.012172648		444.639450333		
1479229070.27		443.537019564		441.920897152		445.544941094		
1479283819.82		444.423976353		442.822146259		446.434005461		
1479338569.37		445.327916326		443.71109182		447.33867313		
1479393318.92		446.228347787		444.592190394		448.232803261		
1479448068.47		447.129840892		445.488203707		449.120776891		
1479502818.02		448.034996784		446.411075821		450.029418444		
1479557567.57		448.926065502		447.31336985		450.905828959		
1479612317.12		449.830578373		448.224572573		451.814562064		
1479667066.67		450.709415646		449.107328491		452.674821595		
1479721816.22		451.595458896		449.977422297		453.564374618		
1479772378.0		439.718787319		438.134930571		441.618359691		
1479772379.0		439.718806689		438.134949513		441.618379452		
1479772380.0		439.718826059		438.134968454		441.618399213		
1479776565.77		410.576070942		406.125527437		415.998841314		
1479831315.32		360.407010941		355.361361959		365.470842767		
1479886064.86		376.38677627		371.555571257		381.535004628		
1479940814.41		382.2489831		377.672255807		387.107265264		
1479995563.96		387.865352621		383.577549771		392.464161239		
1480050313.51		393.287217487		389.278101004		397.545494959		
1480105063.06		398.422007746		394.656741128		402.463906994		
1480159812.61		403.323389754		399.749162301		407.139778339		
1480214562.16		408.042457475		404.643007846		411.568269781		
1480269311.71		412.448984466		409.266819802		415.828304417		
1480324061.26		416.674622902		413.688970852		419.854538049		
1480344348.0		417.836463744		414.879438262		420.924723708		
1480344349.0		417.836393951		414.879399262		420.924656721		
1480344350.0		417.836324158		414.879360263		420.924589733		
1480378810.81		415.894567368		413.114836141		418.734584307		
1480433560.36		412.934362555		410.535245352		415.368053349		
1480488309.91		410.238810855		407.937746694		412.704866777		
1480543059.46		407.826730104		405.396213976		410.338842903		
1480597809.01		405.691980062		402.993867846		408.428879563		
1480652558.56		403.638040953		400.852108693		406.690443168		
1480707308.11		401.87124285		398.799335756		405.253427383		
1480762057.66		400.258701139		397.03254232		403.895029407		
1480816807.21		398.880463408		395.350098994		402.776916872		
1480871556.76		397.515611022		393.929659204		401.841235543		
1480926306.31		396.554248492		392.77082542		401.152469448		
1480926699.0		396.593337993		392.813636416		401.191462736		
1480926700.0		396.593437545		392.81374558		401.191562043		
1480926701.0		396.593537097		392.813854745		401.191661349		
1480981055.86		402.329686008		398.677663418		406.602702372		
1481035805.41		407.855811278		404.366929051		411.864395396		
1481090554.95		413.081304209		409.804485936		416.843215866		
1481145304.5		418.15890402		414.970658809		421.595867113		
1481200054.05		422.951111493		419.88638933		426.187175527		
1481254803.6		427.493194654		424.578725768		430.510374072		
1481309553.15		431.715646598		428.971359949		434.479157686		
1481364302.7		435.696388206		433.152164007		438.360162525		
1481419052.25		439.476395116		437.0081264		442.017204628		
1481473801.8		443.139904953		440.830916879		445.53261873		
1481528551.35		446.614264665		444.397454082		448.830189015		
1481583300.9		449.732574635		447.621621499		451.812916986		
1481638050.45		452.407066477		450.338583704		454.313036398		
1481692800.0		454.813204058		452.883469341		456.764362352		
1481747549.55		457.278212055		455.281246269		459.135373607		
1481802299.1		459.71313897		457.759956337		461.517100038		
1481857048.65		461.977920806		459.898323315		463.672272276		
1481911798.2		464.145436478		461.956190724		465.787459547		
1481966547.75		466.183560965		463.882124956		467.853302867		
1482021297.3		468.127161018		465.746086038		469.777933549		
1482076046.85		470.080383714		467.618233678		471.687491309		
1482130796.4		471.981707095		469.555731938		473.535006516		
1482168544.0		472.510186991		470.080066701		473.99831883		
1482168545.0		472.50982357		470.079697593		473.997946368		
1482168546.0		472.509460149		470.079328486		473.997573907		
1482185545.95		466.41072556		464.500603467		467.793970106		
1482240295.5		448.26261688		445.820201037		450.510721808		
1482295045.05		432.168473685		428.213681451		436.432007667		
1482349794.59		417.786177824		412.266149317		424.046482737		
1482359159.0		416.025728326		410.265002222		422.445928288		
1482359160.0		416.025822959		410.265104018		422.446019472		
1482359161.0		416.025917593		410.265205814		422.446110655		
1482404544.14		420.732807013		415.223945726		426.81007213		
1482459293.69		426.339324449		421.165276521		431.863365176		
1482514043.24		431.739549882		426.861474324		436.888615598		
1482568792.79		436.798246635		432.235101132		441.614140688		
1482623542.34		441.660982769		437.321684428		445.982725225		
1482678291.89		446.21599706		442.062024223		450.104576148		
1482733041.44		450.48928914		446.609304125		453.862877486		
1482787790.99		454.56973493		450.931659321		457.646789273		
1482842540.54		458.351665781		454.940394584		461.146686186		
1482897290.09		461.954751469		458.702177717		464.54792846		
1482952039.64		462.847496944		459.865198305		465.257737632		
1483006789.19		466.289952515		463.451467353		468.558614491		
1483061538.74		469.602512444		466.823484239		471.820762874		
1483116288.29		472.736903953		469.949598531		474.898802082		
1483171037.84		475.664200269		472.898266471		477.864808681		
1483225787.39		478.497834805		475.73224248		480.590191409		
1483280536.94		481.177835562		478.402577086		483.231501847		
1483335286.49		483.779413219		481.054586797		485.824490593		
1483390036.04		486.279146609		483.391032401		488.237906387		
1483444785.59		488.629185772		485.764966467		490.52529021		
1483499535.14		490.86261039		487.974040159		492.667635589		
1483554284.68		493.041268083		490.207321296		494.785874984		
1483609034.23		495.123269611		492.229117706		496.816940296		
1483663783.78		497.092507932		494.25430294		498.750994491		
1483718533.33		498.996425595		496.123109712		500.635113207		
1483773282.88		500.867333478		497.948952123		502.565757437		
1483828032.43		502.697887207		499.707745002		504.41848233		
1483882781.98		504.436045385		501.353028505		506.215026743		
1483937531.53		506.09238337		503.028031611		507.8969154		
1483992281.08		507.755893343		504.64385543		509.649990688		
1484047030.63		509.462072971		506.277715198		511.394571965		
1484101780.18		510.976248201		507.77117759		513.01439661		
1484156529.73		512.456384466		509.21144059		514.465855033		
1484211279.28		513.853014877		510.589593388		515.941477035		
1484266028.83		515.215306539		511.920804385		517.380300252		
1484320778.38		516.470658263		513.109582612		518.679065202		
1484375527.93		517.728890408		514.343857256		519.971172021		
1484430277.48		519.024144027		515.562582188		521.304454543		
1484485027.03		520.3195428		516.824996241		522.639990955		
1484539776.58		521.520569196		517.993488778		523.865930682		
1484594526.13		522.679298		519.082635586		525.098950502		
1484649275.68		523.812857068		520.148536037		526.299854226		
1484704025.23		525.050468051		521.304087683		527.545472778		
1484758774.77		526.217858681		522.395121916		528.739673118		
1484813524.32		417.615880909		414.531736625		419.637989764		
1484868273.87		418.530671474		415.387919456		420.56807462		
1484923023.42		419.455522288		416.281542487		421.51038696		
1484977772.97		502.192979915		498.363674802		504.694091364		
1485032522.52		503.361528215		499.476998567		505.87972097		
1485087272.07		504.421945327		500.486057831		506.979415453		
1485142021.62		505.51786841		501.522366421		508.099517657		
1485196771.17		506.568821379		502.507596165		509.185397458		
1485251520.72		492.460764541		488.504888232		495.060566756		
1485306270.27		475.189415605		471.402575081		477.721665332		
1485361019.82		476.810124267		472.989645461		479.406289057		
1485415769.37		479.532948078		475.647245707		482.177849356		
1485470518.92		403.641768895		400.332213224		405.88881989		
1485525268.47		405.907723034		402.531049242		408.202697056		
1485580018.02		408.079951485		404.636378766		410.421171652		
1485634767.57		410.141473727		406.630304531		412.535619468		
1485689517.12		412.17131468		408.577618121		414.5898236		
1485744266.67		414.101377307		410.439887308		416.554093967		
1485799016.22		415.962714049		412.246467556		418.453230149		
1485853765.77		479.855722156		475.525010444		482.771450974		
1485908515.32		481.796208595		477.402678813		484.759475363		
1485951099.0		483.271520312		478.831459386		486.259846023		
1485951100.0		483.271554158		478.831492672		486.259880678		
1485951101.0		483.271588004		478.831525957		486.259915333		
1485963264.86		459.91467488		454.678579654		463.853580276		
1486018014.41		449.039673724		442.280632161		458.078742697		
1486072763.96		462.703182731		456.376978041		471.013007893		
1486127513.51		466.555051388		460.53948702		473.76086182		
1486182263.06		470.150687777		464.439165742		475.865849913		
1486237012.61		473.420268056		468.232678275		477.947468481		
1486291762.16		476.505959123		471.952734345		480.508533423		
1486346511.71		479.109010209		475.337763898		483.347137201		
1486401261.26		481.715371478		478.165973075		485.996565678		
1486456010.81		484.714533082		480.380575213		488.659010403		
1486510760.36		487.608913049		482.688317334		491.30489824		
1486565509.91		490.34659928		485.406301129		493.848115745		
1486620259.46		492.909510795		488.416035583		496.30227056		
1486675009.01		495.455731861		490.982796497		498.652028002		
1486729758.56		497.691263645		493.421249202		500.90628304		
1486784508.11		499.894566394		495.818462557		502.942889966		
1486839257.66		502.093963406		498.252535281		504.897935861		
1486894007.21		504.251270562		500.5371737		507.037118082		
1486948756.76		506.426390834		502.529151337		509.051322157		
1487003506.31		508.356679727		504.562048655		510.985105143		
1487058255.86		510.291121798		506.432409605		512.9282936		
1487113005.41		512.17880011		508.313558555		514.762846103		
1487167754.95		514.020216604		510.195082592		516.642278576		
1487222504.5		515.821922897		511.969370498		518.476012396		
1487277254.05		518.500016916		514.462667798		521.200463426		
1487332003.6		520.08561732		515.943178513		522.878782151		
1487386753.15		521.603301774		517.382263148		524.324796423		
1487441502.7		523.017584804		518.737133485		525.761571719		
1487496252.25		524.469336241		520.174264026		527.192265344		
1487551001.8		525.852539841		521.59786234		528.562503822		
1487605751.35		527.148849595		523.010422267		529.908589032		
1487660500.9		528.460598095		524.432664956		531.115476441		
1487715250.45		529.672435715		525.749094059		532.378875075		
1487770000.0		530.833806022		526.975045518		533.560690012		
1487824749.55		532.079927607		528.339758624		534.771004669		
1487879499.1		533.25866463		529.441800373		535.825276996		
1487934248.65		534.282611349		530.41004876		536.806483881		
1487988998.2		535.167183561		531.263159059		537.688649557		
1488043747.75		535.987079484		531.976321391		538.544489293		
1488098497.3		536.781739975		532.999768811		539.367713494		
1488153246.85		537.565961495		533.744963599		540.305379017		
1488207996.4		538.368557495		534.402394541		541.104556134		
1488262745.95		539.203543996		535.048606485		541.960683024		
1488317495.5		539.92350491		535.57674487		542.718339965		
1488372245.05		540.488283622		536.144416847		543.39101218		
1488426994.59		541.207515804		536.760157562		544.100968389		
1488481744.14		541.852064231		537.364063492		544.866343453		
1488536493.69		542.42685285		537.887215809		545.498245558		
1488591243.24		542.996922528		538.38783934		546.126042305		
1488645992.79		543.531219195		538.931050136		546.756403354		
1488700742.34		543.927670726		539.366274925		547.170828362		
1488755491.89		543.986490792		539.453099818		547.267434141		
1488810241.44		543.317630041		538.75135041		546.597878568		
1488864990.99		544.0762659		539.476434296		547.374928683		
1488919740.54		544.774049868		540.150296003		548.071074694		
1488974490.09		545.479382005		540.843537778		548.751088777		
1489029239.64		546.199172347		541.569541037		549.468557629		
1489083989.19		547.591071689		542.998650905		550.858149599		
1489138738.74		548.432750439		543.8069276		551.711543896		
1489193488.29		548.951992691		544.318172638		552.251337997		
1489248237.84		549.537726245		544.89278296		552.811505917		
1489302987.39		550.07931749		545.441978034		553.343429259		
1489357736.94		550.55888734		545.943784936		553.79356786		
1489412486.49		550.937025741		546.345552554		554.158838305		
1489467236.04		551.345155595		546.777665318		554.526047597		
1489521985.59		551.700213256		547.203211115		554.845266939		
1489576735.14		552.069249916		547.649347554		555.183724245		
1489631484.68		552.435566899		548.118296727		555.543793666		
1489686234.23		552.806331207		548.472276333		555.835684599		
1489740983.78		553.090810459		548.744815798		556.056436841		
1489795733.33		553.455669333		549.124352373		556.36931847		
1489850482.88		553.704826604		549.440108052		556.622990069		
1489905232.43		553.892562147		549.67214391		556.777802142		
1489959981.98		554.111079096		549.947381053		556.957380054		
1490014731.53		554.335571182		550.254764217		557.180499896		
1490069481.08		554.546800472		550.527079257		557.378215016		
1490124230.63		554.786827284		550.825217115		557.583934262		
1490178980.18		554.974737358		551.032498613		557.707370697		
1490233729.73		555.184312945		551.336009679		557.842312914		
1490288479.28		555.449858059		551.681172677		558.1010533		
1490343228.83		555.640040241		551.92317746		558.274913112		
1490397978.38		555.874211855		552.176670282		558.479656516		
1490452727.93		556.122594088		552.425580051		558.706765034		
1490507477.48		556.317951683		552.668630326		558.895541053		
1490562227.03		556.532429926		552.905142987		559.051041542		
1490616976.58		556.773726143		553.290837733		559.21514684		
1490671726.13		557.135642303		553.768863773		559.524099349		
1490726475.68		557.433330358		554.399459314		559.795141177		
1490781225.23		557.661104899		555.020320675		559.991082844		
1490835974.77		558.144545961		555.764437289		560.435663406		
1490890724.32		558.487941909		556.329319873		560.704675432		
1490945473.87		558.902491217		556.701678027		560.922327838		
1491000223.42		559.423425479		557.199531633		561.391556937		
1491054972.97		560.026527688		557.835277462		561.930913338		
1491109722.52		560.543007463		558.250923673		562.603987535		
1491164472.07		560.853347116		558.537151261		563.02461705		
1491219221.62		561.069524453		558.701264519		563.45599321		
1491273971.17		561.37443477		558.951813219		563.83488267		
1491328720.72		561.703733962		559.292944386		564.251942909		
1491383470.27		562.007581853		559.551152477		564.648585881		
1491438219.82		562.286483175		559.824768446		565.019225371		
1491492969.37		560.813161087		558.302230385		563.60079142		
1491547718.92		561.040016689		558.487682442		563.86460979		
1491602468.47		561.448690035		558.834937064		564.311413431		
1491657218.02		561.787333705		559.163802044		564.691721611		
1491711967.57		562.120055947		559.471783465		565.086181908		
1491766717.12		562.40770713		559.746785477		565.470136835		
1491821466.67		562.83079122		560.144817044		565.987312781		
1491876216.22		563.133245469		560.488761789		566.416053161		
1491930965.77		563.375120268		560.723740561		566.801783215		
1491985715.32		563.608144556		560.938457399		567.071507123		
1492040464.86		563.875285695		561.226955233		567.405117175		
1492095214.41		564.463094512		561.822019298		568.079088187		
1492149963.96		565.605527625		562.944090219		569.390942004		
1492204713.51		565.775545061		563.100879082		569.611102206		
1492259463.06		565.865737812		563.141117391		569.760290485		
1492314212.61		566.139075214		563.387868243		570.082058293		
1492368962.16		566.316607822		563.543946807		570.377149648		
1492423711.71		566.438382433		563.615897457		570.610162375		
1492478461.26		566.670807594		563.81610189		570.965181418		
1492533210.81		566.756532258		563.889514517		571.166950941		
1492587960.36		567.016406968		564.107618886		571.542852611		
1492642709.91		567.287921792		564.365033697		571.959948086		
1492697459.46		567.603470695		564.616854036		572.398888512		
1492752209.01		567.97843428		564.939748188		572.876277333		
1492806958.56		568.267161548		565.161572931		573.241332188		
1492861708.11		568.472713974		565.352651691		573.536143784		
1492916457.66		568.684694978		565.515798706		573.834697733		
1492971207.21		568.95400028		565.730315659		574.172483288		
1493025956.76		569.017315949		565.734763483		574.35493967		
1493080706.31		569.195883173		565.872262102		574.66135421		
1493135455.86		569.43081247		566.030317723		574.970084598		
1493190205.41		569.636641699		566.167570005		575.240687036		
1493244954.95		569.861812976		566.316210693		575.498814476		
1493299704.5		569.943821507		566.285083544		575.590765922		
1493354454.05		570.017133656		566.27837954		575.761704655		
1493409203.6		570.103666597		566.281151404		575.918172074		
1493463953.15		570.274802216		566.38525754		576.17077598		
1493518702.7		570.421617831		566.418243944		576.392510111		
1493573452.25		570.614197608		566.535087191		576.697306303		
1493628201.8		570.794063666		566.666687749		577.036562535		
1493682951.35		571.159131029		566.988148911		577.514739717		
1493737700.9		571.561220631		567.301172927		578.039272091		
1493792450.45		571.952993601		567.565570947		578.528969744		
1493847200.0		572.29103609		567.806707369		578.938467564		
1493901949.55		572.646060259		568.046612858		579.316518799		
1493956699.1		572.938932776		568.237400588		579.717364782		
1494011448.65		573.216859976		568.399898325		580.11766706		
1494066198.2		573.559241347		568.666376303		580.596232537		
1494120947.75		573.882426749		568.879879126		581.023374458		
1494175697.3		574.250655914		569.153053962		581.48540597		
1494230446.85		574.577495102		569.410436611		581.935275283		
1494285196.4		574.867742052		569.611713727		582.363493678		
1494339945.95		575.082074692		569.730778054		582.713603791		
1494394695.5		575.288110619		569.821659459		583.055053848		
1494449445.05		575.514685737		569.928012145		583.395198144		
1494504194.59		575.756801346		570.05606271		583.773817989		
1494558944.14		575.981257314		570.234279188		584.123198626		
1494613693.69		576.249194573		570.38571119		584.477801563		
1494668443.24		576.525780575		570.512848076		584.873901076		
1494723192.79		576.795152605		570.660123144		585.282011271		
1494777942.34		577.070092259		570.820815459		585.698297385		
1494832691.89		570.80237028		564.5089362		579.47619167		
1494887441.44		531.016919322		525.120208356		539.21459477		
1494942190.99		496.467212773		490.913309926		504.327279729		
1494996940.54		466.220816854		460.887906687		473.702000062		
1495051690.09		439.462672167		434.354193647		446.598973693		
1495106439.64		415.556185474		410.689863563		422.373751175		
1495161189.19		394.185351938		389.479040874		400.678495738		
1495215938.74		374.863233208		370.325966407		381.072163043		
1495270688.29		357.35843341		353.013971701		363.34770184		
1495325437.84		341.426098583		337.250282508		347.219611228		
1495380187.39		326.900004052		322.84425276		332.475107601		
1495434936.94		313.550748106		309.622277257		318.936474839		
1495489686.49		301.248365216		297.441956998		306.469291975		
1495544436.04		289.87598951		286.191429387		294.950842223		
1495599185.59		279.364016058		275.768126445		284.285066399		
1495653935.14		269.565322465		266.09159161		274.374221779		
1495708684.68		260.442974434		257.075742382		265.131895916		
1495763434.23		251.936617245		248.652207408		256.495073016		
1495818183.78		243.966851323		240.771296245		248.418697815		
1495872933.33		236.490399911		233.366477473		240.850575928		
1495927682.88		229.445639461		226.404301587		233.727613599		
1495982432.43		222.82144527		219.842431543		227.013901691		
1496037181.98		218.466350971		215.519673986		222.609915846		
1496091931.53		246.529022749		243.103518322		251.131256706		
1496146681.08		277.078542037		273.264956771		282.285136162		
1496201430.63		310.251654897		305.910890563		316.132561545		
1496256180.18		345.714083911		340.854792357		352.437335999		
1496310929.73		383.513290536		378.075596404		391.100147409		
1496365679.28		423.261722301		417.274483124		431.809695982		
1496420428.83		464.858436758		458.033026137		474.348762303		
1496475178.38		507.610449492		500.149051727		518.029163702		
1496529927.93		551.27201621		543.076351889		562.688076157		
1496584677.48		595.285516191		586.224637662		607.885319369		
1496639427.03		639.275583699		629.272085274		653.107234437		
1496694176.58		682.582300796		671.770722616		697.625564875		
1496748926.13		724.84157142		713.150863935		741.133430371		
1496803675.68		765.70047605		753.067055834		783.191999955		
1496858425.23		804.76153331		791.220042625		823.388533244		
1496913174.77		841.704534821		827.246174241		861.488615118		
1496967924.32		876.356940416		861.017081894		897.339830121		
1497022673.87		908.678672051		892.407017462		930.750028844		
1497077423.42		938.451424881		921.333681073		961.409941876		
1497132172.97		965.603482671		947.812723205		989.694395842		
1497186922.52		990.454015543		971.799088263		1015.35349073		
1497241672.07		1012.91621267		993.629550647		1038.68382528		
1497296421.62		1033.19526778		1013.14603611		1060.43841844		
1497351171.17		1051.361645		1030.54518088		1079.66707657		
1497405920.72		1067.56497593		1046.0636101		1096.64247083		
1497460670.27		1082.00883493		1059.89259866		1111.73789354		
1497515419.82		1094.71593256		1072.10461602		1125.11786839		
1497570169.37		1106.08138276		1082.96832101		1137.13482258		
1497624918.92		1116.1391689		1092.54675067		1147.80647293		
1497679668.47		1124.99797883		1100.85624425		1157.27680525		
1497734418.02		1132.79168145		1108.37508824		1165.68061731		
1497789167.57		1139.6885165		1114.97829015		1173.1515751		
1497843917.12		1145.79733188		1120.73272107		1179.8581151		
1497898666.67		1151.11287109		1125.74563915		1185.83616035		
1497953416.22		1155.80291148		1130.13974015		1191.17031017		
1498008165.77		1160.02937134		1134.04407632		1195.94184623		
1498062915.32		1163.79660449		1137.44863772		1200.22254257		
1498117664.86		1167.17569091		1140.45418329		1204.04420664		
1498172414.41		1170.12947087		1143.12802053		1207.37815396		
1498227163.96		1172.74758424		1145.50646176		1210.39739296		
1498281913.51		1175.19139145		1147.63814142		1213.15124978		
1498336663.06		1177.41776102		1149.54689474		1215.67589007		
1498391412.61		1179.44541712		1151.26295545		1218.03923109		
1498446162.16		1181.30136854		1152.8125527		1220.24010345		
1498500911.71		1183.00902895		1154.21840782		1222.29097552		
1498555661.26		1184.58886305		1155.50036428		1224.20914544		
1498610410.81		1186.04063956		1156.67549299		1226.01294836		
1498665160.36		1187.39666235		1157.76571441		1227.7182623		
1498719909.91		1188.66313239		1158.77934963		1229.33879869		
1498774659.46		1189.82942122		1159.7009626		1230.88644129		
1498829409.01		1190.91640547		1160.59801059		1232.37150352		
1498884158.56		1191.98613575		1161.42557211		1233.79782611		
1498938908.11		1193.00239538		1162.21839959		1235.17456784		
1498993657.66		1193.98590413		1162.96531121		1236.51106837		
1499048407.21		1194.93233234		1163.69384246		1237.81313239		
1499103156.76		1195.84715483		1164.38282293		1239.08577157		
1499157906.31		1196.76654243		1165.05243156		1240.33329873		
1499212655.86		1197.6654927		1165.71953668		1241.55943583		
1499267405.41		1198.5469734		1166.37156853		1242.7415646		
1499322154.95		1199.40507421		1166.9854699		1243.94444456		
1499376904.5		1200.22762768		1167.58696219		1245.13562871		
1499431654.05		1201.03904315		1168.17784824		1246.31613938		
1499486403.6		1201.84981404		1168.75967898		1247.48772749		
1499541153.15		1202.66184635		1169.3110458		1248.65189548		
1499595902.7		1203.46726132		1169.86094409		1249.80995471		
1499650652.25		1204.26711422		1170.41810108		1250.96302741		
1499705401.8		1205.07338383		1170.97035423		1252.11208141		
1499760151.35		1205.895961		1171.51845213		1253.25795057		
1499814900.9		1206.68558542		1172.06303813		1254.4013531		
1499869650.45		1207.49325894		1172.60616682		1255.54291364		
1499924400.0		1208.30345839		1173.14880225		1256.68316789		
1499979149.55		1209.08586272		1173.6775843		1257.82257814		
1500033899.1		1209.85359661		1174.18906174		1258.96154271		
1500088648.65		1210.586112		1174.69905985		1260.10040614		
1500143398.2		1211.31425089		1175.20784533		1261.23946732		
1500198147.75		1212.04173133		1175.71564677		1262.37898334		
1500252897.3		1212.76876412		1176.22266097		1263.51917648		
1500307646.85		1213.49553049		1176.73526958		1264.66023845		
1500362396.4		1214.23131224		1177.26145006		1265.7924599		
1500417145.95		1214.97314003		1177.77673041		1266.93637956		
1500471895.5		1215.71515374		1178.29792769		1268.08381127		
1500526645.05		1216.4574534		1178.83293621		1269.23268271		
1500581394.59		1217.20012509		1179.3796279		1270.38308581		
1500636144.14		1217.94496007		1179.93586504		1271.53278931		
1500690893.69		1218.70020367		1180.49224916		1272.68354339		
1500745643.24		1219.50417084		1181.04883288		1273.83602073		
1500800392.79		1220.30913992		1181.60566161		1274.99027577		
1500855142.34		1221.1149335		1182.16280896		1276.14635599		
1500909891.89		1221.89553004		1182.72057966		1277.30430354		
1500964641.44		1222.6686468		1183.27887777		1278.4641553		
1501019390.99		1223.44258918		1183.83846752		1279.62594387		
1501074140.54		1224.22629121		1184.38710272		1280.7896981		
1501128890.09		1225.00558769		1184.9190115		1281.95544364		
1501183639.64		1225.7806157		1185.44188725		1283.12320354		
1501238389.19		1226.54983548		1185.96141372		1284.29299841		
1501293138.74		1227.31475187		1186.48131991		1285.4648468		
1501347888.29		1228.06629751		1187.0016168		1286.63876552		
1501402637.84		1228.81870546		1187.52231394		1287.81476989		
1501457387.39		1229.57198546		1188.04341969		1288.99287397		
1501512136.94		1230.32614609		1188.56494129		1290.17309069		
1501566886.49		1231.0896538		1189.08688507		1291.35543202		
1501621636.04		1231.86244599		1189.60925656		1292.53990911		
1501676385.59		1232.62804471		1190.1320606		1293.72653243		
1501731135.14		1233.39141906		1190.65720046		1294.91531183		
1501785884.68		1234.15571981		1191.19811782		1296.10625668		
1501840634.23		1234.92095147		1191.73951052		1297.29937587		
1501895383.78		1235.68711815		1192.28138147		1298.49467792		
1501950133.33		1236.45422367		1192.82373332		1299.69217105		
1502004882.88		1237.22926533		1193.3415711		1300.89186321		
1502059632.43		1238.0354883		1193.85362226		1302.0937621		
1502114381.98		1238.84275579		1194.36110374		1303.29787523		
1502169131.53		1239.64304416		1194.86901068		1304.50420993		
1502223881.08		1240.42645668		1195.40233039		1305.71277343		
1502278630.63		1241.2108548		1195.92698983		1306.9235728		
1502333380.18		1241.9962411		1196.44718073		1308.13661504		
1502388129.73		1242.78261809		1196.97334136		1309.35190706		
1502442879.28		1243.56998819		1197.51070912		1310.56945569		
1502497628.83		1244.38423291		1198.04855737		1311.78926774		
1502552378.38		1245.23663822		1198.58688708		1313.01134994		
1502607127.93		1246.09021034		1199.12569917		1314.23570902		
1502661877.48		1246.9436016		1199.66499456		1315.46235165		
1502716627.03		1247.76715904		1200.20516671		1316.69128452		
1502771376.58		1248.59180547		1200.74663847		1317.92251426		
1502826126.13		1249.41754323		1201.28859809		1319.15604754		
1502880875.68		1250.24437466		1201.83104637		1320.391891		
1502935625.23		1251.07230205		1202.37398408		1321.63005129		
1502990374.77		1251.90132771		1202.91741198		1322.87053506		
1503045124.32		1252.7297139		1203.46133084		1324.11334897		
1503099873.87		1253.53110808		1204.00373499		1325.35849968		
1503154623.42		1254.33352777		1204.50768021		1326.60599388		
1503209372.97		1255.13697501		1205.01204729		1327.85583826		
1503264122.52		1255.94145183		1205.51683682		1329.10803953		
1503318872.07		1256.74696026		1206.02204938		1330.36260441		
1503373621.62		1257.55350234		1206.52768555		1331.61953966		
1503428371.17		1258.36108009		1207.03374588		1332.87885203		
1503483120.72		1259.16969554		1207.54023096		1334.14054831		
1503537870.27		1259.97935072		1208.0491348		1335.40463531		
1503592619.82		1260.79004766		1208.57911807		1336.67111984		
1503647369.37		1261.6017884		1209.10956667		1337.94000877		
1503702118.92		1262.41457497		1209.64048123		1339.21130895		
1503756868.47		1263.22840941		1210.17186238		1340.48502729		
1503811618.02		1264.04329376		1210.70450193		1341.76117072		
1503866367.57		1264.87894989		1211.24065163		1343.03974616		
1503921117.12		1265.72604211		1211.77727636		1344.32076059		
1503975866.67		1266.5742708		1212.31437675		1345.60422101		
1504030616.22		1267.42363826		1212.85595096		1346.89013444		
1504085365.77		1268.27414678		1213.40001515		1348.17850792		
1504140115.32		1269.12579868		1213.94456785		1349.46934852		
1504194864.86		1269.97859627		1214.48960972		1350.76266334		
1504249614.41		1270.83254188		1215.03514142		1352.05845951		
1504304363.96		1271.68763782		1215.58116362		1353.35674417		
1504359113.51		1272.54388643		1216.13975415		1354.65752452		
1504413863.06		1273.40129004		1216.7083478		1355.96080774		
1504468612.61		1274.25188511		1217.27747357		1357.26660108		
1504523362.16		1275.058886		1217.84713223		1358.5749118		
1504578111.71		1275.86691069		1218.40600003		1359.88574718		
1504632861.26		1276.67596113		1218.93289723		1361.19911454		
1504687610.81		1277.48603927		1219.46025043		1362.51502123		
1504742360.36		1278.29714708		1219.98806021		1363.83347461		
1504797109.91		1279.10928653		1220.51632717		1365.15448209		
1504851859.46		1279.92245958		1221.0450519		1366.47805111		
1504906609.01		1280.73666822		1221.574235		1367.80418911		
1504961358.56		1281.55191443		1222.1137179		1369.13290358		
1505016108.11		1282.36820019		1222.65809755		1370.46420204		
1505070857.66		1283.18552749		1223.20296248		1371.79809205		
1505125607.21		1284.00389834		1223.74831334		1373.13458116		
1505180356.76		1284.82331474		1224.29415078		1374.47367699		
1505235106.31		1285.6618601		1224.84047546		1375.81538716		
1505289855.86		1286.51942977		1225.38728802		1377.15971936		
1505344605.41		1287.37942119		1225.93458913		1378.50668125		
1505399354.95		1288.24056334		1226.48237944		1379.85628058		
1505454104.5		1289.10285853		1227.0306596		1381.2085251		
1505508854.05		1289.96630907		1227.57943027		1382.56342258		
1505563603.6		1290.83091728		1228.12869211		1383.92098085		
1505618353.15		1291.69668551		1228.67844578		1385.28120775		
1505673102.7		1292.56361608		1229.22869194		1386.64411116		
1505727852.25		1293.43171133		1229.77943126		1388.00969898		
1505782601.8		1294.30097362		1230.33414309		1389.37797916		
1505837351.35		1295.1714053		1230.89235597		1390.74895966		
1505892100.9		1296.04300874		1231.45107571		1392.12264848		
1505946850.45		1296.91578629		1232.01030299		1393.49905367		
1506001600.0		1297.78974034		1232.57003851		1394.87818328		
1506056349.55		1298.66487327		1233.13028296		1396.26004541		
1506111099.1		1299.54118747		1233.69103704		1397.64464819		
1506165848.65		1300.41868532		1234.25230144		1399.03199978		
1506220598.2		1301.29736923		1234.81407686		1400.42210837		
1506275347.75		1302.1772416		1235.37636399		1401.8149822		
1506330097.3		1303.05830485		1235.93916355		1403.21062952		
1506384846.85		1303.9405614		1236.50247622		1404.60905863		
1506439596.4		1304.82401368		1237.06630271		1406.01027784		
1506494345.95		1305.70866411		1237.63064373		1407.41429552		
1506549095.5		1306.59451514		1238.19549997		1408.82112005		
1506603845.05		1307.48156921		1238.7698873		1410.23075987		
1506658594.59		1308.36982878		1239.35066449		1411.64322344		
1506713344.14		1309.2592963		1239.93198662		1413.05851924		
1506768093.69		1310.14997425		1240.51385443		1414.47665581		
1506822843.24		1311.04186509		1241.09626872		1415.8976417		
1506877592.79		1311.93497131		1241.67923024		1417.32148551		
1506932342.34		1312.82919667		1242.26273977		1418.74819587		
1506987091.89		1313.71113357		1242.84679808		1420.17778145		
1507041841.44		1314.59425622		1243.43140594		1421.61025095		
1507096590.99		1315.478567		1244.01656413		1423.04561311		
1507151340.54		1316.36406831		1244.57368099		1424.48387668		
1507206090.09		1317.25076256		1245.10726925		1425.92428853		
1507260839.64		1318.13865216		1245.64388934		1427.36687986		
1507315589.19		1319.02773953		1246.18097312		1428.81239306		
1507370338.74		1319.91802709		1246.75648289		1430.26083702		
1507425088.29		1320.80951728		1247.3431399		1431.71222067		
1507479837.84		1321.70221254		1247.93472733		1433.16655297		
1507534587.39		1322.59611531		1248.52687632		1434.6238429		
1507589336.94		1323.49122803		1249.11958766		1436.0840995		
1507644086.49		1324.38755318		1249.71286215		1437.54733184		
1507698836.04		1325.28509322		1250.3067006		1439.01354902		
1507753585.59		1326.18385061		1250.90110381		1440.48276019		
1507808335.14		1327.08382783		1251.49607259		1441.95497452		
1507863084.68		1327.98502738		1252.09078561		1443.43020124		
1507917834.23		1328.88745174		1252.65880763		1444.90844959		
1507972583.78		1329.79110341		1253.22734527		1446.38972888		
1508027333.33		1330.6959849		1253.79639924		1447.87404843		
1508082082.88		1331.60209871		1254.36597024		1449.36141761		
1508136832.43		1332.50944737		1254.93605897		1450.85184583		
1508191581.98		1333.41803341		1255.50666614		1452.34534255		
1508246331.53		1334.32785935		1256.07779246		1453.84191723		
1508301081.08		1335.23892774		1256.64943864		1455.34157941		
1508355830.63		1336.15124113		1257.22160539		1456.84433866		
1508410580.18		1337.06480205		1257.79429341		1458.34652727		
1508465329.73		1337.97961309		1258.36750342		1459.84904082		
1508520079.28		1338.89567681		1258.94123614		1461.35465361		
1508574828.83		1339.81299577		1259.51549228		1462.86337525		
1508629578.38		1340.73157256		1260.09027256		1464.37521537		
1508684327.93		1341.65140978		1260.66557769		1465.89018365		
1508739077.48		1342.57251001		1261.24140839		1467.40828981		
1508793827.03		1343.49487586		1261.81776539		1468.92954361		
1508848576.58		1344.41850995		1262.39464941		1470.45395486		
1508903326.13		1345.34341488		1262.97206116		1471.98153338		
1508958075.68		1346.28738648		1263.55000138		1473.51228906		
1509012825.23		1347.23766035		1264.1284708		1475.04623183		
1509067574.77		1348.18927754		1264.70747012		1476.58337164		
1509122324.32		1349.1422409		1265.2870001		1478.12371851		
1509177073.87		1350.09655328		1265.86706145		1479.66728248		
1509231823.42		1351.04468865		1266.4476549		1481.21407364		
1509286572.97		1351.9772677		1267.0287812		1482.76410212		
1509341322.52		1352.9111351		1267.61044107		1484.31737809		
1509396072.07		1353.8462935		1268.19263525		1485.87391178		
1509450821.62		1354.7827456		1268.77536447		1487.43371343		
1509505571.17		1355.72049408		1269.35862948		1488.99679337		
1509560320.72		1356.66075301		1269.942431		1490.56316192		
1509615070.27		1357.60252449		1270.5267698		1492.13282948		
1509669819.82		1358.5456044		1271.11164659		1493.70580648		
1509724569.37		1359.48999548		1271.69706214		1495.2821034		
1509779318.92		1360.43570045		1272.28301717		1496.86173076		
1509834068.47		1361.38272207		1272.86951245		1498.44469914		
1509888818.02		1362.33106309		1273.45654872		1500.03101913		
1509943567.57		1363.28072626		1274.04412671		1501.62070139		
1509998317.12		1364.23171435		1274.63232635		1503.21375663		
1510053066.67		1365.18403014		1275.22669532		1504.8101956		
1510107816.22		1366.13767641		1275.82161887		1506.41002907		
1510162565.77		1367.1022521		1276.41709778		1508.01326791		
1510217315.32		1368.06983053		1277.01313284		1509.61992297		
1510272064.86		1369.03877978		1277.60972483		1511.23000521		
1510326814.41		1370.00910278		1278.20687451		1512.84352559		
1510381563.96		1370.98080245		1278.80458269		1514.46049515		
1510436313.51		1371.95388173		1279.40285013		1516.08092494		
1510491063.06		1372.92834354		1280.00167762		1517.73915559		
1510545812.61		1373.90419085		1280.60106596		1519.40605898		
1510600562.16		1374.89054908		1281.20101593		1521.07662808		
1510655311.71		1375.88208958		1281.80152832		1522.750875		
1510710061.26		1376.87506127		1282.40260392		1524.42881188		
1510764810.81		1377.86946725		1283.00424352		1526.11045095		
1510819560.36		1378.86531062		1283.60644793		1527.79580447		
1510874309.91		1379.86259451		1284.20921792		1529.48488477		
1510929059.46		1380.86132205		1284.81255431		1531.17770421		
1510983809.01		1381.86149636		1285.41645788		1532.87427523		
1511038558.56		1382.8631206		1286.02092945		1534.56350252		
1511093308.11		1383.86619793		1286.62596981		1536.24175629		
1511148057.66		1384.87073149		1287.23157976		1537.92368512		
1511202807.21		1385.87672448		1287.83776012		1539.60930109		
1511257556.76		1386.88418007		1288.44451167		1541.29861634		
1511312306.31		1387.89310146		1289.05183525		1542.99164306		
1511367055.86		1388.90349184		1289.65973164		1544.68839349		
1511421805.41		1389.91535442		1290.26820167		1546.38887994		
1511476554.95		1390.92869244		1290.87724615		1548.09092004		
1511531304.5		1391.94350911		1291.48686588		1549.79320533		
1511586054.05		1392.96418283		1292.09706169		1551.49923841		
1511640803.6		1393.99283398		1292.7078344		1553.20903167		
1511695553.15		1395.02300565		1293.31918481		1554.92259757		
1511750302.7		1396.05470124		1293.93111376		1556.6399486		
1511805052.25		1397.08792411		1294.54362206		1558.36109733		
1511859801.8		1398.12267767		1295.15671053		1560.08605635		
1511914551.35		1399.15896532		1295.77038001		1561.81483833		
1511969300.9		1400.19679047		1296.38463131		1563.54745601		
1512024050.45		1401.23615655		1296.99946526		1565.28392216		
1512078800.0		1402.277067		1297.6148827		1567.02424961		
1512133549.55		1403.31952525		1298.23088446		1568.76845126		
1512188299.1		1404.36353477		1298.84747136		1570.51654006		
1512243048.65		1405.40909901		1299.46464425		1572.26852902		
1512297798.2		1406.45622146		1300.08240395		1574.02443121		
1512352547.75		1407.50490561		1300.70075131		1575.78425975		
1512407297.3		1408.55515494		1301.31968716		1577.54802782		
1512462046.85		1409.60697296		1301.93921235		1579.31574868		
1512516796.4		1410.6603632		1302.55932771		1581.08743562		
1512571545.95		1411.71532919		1303.1800341		1582.863102		
1512626295.5		1412.77187445		1303.80133235		1584.64276125		
1512681045.05		1413.83000254		1304.42322331		1586.42642685		
1512735794.59		1414.88971702		1305.04570784		1588.21411235		
1512790544.14		1415.95102145		1305.66878677		1590.00583134		
1512845293.69		1417.01391943		1306.29246097		1591.8015975		
1512900043.24		1418.07841455		1306.91673129		1593.60142456		
1512954792.79		1419.1445104		1307.54159858		1595.4053263		
1513009542.34		1420.2122106		1308.16706369		1597.21331657		
1513064291.89		1421.28151877		1308.7931275		1599.0254093		
1513119041.44		1422.35243856		1309.41979085		1600.84161846		
1513173790.99		1423.4249736		1310.04705461		1602.6619581		
1513228540.54		1424.49912756		1310.67491964		1604.48644232		
1513283290.09		1425.5749041		1311.30338681		1606.31508529		
1513338039.64		1426.6523069		1311.93245698		1608.14790124		
1513392789.19		1427.73133966		1312.56213103		1609.98490449		
1513447538.74		1428.81200607		1313.19240982		1611.82610938		
1513502288.29		1429.87639365		1313.82587294		1613.67153037		
1513557037.84		1430.94093787		1314.46102		1615.52118194		
1513611787.39		1432.00706847		1315.09678151		1617.37507865		
1513666536.94		1433.07478899		1315.73315835		1619.23323515		
1513721286.49		1434.14410298		1316.37015142		1621.09566612		
1513776036.04		1435.21501403		1317.00776162		1622.96238634		
1513830785.59		1436.2875257		1317.64598983		1624.83341063		
1513885535.14		1437.3616416		1318.28483697		1626.70875391		
1513940284.68		1438.43736532		1318.92430392		1628.58843114		
1513995034.23		1439.51470047		1319.5643916		1630.47245737		
1514049783.78		1440.59365069		1320.20510091		1632.3608477		
1514104533.33		1441.6742196		1320.84643275		1634.25361732		
1514159282.88		1442.75641085		1321.48838804		1636.15078148		
1514214032.43		1443.84022809		1322.13096767		1638.0523555		
1514268781.98		1444.92567501		1322.77191354		1639.95835477		
1514323531.53		1446.01275526		1323.40624125		1641.86879476		
1514378281.08		1447.10147255		1324.04117776		1643.78369101		
1514433030.63		1448.19183057		1324.67672396		1645.70305913		
1514487780.18		1449.28383304		1325.31288072		1647.62691479		
1514542529.73		1450.37748367		1325.94964892		1649.55527377		
1514597279.28		1451.47278621		1326.58702944		1651.48815188		
1514652028.83		1452.5697444		1327.22502316		1653.42556503		
1514706778.38		1453.66836199		1327.86363098		1655.3675292		
1514761527.93		1454.76864276		1328.50285378		1657.31406045		
1514816277.48		1455.87059048		1329.14269245		1659.2651749		
1514871027.03		1456.97420895		1329.78314788		1661.22088877		
1514925776.58		1458.07950197		1330.42422095		1663.18121833		
1514980526.13		1459.18647334		1331.07103594		1665.14617994		
1515035275.68		1460.29512691		1331.73186291		1667.11579005		
1515090025.23		1461.4054665		1332.39334649		1669.09006516		
1515144774.77		1462.51749597		1333.05548767		1671.06902187		
1515199524.32		1463.63121918		1333.71828743		1673.05267685		
1515254273.87		1464.74663999		1334.38174675		1675.04104686		
1515309023.42		1465.8637623		1335.04586662		1677.03414872		
1515363772.97		1466.98258999		1335.71064802		1679.03199934		
1515418522.52		1468.10312699		1336.37609195		1681.03461572		
1515473272.07		1469.2253772		1337.02533711		1683.04201492		
1515528021.62		1470.34934457		1337.66122022		1685.05421412		
1515582771.17		1471.47503303		1338.2977085		1687.07123053		
1515637520.72		1472.60244654		1338.93635854		1689.09308148		
1515692270.27		1473.73158907		1339.5776886		1691.11978438		
1515747019.82		1474.86246461		1340.21963354		1693.1513567		
1515801769.37		1475.99507713		1340.86219425		1695.18781603		
1515856518.92		1477.12943066		1341.50537161		1697.22918		
1515911268.47		1478.26552921		1342.14916651		1699.27546638		
1515966018.02		1479.4033768		1342.79783878		1701.32669297		
1516020767.57		1480.54297748		1343.46590418		1703.38287769		
1516075517.12		1481.6843353		1344.13463486		1705.44403855		
1516130266.67		1482.82745434		1344.80403184		1707.51019362		
1516185016.22		1483.97314268		1345.4740961		1709.58136108		
1516239765.77		1485.12832661		1346.14482865		1711.6575592		
1516294515.32		1486.28531042		1346.81970919		1713.73880632		
1516349264.86		1487.4295049		1347.49853195		1715.82512087		
1516404014.41		1488.5724568		1348.17803935		1717.91652141		
1516458763.96		1489.72338335		1348.85823243		1720.01302653		
1516513513.51		1490.87894582		1349.53911223		1722.11465496		
1516568263.06		1492.03630249		1350.22067979		1724.2214255		
1516623012.61		1493.19545755		1350.90293615		1726.33335704		
1516677762.16		1494.35641519		1351.58588236		1728.45046857		
1516732511.71		1495.51917962		1352.26951946		1730.57277917		
1516787261.26		1496.68375507		1352.95384851		1732.70030801		
1516842010.81		1497.85014577		1353.63887055		1734.83307438		
1516896760.36		1499.01835597		1354.32458664		1736.97109762		
1516951509.91		1500.18838992		1355.00319183		1739.1143972		
1517006259.46		1501.3602519		1355.67984703		1741.26299268		
1517061009.01		1502.5339462		1356.35717848		1743.41690371		
1517115758.56		1503.70947712		1357.04672924		1745.57615003		
1517170508.11		1504.88684898		1357.74126497		1747.7407515		
1517225257.66		1506.0660661		1358.43651208		1749.91072807		
1517280007.21		1507.24713282		1359.13095035		1752.08609977		
1517334756.76		1508.4300535		1359.81870849		1754.26688676		
1517389506.31		1509.61483252		1360.50716305		1756.45310928		
1517444255.86		1510.80147424		1361.19631511		1758.64478768		
1517499005.41		1511.98998307		1361.88616571		1760.84194241		
1517553754.95		1513.18036342		1362.57671593		1763.04459401		
1517608504.5		1514.37261972		1363.26796683		1765.25276315		
1517663254.05		1515.56675639		1363.95991947		1767.46647057		
1517718003.6		1516.7627779		1364.65257493		1769.68573715		
1517772753.15		1517.96068871		1365.34593427		1771.91058385		
1517827502.7		1519.1604933		1366.03999858		1774.14103174		
1517882252.25		1520.36219616		1366.73476892		1776.37710199		
1517937001.8		1521.56580181		1367.43024637		1778.61881591		
1517991751.35		1522.77131476		1368.12643201		1780.86619487		
1518046500.9		1523.97873956		1368.82332693		1783.11926039		
1518101250.45		1525.18808075		1369.52093221		1785.37803406		
1518156000.0		1526.39934291		1370.21924893		1787.64253761		
