1463457600.0		5.64099978246		3.26510975489		18.6941546929		
1463491243.24		2.95786578188		2.8925465762		3.06267597534		
1463524886.49		2.98404097806		2.94739321775		3.02284456323		
1463558529.73		3.1195222366		3.08144896562		3.15688359486		
1463592172.97		3.23745178172		3.1972207009		3.27581504721		
1463625816.22		3.39312641758		3.35117586959		3.43303233309		
1463659459.46		3.55542493403		3.51166915534		3.59697447866		
1463693102.7		3.69071612708		3.64530488328		3.73360426974		
1463726745.95		3.86821160654		3.82083829825		3.91304054349		
1463760389.19		4.0146826755		3.96572126174		4.0614410515		
1463794032.43		4.20627235561		4.1550471996		4.2551123101		
1463827675.68		4.40638887492		4.35257637555		4.45718406108		
1463861318.92		4.58228387006		4.52610890728		4.63508145059		
1463894962.16		4.80054240435		4.74111313244		4.85467917695		
1463928605.41		5.02845596709		4.96606664961		5.08437127276		
1463962248.65		5.22825553003		5.16359062168		5.28597517363		
1463995891.89		5.47578128849		5.40817576892		5.53584006907		
1464029535.14		5.67721252827		5.60692460644		5.73904066281		
1464063178.38		5.85807136865		5.78457519654		5.9208590791		
1464096821.62		6.0253546557		5.94976316243		6.08998297123		
1464130464.86		6.22645191208		6.14772816647		6.29251779551		
1464164108.11		6.55099561063		6.46816501573		6.62021212138		
1464197751.35		6.82974269991		6.743376384		6.9016318751		
1464231394.59		7.09377646444		7.00411481417		7.1682336119		
1464265037.84		7.36782155946		7.27475067221		7.44490745391		
1464298681.08		7.62555735042		7.52932776253		7.7050087856		
1464332324.32		7.9442572513		7.84407918595		8.0267348246		
1464365967.57		8.2288716271		8.12524615575		8.31428013566		
1464399610.81		8.57138414699		8.46362255744		8.66028034383		
1464433254.05		8.92766117919		8.81558465209		9.0200467099		
1464466897.3		9.24374900585		9.12768386958		9.33902128568		
1464500540.54		9.62559711112		9.50495012832		9.72448728895		
1464534183.78		9.98318416252		9.85862308478		10.0854215754		
1464567827.03		10.3753377792		10.2461964756		10.4811693233		
1464601470.27		10.8018273861		10.6679256882		10.9115056378		
1464635113.51		11.1585122456		11.0212174988		11.2714127333		
1464668756.76		11.6164065981		11.4743808645		11.7332726296		
1464702400.0		12.0511520399		11.9047983882		12.1717880695		
1464736043.24		12.5121861245		12.3613885276		12.6369424081		
1464769686.49		13.0193127731		12.86341958		13.1483194549		
1464803329.73		13.4429275311		13.2829294534		13.5751906926		
1464836972.97		13.9840172145		13.8177822976		14.1206009166		
1464870616.22		14.544934851		14.3722560981		14.6865716156		
1464904259.46		15.0417738721		14.863484925		15.1869578642		
1464937902.7		15.6412342897		15.456261009		15.7915242347		
1464971545.95		16.1235574618		15.9341838833		16.2784026775		
1465005189.19		16.7470321954		16.550272383		16.9077509826		
1465038832.43		17.4076809407		17.2036772067		17.5756460919		
1465072475.68		18.0215072403		17.8111887008		18.1952439789		
1465106118.92		19.0487328466		18.8273732706		19.2318801168		
1465139762.16		20.130710359		19.8977697887		20.3248505414		
1465173405.41		21.2667074504		21.0207670998		21.4721526034		
1465207048.65		22.4544820392		22.1962503757		22.6707343314		
1465240691.89		23.6979389794		23.4270134608		23.9246634303		
1465274335.14		24.9031758097		24.6206383299		25.1419998458		
1465307978.38		26.2951090294		25.9999386721		26.5461614275		
1465341621.62		27.7563592379		27.447463428		28.0219109634		
1465375264.86		29.2862051485		28.9616382178		29.5657762896		
1465408908.11		30.8797372196		30.5401556068		31.1733617359		
1465442551.35		32.5407219147		32.1868778283		32.8476631364		
1465476194.59		34.2720231166		33.8990713821		34.5957728931		
1465509837.84		36.0769725092		35.6871108886		36.4169692978		
1465543481.08		37.9590178484		37.5491694235		38.3143977147		
1465577124.32		39.9168150603		39.4887827934		40.2879844393		
1465610767.57		41.9500095472		41.5078359654		42.3391311973		
1465644410.81		44.0633290641		43.6035036979		44.4690337495		
1465678054.05		46.2565915359		45.7826693787		46.6818718678		
1465711697.3		48.5417171178		48.0498688706		48.9857091195		
1465745340.54		50.9065639299		50.3960250298		51.3698500728		
1465778983.78		53.3574700845		52.8322036708		53.8381077227		
1465812627.03		55.8849645822		55.3467196201		56.3924133712		
1465846270.27		58.5163168281		57.9795078238		59.0593730248		
1465879913.51		61.1624864926		60.6084852218		61.7239236724		
1465913556.76		63.8824769699		63.3175416782		64.4603157563		
1465947200.0		44.3488162797		42.8862389801		46.2807710819		
1465980843.24		34.2760582117		33.3782557336		35.2633010853		
1466014486.49		34.6930472081		33.8167985332		35.6986900142		
1466048129.73		35.3510273889		34.4766641446		36.3749353374		
1466081772.97		36.0415515363		35.1529850276		37.0741756937		
1466115416.22		36.7383155932		35.8352774961		37.7798701372		
1466149059.46		37.4353559061		36.5210151518		38.4874159329		
1466182702.7		38.1390052002		37.2160086915		39.2035575145		
1466216345.95		38.8499634128		37.9218114277		39.9263594692		
1466249989.19		39.5748026655		38.6384401789		40.655955295		
1466283632.43		40.2958415217		39.3599700258		41.3907458828		
1466317275.68		41.026165527		40.0870928584		42.1344056612		
1466350918.92		41.7589101842		40.8107238184		42.879236751		
1466384562.16		42.4967238768		41.5432838892		43.6255732449		
1466418205.41		43.2379026048		42.280175092		44.3836229076		
1466451848.65		43.9943172043		43.030733855		45.1521513288		
1466485491.89		44.750599107		43.7847993214		45.9153114738		
1466519135.14		45.5209698318		44.5516006539		46.690504541		
1466552778.38		47.0765905032		46.0912432811		48.2805744479		
1466586421.62		49.2934891352		48.280174211		50.5470153918		
1466620064.86		51.599332363		50.5544040211		52.9000289027		
1466653708.11		53.9858913617		52.9047072256		55.3338699726		
1466687351.35		56.4549558854		55.334904617		57.850924441		
1466720994.59		59.0042062825		57.8510779643		60.4526056321		
1466754637.84		61.6359451296		60.4555663662		63.131190715		
1466788281.08		64.3545826627		63.1375404889		65.8973459799		
1466821924.32		67.1531629141		65.8935119878		68.7481457062		
1466855567.57		70.0242046207		68.7280134406		71.6656152251		
1466889210.81		72.9768950454		71.6429591119		74.6621386791		
1466922854.05		76.0089149209		74.6396666185		77.7379016111		
1466956497.3		79.126647497		77.7299863866		80.874703084		
1466990140.54		82.3300759844		80.8865711854		84.1085978661		
1467023783.78		85.5903878248		84.1141894811		87.4034039582		
1467057427.03		88.9292399281		87.4223143374		90.7646681026		
1467091070.27		92.3322928109		90.7837629378		94.1867099626		
1467124713.51		95.8053051419		94.2144269351		97.6809526922		
1467158356.76		99.3366622626		97.707766825		101.1986026		
1467192000.0		102.919451995		101.257081089		104.812850722		
1467225643.24		106.5886		104.864216601		108.500012436		
1467259286.49		110.295192904		108.532904999		112.218423139		
1467292929.73		106.671960473		104.986719333		108.485543737		
1467326572.97		110.191971844		108.476059311		112.031636155		
1467360216.22		121.520849604		119.666563704		123.459546981		
1467393859.46		125.34622481		123.47598177		127.311787815		
1467427502.7		129.25054645		127.346286617		131.213823351		
1467461145.95		133.104277173		131.175392316		135.047786091		
1467494789.19		136.974835027		135.022905442		138.939057334		
1467528432.43		140.863768839		138.865905068		142.772241015		
1467562075.68		144.742650831		142.748790367		146.643993365		
1467595718.92		148.610306325		146.606922583		150.543081095		
1467629362.16		152.455532095		150.432305481		154.350733846		
1467663005.41		156.29085914		154.260380882		158.162537596		
1467696648.65		160.126779633		158.066575207		161.938455642		
1467730291.89		163.909814446		161.85717612		165.721800395		
1467763935.14		167.662591446		165.637242639		169.46675989		
1467797578.38		171.360290334		169.319548283		173.138810874		
1467831221.62		175.011404426		172.96534496		176.805877038		
1467864864.86		178.593876162		176.57847024		180.419878621		
1467898508.11		182.123507411		180.108897708		183.982948757		
1467932151.35		186.10470916		184.079655612		187.960228264		
1467965794.59		189.116275089		187.075195513		190.960909283		
1467999437.84		192.478124758		190.386751412		194.296637876		
1468033081.08		195.744721634		193.705802931		197.58346742		
1468066724.32		198.95033244		196.914377681		200.80694344		
1468100367.57		202.107288285		200.109366805		203.94659193		
1468134010.81		205.144649539		203.20172211		207.051932781		
1468167654.05		208.14812386		206.221964731		210.072469057		
1468201297.3		211.050023576		209.095357218		213.022214421		
1468234940.54		213.918957856		211.881153658		215.873967666		
1468268583.78		216.682615037		214.620402631		218.618283399		
1468302227.03		219.471942855		217.414492872		221.396994189		
1468335870.27		222.137122669		220.041368555		224.070401202		
1468369513.51		224.717454363		222.629747653		226.670915401		
1468403156.76		227.235866356		225.11838897		229.209923609		
1468436800.0		229.638308645		227.48702505		231.646392013		
1468470443.24		248.362180189		245.992514757		250.533279731		
1468504086.49		250.766476189		248.395720192		252.983627891		
1468537729.73		253.02649439		250.668430261		255.264256114		
1468571372.97		255.279752342		252.958911724		257.51600388		
1468605016.22		174.154144694		169.00611464		182.249432213		
1468638659.46		137.363684368		133.147769125		141.269935465		
1468672302.7		139.045936272		135.207517773		142.492136583		
1468705945.95		142.987951407		139.162963127		146.427340964		
1468739589.19		147.119377372		143.345042269		150.577515366		
1468773232.43		151.318915459		147.565091476		154.754570183		
1468806875.68		155.535714115		151.767706069		158.903818194		
1468840518.92		159.724466705		155.954294763		163.029752906		
1468874162.16		163.912295852		160.139549019		167.200524838		
1468907805.41		168.074298029		164.350476548		171.304291438		
1468941448.65		172.211571169		168.554361854		175.400374166		
1468975091.89		174.4024448		170.835642661		177.49924919		
1469008735.14		178.540590589		175.070334494		181.634787734		
1469042378.38		182.573226144		179.136800975		185.654968474		
1469076021.62		186.687971653		183.319120593		189.695584916		
1469109664.86		190.712611583		187.409721247		193.656168492		
1469143308.11		194.624362084		191.423456467		197.557341829		
1469176951.35		198.535585366		195.404743348		201.410563368		
1469210594.59		182.071855633		179.317608072		184.570447572		
1469244237.84		185.317241979		182.584723897		187.736731564		
1469277881.08		188.431295132		185.764260004		190.798222648		
1469311524.32		191.474835592		188.94637374		193.794298292		
1469345167.57		194.456245925		191.997204668		196.663042112		
1469378810.81		197.39339082		195.014420281		199.451419179		
1469412454.05		200.260463272		197.932139905		202.200154947		
1469446097.3		203.052027119		200.778587659		204.987434737		
1469479740.54		205.786080541		203.609111317		207.698529209		
1469513383.78		208.381860747		206.317523143		210.292398769		
1469547027.03		201.824975524		199.958081192		203.59698612		
1469580670.27		204.240863272		202.420772722		205.959514612		
1469614313.51		206.562637579		204.828622809		208.25349355		
1469647956.76		208.843575901		207.19036111		210.542104957		
1469681600.0		211.036655		209.482102719		212.736238914		
1469715243.24		213.174750834		211.650397931		214.881668972		
1469748886.49		220.292839548		218.75738702		221.979732289		
1469782529.73		222.336349069		220.76954793		224.040734124		
1469816172.97		224.335399034		222.790215675		226.048688165		
1469849816.22		240.245531207		238.582121657		242.024808507		
1469883459.46		242.280783581		240.580049349		243.999390228		
1469917102.7		244.212634311		242.498906689		245.93253502		
1469950745.95		246.081040051		244.281174308		247.792457453		
1469984389.19		247.893643164		246.071431461		249.588844133		
1470018032.43		249.638729213		247.710599384		251.314602469		
1470051675.68		251.336184508		249.372060193		253.021915235		
1470085318.92		237.649650379		235.785415484		239.226066192		
1470118962.16		254.605358037		252.526172133		256.262947618		
1470152605.41		256.053740292		253.940226988		257.694345656		
1470186248.65		239.428784239		237.457071307		240.925780326		
1470219891.89		240.969058459		238.988107606		242.415688583		
1470253535.14		242.418644743		240.436114082		243.866249965		
1470287178.38		243.835565689		241.857010295		245.280273801		
1470320821.62		245.175024671		243.225580968		246.597433834		
1470354464.86		245.903030604		243.920345401		247.357745893		
1470388108.11		247.450115007		245.47055095		248.898632802		
1470421751.35		248.754946094		246.800477853		250.186210223		
1470455394.59		249.956010442		248.044314658		251.380023418		
1470489037.84		251.105506219		249.220320886		252.515285094		
1470522681.08		249.479523698		247.605445431		250.829375993		
1470556324.32		250.572603291		248.685918353		251.931399051		
1470589967.57		251.696523639		249.824819418		253.035478798		
1470623610.81		252.792847154		250.926017036		254.129143443		
1470657254.05		253.880309494		252.032269041		255.208315722		
1470690897.3		254.936644487		253.091954715		256.264256382		
1470724540.54		275.351951701		273.366280375		276.782335799		
1470758183.78		257.948300089		256.126114676		259.287442639		
1470791827.03		277.283301528		275.391470146		278.730527404		
1470825470.27		277.49045664		275.636349948		278.934742181		
1470859113.51		277.577648488		275.730931176		279.015521845		
1470892756.76		277.626459368		275.800080145		279.06580861		
1470926400.0		277.697602627		275.915552874		279.154357235		
1470960043.24		278.072783282		276.301246364		279.488179447		
1470993686.49		278.527256097		276.827292756		279.927208003		
1471027329.73		278.887259738		277.283396819		280.254265696		
1471060972.97		279.327885473		277.786985865		280.652933768		
1471094616.22		279.705149909		278.24791465		280.990408974		
1471128259.46		280.144920999		278.685917926		281.385596812		
1471161902.7		280.530253461		279.11627785		281.772688132		
1471195545.95		280.921844823		279.492605462		282.151079532		
1471229189.19		281.321346966		279.869711172		282.544537244		
1471262832.43		281.648520727		280.161171479		282.867441623		
1471296475.68		282.026254554		280.505322461		283.239064183		
1471330118.92		282.424600818		280.87859484		283.701452794		
1471363762.16		282.714317085		281.169595368		284.004169462		
1471397405.41		283.048234874		281.520962916		284.376532996		
1471431048.65		283.312677492		281.810107706		284.679301758		
1471464691.89		283.716612645		282.198308824		285.143639353		
1471498335.14		284.094854058		282.578801352		285.556027312		
1471531978.38		284.415182923		282.88105091		285.933167458		
1471565621.62		284.801369038		283.231872672		286.317435069		
1471599264.86		285.1549886		283.535634319		286.699623068		
1471632908.11		285.487521356		283.792972822		287.026495867		
1471666551.35		285.807533237		284.091514309		287.368496801		
1471700194.59		286.114734913		284.36645423		287.654052019		
1471733837.84		286.398454825		284.624943285		287.997190326		
1471767481.08		286.702265304		284.894013925		288.312494611		
1471801124.32		286.999110247		285.149423573		288.628995676		
1471834767.57		287.370126661		285.476643567		289.023731244		
1471868410.81		287.541661091		285.646349955		289.227908944		
1471902054.05		286.066591086		284.532984934		287.66285468		
1471935697.3		276.948380542		275.572377668		278.362082529		
1471969340.54		268.544637445		267.201364417		269.867278267		
1472002983.78		260.686053806		259.389992812		262.187356527		
1472036627.03		253.366265546		251.79384228		254.965739743		
1472070270.27		238.017450422		236.301318045		239.568796759		
1472103913.51		240.677948474		238.932163671		242.213936672		
1472137556.76		216.733159697		215.14106698		218.10980155		
1472171200.0		230.237572857		228.565368639		231.644459095		
1472204843.24		225.355195269		223.737810655		226.740191317		
1472238486.49		220.721648656		219.199586325		222.069818823		
1472272129.73		216.304082582		214.821327297		217.634475604		
1472305772.97		212.093896585		210.635478848		213.412740766		
1472339416.22		208.067768606		206.650327022		209.346417556		
1472373059.46		204.252148906		202.81679958		205.470463753		
1472406702.7		200.574509345		199.155945216		201.780387236		
1472440345.95		197.049963994		195.617363978		198.26091175		
1472473989.19		193.707064101		192.273590484		194.90356112		
1472507632.43		190.467912904		189.030723721		191.61549347		
1472541275.68		187.364143316		185.923072126		188.5148444		
1472574918.92		184.398417981		182.955874115		185.537076543		
1472608562.16		181.517088181		180.110581975		182.651234076		
1472642205.41		178.77262716		177.359219303		179.877622049		
1472675848.65		176.10407544		174.728135931		177.221281415		
1472709491.89		173.52480136		172.185784614		174.646703998		
1472743135.14		171.049192866		169.668256356		172.166978109		
1472776778.38		168.644419779		167.250835583		169.761022282		
1472810421.62		166.256904822		164.903499721		167.386995792		
1472844064.86		164.565829816		163.211665379		165.710958455		
1472877708.11		168.584173622		167.243264417		169.7629332		
1472911351.35		172.468537595		171.123839265		173.613311269		
1472944994.59		176.326513446		174.993944905		177.475213251		
1472978637.84		180.185078782		178.856800723		181.369819108		
1473012281.08		184.010244288		182.72680445		185.177131999		
1473045924.32		187.787956403		186.533333703		188.986623002		
1473079567.57		191.567991654		190.285531766		192.768413817		
1473113210.81		195.497363477		194.240436167		196.694690101		
1473146854.05		199.11800612		197.886646784		200.33652411		
1473180497.3		202.850119615		201.624820495		204.089065298		
1473214140.54		206.529151942		205.286523335		207.762849527		
1473247783.78		210.154503881		208.894259619		211.417001848		
1473281427.03		213.741023919		212.474658533		214.958388565		
1473315070.27		217.285052937		216.049801282		218.498851678		
1473348713.51		220.769280608		219.532526257		221.987435738		
1473382356.76		223.96993551		222.762667581		225.189444166		
1473416000.0		227.465348686		226.238377572		228.701224463		
1473449643.24		230.762877735		229.518730892		232.005865074		
1473483286.49		233.998383645		232.75790442		235.22236103		
1473516929.73		237.190130233		235.970254263		238.429991481		
1473550572.97		240.323283579		239.091833588		241.584070274		
1473584216.22		243.39409192		242.160355291		244.672748781		
1473617859.46		246.394204333		245.16264738		247.679700042		
1473651502.7		249.327200821		248.101255757		250.619465965		
1473685145.95		252.233873737		251.002355564		253.535344683		
1473718789.19		255.074151321		253.858843219		256.449552803		
1473752432.43		257.862825239		256.622960464		259.238638973		
1473786075.68		260.602886424		259.346100017		262.02862175		
1473819718.92		263.597222595		262.398918631		264.999484452		
1473853362.16		266.248684082		265.108688831		267.580127284		
1473887005.41		268.724953192		267.627834813		270.002976635		
1473920648.65		270.834305965		269.769887939		272.129845243		
1473954291.89		273.241062689		272.191585065		274.617883549		
1473987935.14		275.673262721		274.602872827		277.057992352		
1474021578.38		278.013139664		276.944163554		279.434658742		
1474055221.62		280.295689943		279.230186103		281.756485703		
1474088864.86		273.746599883		272.686191612		275.165483877		
1474122508.11		275.85894313		274.78807116		277.374153727		
1474156151.35		277.931737764		276.847980086		279.465629288		
1474189794.59		279.977575556		278.892842004		281.553950483		
1474223437.84		281.946143497		280.867953456		283.558572524		
1474257081.08		283.882115594		282.776819811		285.50899267		
1474290724.32		285.7694578		284.634415067		287.389172003		
1474324367.57		287.619778463		286.454261542		289.219259874		
1474358010.81		289.418318992		288.229944744		290.993877129		
1474391654.05		289.189614637		287.990343038		290.762839924		
1474425297.3		290.914358797		289.701049993		292.493954545		
1474458940.54		292.597819118		291.390622848		294.190809767		
1474492583.78		294.268630943		293.044404606		295.899391679		
1474526227.03		294.731905045		293.510042664		296.37943078		
1474559870.27		296.649529609		295.440571979		298.333523647		
1474593513.51		298.572897913		297.34770742		300.262743834		
1474627156.76		300.360097063		299.126455711		302.068972124		
1474660800.0		297.446932287		296.216190923		299.155773673		
1474694443.24		299.065172108		297.834611781		300.787649059		
1474728086.49		300.560152683		299.316420516		302.303814996		
1474761729.73		302.010220992		300.75167873		303.761341594		
1474795372.97		303.40453157		302.149297142		305.18158493		
1474829016.22		304.762151324		303.486926204		306.55552597		
1474862659.46		306.074526435		304.774946412		307.856759041		
1474896302.7		307.336621659		306.039523944		309.121730203		
1474929945.95		308.553975245		307.253060184		310.340390657		
1474963589.19		309.742993087		308.435422164		311.537190869		
1474997232.43		310.926156154		309.612138615		312.725324413		
1475030875.68		312.081299546		310.753328135		313.881801068		
1475064518.92		313.180071863		311.85321487		314.998474859		
1475098162.16		314.424606877		313.08607941		316.253153265		
1475131805.41		315.675087526		314.33107441		317.511842104		
1475165448.65		316.89718761		315.542377973		318.738798362		
1475199091.89		311.622819024		310.332161955		313.285388665		
1475232735.14		301.600214194		300.466620575		302.901170821		
1475266378.38		291.955531128		290.987979102		293.113456172		
1475300021.62		273.476608523		272.548605113		274.488851576		
1475333664.86		274.390724272		273.399471514		275.392411022		
1475367308.11		268.666366111		267.558691994		269.692103355		
1475400951.35		266.046955157		264.862300995		267.104725671		
1475434594.59		263.876927338		262.610932836		265.045122564		
1475468237.84		261.799459588		260.401521324		263.141410232		
1475501881.08		259.81761024		258.27897103		261.316993622		
1475535524.32		254.91365247		253.295459833		256.536342803		
1475569167.57		253.128594561		251.367519532		254.910015273		
1475602810.81		251.68057345		249.746921873		253.581214811		
1475636454.05		249.957277023		247.921262617		252.046835518		
1475670097.3		249.554825542		247.363144318		251.791964981		
1475703740.54		253.218527748		251.018204762		255.451118111		
1475737383.78		258.954807277		256.790442273		261.11671289		
1475771027.03		264.815368569		262.713137284		266.935809416		
1475804670.27		270.539632541		268.506192411		272.629027332		
1475838313.51		276.172442328		274.165472159		278.228767462		
1475871956.76		281.58850513		279.612046597		283.614143039		
1475905600.0		286.393333434		284.473451829		288.328046626		
1475939243.24		291.078635958		289.216546956		292.985962127		
1475972886.49		295.715490888		293.950943613		297.599276186		
1476006529.73		300.278670628		298.519165251		302.052016236		
1476040172.97		304.743105269		302.970628259		306.422301185		
1476073816.22		309.062051405		307.311117633		310.695721716		
1476107459.46		313.274072458		311.57729		314.901519081		
1476141102.7		317.430654913		315.728167836		319.071381242		
1476174745.95		321.523704848		319.888536197		323.084948188		
1476208389.19		325.417614355		323.842593901		326.944880952		
1476242032.43		329.252218523		327.725640775		330.711602329		
1476275675.68		332.960472347		331.503178196		334.397454878		
1476309318.92		336.532803699		335.13842055		337.954235853		
1476342962.16		339.328194068		337.987175754		340.722967955		
1476376605.41		342.168542195		340.837237758		343.563139055		
1476410248.65		345.270682129		343.957303788		346.657974792		
1476443891.89		348.298818007		346.973553284		349.633176135		
1476477535.14		351.08463978		349.764893402		352.402067649		
1476511178.38		354.211703372		352.898601206		355.542347479		
1476544821.62		357.274174051		355.937635112		358.571062083		
1476578464.86		360.206962636		358.904940448		361.512286165		
1476612108.11		363.058307535		361.763564877		364.353639523		
1476645751.35		365.81125968		364.558299057		367.136633057		
1476679394.59		368.466768275		367.253673414		369.8168033		
1476713037.84		371.030570709		369.841193744		372.421638008		
1476746681.08		373.530865988		372.33044343		374.934252377		
1476780324.32		375.935035193		374.726380625		377.361473776		
1476813967.57		378.259718127		377.058398682		379.713169261		
1476847610.81		380.525699076		379.33592719		382.017798121		
1476881254.05		382.712786628		381.535862807		384.222384947		
1476914897.3		384.827575019		383.640033123		386.312859822		
1476948540.54		386.806842811		385.626303044		388.306607716		
1476982183.78		388.66821616		387.484651529		390.200733718		
1477015827.03		390.219417073		389.058677026		391.796846372		
1477049470.27		391.713974985		390.546831483		393.32456179		
1477083113.51		393.162821199		391.981106481		394.786495865		
1477116756.76		394.592383481		393.395228372		396.238803566		
1477150400.0		395.965043712		394.759712873		397.627421459		
1477184043.24		397.303050961		396.108428836		398.941845218		
1477217686.49		398.606721746		397.40244978		400.258804214		
1477251329.73		399.877145293		398.650418966		401.540092585		
1477284972.97		401.106692231		399.871330541		402.778477908		
1477318616.22		402.282763228		401.058820894		403.985569044		
1477352259.46		403.410476783		402.207464127		405.155120535		
1477385902.7		404.538754396		403.3267408		406.294599026		
1477419545.95		405.613279253		404.411019901		407.377385352		
1477453189.19		406.677022554		405.449914304		408.44205408		
1477486832.43		407.70958305		406.480202541		409.475270999		
1477520475.68		408.724801527		407.481809641		410.489910145		
1477554118.92		409.692506772		408.434726596		411.473358345		
1477587762.16		410.491568606		409.199836015		412.282897724		
1477621405.41		411.54319045		410.235900589		413.355518924		
1477655048.65		412.462633054		411.136528439		414.289821828		
1477688691.89		413.30558379		411.980647002		415.150753974		
1477722335.14		414.175806887		412.858731798		416.04643268		
1477755978.38		415.042592598		413.716410017		416.930432644		
1477789621.62		415.899593		414.569641075		417.794468874		
1477823264.86		416.730224387		415.39453424		418.630231226		
1477856908.11		417.509634324		416.182841587		419.436333829		
1477890551.35		418.297445024		416.976837046		420.236217248		
1477924194.59		419.051513591		417.718398543		421.002068416		
1477957837.84		419.808021358		418.470589179		421.762270228		
1477991481.08		420.560291237		419.221473726		422.513462829		
1478025124.32		421.29397614		419.948207297		423.246510546		
1478058767.57		422.0293131		420.672885681		423.978124791		
1478092410.81		422.712826705		421.363729078		424.684149031		
1478126054.05		423.422656508		422.07479767		425.401300432		
1478159697.3		424.081642368		422.715526619		426.061294553		
1478193340.54		424.798468288		423.439999477		426.78642995		
1478226983.78		425.462826942		424.108008249		427.45281591		
1478260627.03		426.121412163		424.760059709		428.116711004		
1478294270.27		426.787334738		425.416412763		428.78387849		
1478327913.51		427.455400107		426.067261893		429.447412493		
1478361556.76		428.082721734		426.68438512		430.072984656		
1478395200.0		428.729105652		427.329035996		430.720534096		
1478428843.24		429.343381072		427.943916716		431.343266258		
1478462486.49		429.946171384		428.545444272		431.953325483		
1478496129.73		430.545101631		429.158216024		432.563447863		
1478529772.97		431.155935577		429.763872282		433.191122444		
1478563416.22		431.770268713		430.366775653		433.810761003		
1478597059.46		432.36856501		430.965411623		434.407417902		
1478630702.7		432.970589911		431.559522376		435.003853139		
1478664345.95		433.572222383		432.155215998		435.609466271		
1478697989.19		434.14652039		432.721832364		436.182081869		
1478731632.43		434.727658458		433.301386127		436.763755611		
1478765275.68		435.319508378		433.895369152		437.357596587		
1478798918.92		435.883701414		434.468020363		437.90393479		
1478832562.16		436.471390365		435.057016962		438.486094437		
1478866205.41		437.041076348		435.619508724		439.047979871		
1478899848.65		437.615918771		436.188906568		439.610389456		
1478933491.89		438.188658553		436.756071105		440.180938558		
1478967135.14		438.76835692		437.323495874		440.751381452		
1479000778.38		439.321249648		437.866485567		441.288454712		
1479034421.62		439.8996229		438.445551931		441.85423772		
1479068064.86		440.450399201		439.006025326		442.399736615		
1479101708.11		441.004697086		439.556263559		442.953428378		
1479135351.35		441.579409612		440.119885989		443.514922112		
1479168994.59		442.124120836		440.665804722		444.052908526		
1479202637.84		442.670580213		441.215795919		444.59578918		
1479236281.08		443.221644089		441.768839741		445.148720606		
1479269924.32		443.763617633		442.301557762		445.685768304		
1479303567.57		444.300129669		442.840014241		446.224803894		
1479337210.81		444.848669749		443.377849925		446.762703556		
1479370854.05		445.397546354		443.918704725		447.301078221		
1479404497.3		445.937682217		444.458638981		447.838435459		
1479438140.54		446.492278327		445.004283853		448.391455218		
1479471783.78		447.024183528		445.536453436		448.923170401		
1479505427.03		447.582815499		446.094838398		449.46327998		
1479539070.27		448.119637081		446.632621145		449.998344331		
1479572713.51		448.655550143		447.174348529		450.531294608		
1479606356.76		449.205624126		447.724119554		451.071389131		
1479640000.0		449.741331945		448.266068813		451.606340397		
1479673643.24		450.256297679		448.794181378		452.13780489		
1479707286.49		450.785373768		449.335440448		452.682944841		
1479740929.73		451.320797957		449.863493905		453.230092724		
1479774572.97		424.143122295		422.334155719		426.489994973		
1479808216.22		359.846948224		355.489024569		364.597097706		
1479841859.46		361.362308836		357.366095169		366.063547912		
1479875502.7		375.454809901		371.590870882		380.2163647		
1479909145.95		379.135392454		375.369959509		383.637337017		
1479942789.19		382.710192082		379.036603244		387.051563375		
1479976432.43		386.160406368		382.600256782		390.378831141		
1480010075.68		389.490495955		386.072686834		393.579766468		
1480043718.92		392.731471805		389.443429318		396.678077951		
1480077362.16		395.870911373		392.728581451		399.683326969		
1480111005.41		398.957250539		395.887563302		402.663404794		
1480144648.65		401.924007026		399.003273425		405.551004895		
1480178291.89		404.80934171		402.009110482		408.347542637		
1480211935.14		407.653244862		404.910193191		411.002923859		
1480245578.38		410.383786732		407.754375666		413.621825772		
1480279221.62		413.055176691		410.492624419		416.172045403		
1480312864.86		415.633588772		413.148226546		418.640047051		
1480346508.11		417.494241149		415.143208624		420.357699029		
1480380151.35		415.701391089		413.458869286		418.329292464		
1480413794.59		413.854081387		411.891932778		416.39886614		
1480447437.84		412.20249542		410.308782784		414.596600719		
1480481081.08		410.705370593		408.721171605		412.912501551		
1480514724.32		409.322944723		407.260000723		411.4722125		
1480548367.57		407.896920515		405.808464148		410.172460873		
1480582010.81		406.60108874		404.423370565		409.060735724		
1480615654.05		405.368385223		402.960092676		407.972875018		
1480649297.3		404.256690774		401.650526092		407.090203949		
1480682940.54		403.20424848		400.396425649		406.193774399		
1480716583.78		402.177441891		399.227483199		405.333068619		
1480750227.03		401.257430844		398.189995736		404.57399437		
1480783870.27		400.399666845		397.060993065		403.873334289		
1480817513.51		399.596498419		396.096040569		403.31219983		
1480851156.76		398.82062692		395.130467685		402.717184737		
1480884800.0		398.108975224		394.21544885		402.213786489		
1480918443.24		397.466494633		393.402723074		401.733157462		
1480952086.49		400.180212308		396.181522598		404.327286626		
1480985729.73		403.629198915		399.783126822		407.625323749		
1481019372.97		406.986988002		403.322695253		410.824456888		
1481053016.22		410.236337627		406.691850488		413.946583442		
1481086659.46		413.364457756		409.909021466		416.925371247		
1481120302.7		416.408953265		413.093425166		419.867133509		
1481153945.95		419.380845201		416.171387312		422.726979793		
1481187589.19		422.261911395		419.149168573		425.519927739		
1481221232.43		425.091178683		422.078678121		428.228520772		
1481254875.68		427.760027786		424.825196309		430.751014443		
1481288518.92		430.331417136		427.503718654		433.220955026		
1481322162.16		432.814877512		430.125039656		435.621334006		
1481355805.41		435.257356501		432.605266884		437.929111459		
1481389448.65		437.570461822		435.005625635		440.19719824		
1481423091.89		439.841534799		437.388066944		442.383311243		
1481456735.14		442.051428851		439.737133892		444.522875999		
1481490378.38		444.236817329		441.955827513		446.600216445		
1481524021.62		446.311610613		444.060857636		448.571840004		
1481557664.86		448.27355549		446.091207969		450.408885726		
1481591308.11		449.970655567		447.846948097		452.056103155		
1481624951.35		451.552320715		449.532116573		453.544726924		
1481658594.59		453.085129666		451.117179171		454.966073257		
1481692237.84		454.575099491		452.626410944		456.387489876		
1481725881.08		456.05097034		454.134315648		457.778483365		
1481759524.32		457.517115564		455.597546742		459.203760477		
1481793167.57		458.942392795		457.098878841		460.612454081		
1481826810.81		460.252408789		458.476020942		461.883950669		
1481860454.05		461.568043352		459.811784945		463.174185576		
1481894097.3		462.851251827		461.091738176		464.443797261		
1481927740.54		464.113031732		462.354034961		465.67446678		
1481961383.78		465.324785443		463.598706398		466.873587128		
1481995027.03		466.479472446		464.830525119		468.072447231		
1482028670.27		467.635248967		465.995950574		469.245173512		
1482062313.51		468.807689777		467.169665388		470.386341442		
1482095956.76		469.921344611		468.306657183		471.471811583		
1482129600.0		471.043738168		469.414402196		472.577379488		
1482163243.24		472.074424938		470.414175113		473.59988118		
1482196886.49		461.896077277		460.406363208		463.425400818		
1482230529.73		450.945087704		448.939446464		453.212802784		
1482264172.97		441.065152332		437.946447721		444.19042345		
1482297816.22		431.703354872		427.693347276		435.871457498		
1482331459.46		422.957189115		418.109886015		428.236324241		
1482365102.7		417.333233482		411.857632143		423.201316194		
1482398745.95		420.747215211		415.440505859		426.452797169		
1482432389.19		424.175868831		419.062888792		429.704406554		
1482466032.43		427.453467391		422.548606493		432.716698515		
1482499675.68		430.698492794		425.970098298		435.780558233		
1482533318.92		433.875163189		429.215109262		438.59834309		
1482566962.16		436.946191837		432.446152054		441.403124793		
1482600605.41		439.917376824		435.503064631		444.131497691		
1482634248.65		442.716665869		438.597957297		446.803339908		
1482667891.89		445.403139948		441.484931623		449.360427376		
1482701535.14		448.016785323		444.240226797		451.802448822		
1482735178.38		450.587951915		446.994801549		454.040851663		
1482768821.62		453.032812748		449.567213653		456.328122381		
1482802464.86		455.357888294		452.024872701		458.511345101		
1482836108.11		457.659409967		454.44234824		460.674111962		
1482869751.35		459.870390417		456.747086173		462.685848095		
1482903394.59		461.975159442		458.953496949		464.712446267		
1482937037.84		464.058821815		461.210464604		466.739067285		
1482970681.08		463.628034091		460.846550558		466.216884505		
1483004324.32		465.728039896		463.009485413		468.251914006		
1483037967.57		467.768213046		465.176637391		470.222342863		
1483071610.81		469.749469011		467.210302234		472.084702282		
1483105254.05		471.642754264		469.18120777		473.921476796		
1483138897.3		473.435663794		471.080297518		475.673381761		
1483172540.54		475.158461413		472.789165807		477.309452222		
1483206183.78		476.82747203		474.537672314		478.920859195		
1483239827.03		478.44490815		476.30159417		480.513869061		
1483273470.27		480.041702013		477.888271117		482.091408798		
1483307113.51		481.621057515		479.519783069		483.62844998		
1483340756.76		483.153607792		481.088810699		485.125587958		
1483374400.0		484.627126395		482.589673598		486.588657868		
1483408043.24		486.056262898		484.015429284		488.00229181		
1483441686.49		487.412061089		485.432620115		489.378577025		
1483475329.73		488.71568093		486.729611367		490.663568068		
1483508972.97		489.999442251		488.026304628		491.880844227		
1483542616.22		491.260579654		489.263464637		493.147620679		
1483576259.46		492.520849227		490.503219627		494.386200968		
1483609902.7		493.73915318		491.747770158		495.575306678		
1483643545.95		494.899793172		492.920492346		496.702740152		
1483677189.19		496.06077781		494.07475884		497.818010455		
1483710832.43		497.175119053		495.224060478		498.957400581		
1483744475.68		498.315105836		496.363676703		500.098046668		
1483778118.92		499.417115353		497.479261818		501.226898448		
1483811762.16		500.512169244		498.549246423		502.327073146		
1483845405.41		501.572580544		499.677607533		503.42215532		
1483879048.65		502.598125867		500.723944014		504.462498023		
1483912691.89		503.596414963		501.743658806		505.459652748		
1483946335.14		504.600934908		502.70840068		506.461807564		
1483979978.38		505.608640969		503.642951044		507.454493359		
1484013621.62		506.633483444		504.675411795		508.486280062		
1484047264.86		507.634060442		505.67476555		509.528162539		
1484080908.11		508.559528605		506.600442984		510.444401825		
1484114551.35		509.433170845		507.473852344		511.326900473		
1484148194.59		510.282492696		508.291059213		512.193111603		
1484181837.84		511.122879024		509.123218093		513.050228364		
1484215481.08		511.993351257		509.981896848		513.937843518		
1484249124.32		512.808609278		510.77839786		514.777971747		
1484282767.57		513.568724961		511.528703824		515.540976754		
1484316410.81		514.314344582		512.276274376		516.298995168		
1484350054.05		515.033976879		512.977793259		517.043736944		
1484383697.3		515.788423533		513.742723833		517.820543361		
1484417340.54		516.56163335		514.515997558		518.598878917		
1484450983.78		517.330431422		515.286854588		519.382578751		
1484484627.03		518.109089074		516.052527167		520.180439461		
1484518270.27		518.830665814		516.765314292		520.892001048		
1484551913.51		519.544644539		517.465468754		521.622392558		
1484585556.76		520.254210793		518.143912092		522.338845752		
1484619200.0		520.908386439		518.789915341		523.013009674		
1484652843.24		521.600645112		519.470349971		523.727393951		
1484686486.49		522.331034903		520.189892911		524.464345555		
1484720129.73		523.059509257		520.898442504		525.207449493		
1484753772.97		523.731789486		521.567423115		525.901400464		
1484787416.22		415.270034985		413.536252174		416.995894164		
1484821059.46		415.812932328		414.061459077		417.551187089		
1484854702.7		416.345024309		414.578052435		418.093109569		
1484888345.95		416.88761036		415.102042823		418.643496296		
1484921989.19		417.437834742		415.642364216		419.21570702		
1484955632.43		499.344785352		497.175175281		501.491907777		
1484989275.68		500.031530328		497.837810787		502.185948994		
1485022918.92		500.726996624		498.496963925		502.890689037		
1485056562.16		501.384308177		499.131104725		503.551643222		
1485090205.41		502.032739935		499.751226805		504.195012697		
1485123848.65		502.697856232		500.407325989		504.874164562		
1485157491.89		503.324999256		501.027333355		505.525044773		
1485191135.14		503.934028274		501.625357496		506.157317281		
1485224778.38		499.164546533		496.881615384		501.369393973		
1485258421.62		487.773102961		485.518691747		489.941415455		
1485292064.86		477.139035821		474.937872987		479.291366355		
1485325708.11		472.674314756		470.48805445		474.839016164		
1485359351.35		474.363693327		472.156992198		476.532239688		
1485392994.59		476.006271028		473.775204335		478.190659154		
1485426637.84		477.659599417		475.408919265		479.857608882		
1485460281.08		401.15571394		399.263771942		403.020328007		
1485493924.32		402.538048511		400.62762625		404.431090868		
1485527567.57		403.891742454		401.961960962		405.799901164		
1485561210.81		405.212715374		403.257892054		407.126903167		
1485594854.05		406.48028533		404.506738441		408.397424342		
1485628497.3		407.715640491		405.737705094		409.640810412		
1485662140.54		408.922864		406.930843934		410.860823101		
1485695783.78		410.11503703		408.119399008		412.081107242		
1485729427.03		411.289834111		409.263987625		413.259748458		
1485763070.27		412.425650054		410.376046914		414.406634285		
1485796713.51		413.546819496		411.466222005		415.546022845		
1485830356.76		476.29077804		473.879120556		478.592217588		
1485864000.0		477.487682792		475.047095136		479.791590533		
1485897643.24		478.658000864		476.206533504		480.977475867		
1485931286.49		479.795032745		477.335353376		482.14705142		
1485964929.73		458.747618633		452.723814642		463.299214514		
1485998572.97		450.969330695		443.324070225		458.519575997		
1486032216.22		452.984215486		445.758942827		460.309262718		
1486065859.46		464.925406128		457.797575024		471.922640683		
1486099502.7		467.169532742		460.30364898		473.65024832		
1486133145.95		469.200326496		462.675530246		475.091748107		
1486166789.19		471.154735225		464.994095018		476.696381453		
1486200432.43		473.063859284		467.21484924		478.145141725		
1486234075.68		474.976785795		469.330851129		479.713880744		
1486267718.92		476.71055925		471.476080412		481.109137019		
1486301362.16		478.454710059		473.515686024		482.643914881		
1486335005.41		480.113846673		475.499210008		483.985954547		
1486368648.65		481.692749414		477.355316382		485.370836948		
1486402291.89		483.145773133		479.079564569		486.803194957		
1486435935.14		484.689567291		480.730868507		488.244329085		
1486469578.38		486.153082766		482.457258606		489.661932276		
1486503221.62		487.686567666		484.051286145		491.130061195		
1486536864.86		489.18325145		485.535909645		492.504626076		
1486570508.11		490.665963408		487.077345479		493.880989172		
1486604151.35		492.078560747		488.339675145		495.238444404		
1486637794.59		493.467502147		489.832314693		496.557106678		
1486671437.84		494.759470743		491.265295871		497.765247202		
1486705081.08		496.018360619		492.691902673		498.884296846		
1486738724.32		497.252363489		494.07324473		500.045305378		
1486772367.57		498.464267485		495.389887333		501.163148764		
1486806010.81		499.684857987		496.682303816		502.319113009		
1486839654.05		500.874986571		497.98143801		503.455051968		
1486873297.3		502.072543447		499.263406269		504.577696189		
1486906940.54		503.317587696		500.473713344		505.738444853		
1486940583.78		504.513738991		501.739326941		506.85360892		
1486974227.03		505.627493084		502.937669343		507.902468478		
1487007870.27		506.726901811		504.045109982		509.028916374		
1487041513.51		507.753744031		505.071996091		510.049399187		
1487075156.76		508.795735265		506.11299393		511.150986532		
1487108800.0		509.872317676		507.211833226		512.22558262		
1487142443.24		510.961856601		508.287206913		513.272612989		
1487176086.49		512.018785718		509.376361354		514.378209919		
1487209729.73		513.121395033		510.430762166		515.448233578		
1487243372.97		514.14925108		511.385362182		516.513330972		
1487277016.22		516.00152355		513.232145795		518.473945033		
1487310659.46		516.95428106		514.050462197		519.3625153		
1487344302.7		517.874011233		514.91088793		520.344771846		
1487377945.95		518.784547316		515.768934662		521.258912424		
1487411589.19		519.676003742		516.612752398		522.210367905		
1487445232.43		520.523612666		517.399952155		523.054832456		
1487478875.68		521.407330821		518.25531493		523.962070394		
1487512518.92		522.356694151		519.120678016		524.945724216		
1487546162.16		523.233268088		519.954097218		525.830828232		
1487579805.41		524.125437142		520.827461955		526.755527821		
1487613448.65		524.99126321		521.631709557		527.619560679		
1487647091.89		525.896678093		522.452144622		528.552572269		
1487680735.14		526.797743799		523.337793096		529.478391889		
1487714378.38		527.667025963		524.169050905		530.365271864		
1487748021.62		528.53377856		524.997403101		531.242412738		
1487781664.86		529.393542425		525.833566227		532.137040688		
1487815308.11		530.329179057		526.790149021		533.083418377		
1487848951.35		531.219611526		527.685976207		533.987510966		
1487882594.59		532.109522131		528.505923393		534.851653032		
1487916237.84		532.970214751		529.294621623		535.716112909		
1487949881.08		533.716315886		530.034159873		536.504362582		
1487983524.32		534.483772225		530.805693301		537.313706456		
1488017167.57		535.255336539		531.60187444		538.067124623		
1488050810.81		536.055332477		532.451955184		538.814388164		
1488084454.05		536.849058572		533.293835474		539.534972738		
1488118097.3		537.549808875		534.075869853		540.206083913		
1488151740.54		538.303365742		534.792783324		540.862981101		
1488185383.78		539.051281403		535.485198176		541.56908177		
1488219027.03		539.738471299		536.278998739		542.200554976		
1488252670.27		540.425651231		537.105063642		542.931913846		
1488286313.51		541.117812261		537.879595259		543.625768648		
1488319956.76		541.701234098		538.565079557		544.260586485		
1488353600.0		542.319529973		539.337296975		544.81168211		
1488387243.24		542.888470035		539.958111162		545.409114308		
1488420886.49		543.551291271		540.546754005		546.00179794		
1488454529.73		544.112162733		541.13474		546.589165561		
1488488172.97		544.727079778		541.713592731		547.175975143		
1488521816.22		545.18973918		542.255659187		547.691959447		
1488555459.46		545.734460506		542.699518937		548.252904163		
1488589102.7		546.237147699		543.182173183		548.699742578		
1488622745.95		546.746325645		543.636648247		549.2042565		
1488656389.19		547.174078527		544.067935776		549.631773231		
1488690032.43		547.540367531		544.401862876		550.092263533		
1488723675.68		547.952511945		544.719932464		550.444270916		
1488757318.92		547.090162514		543.787807493		549.510671423		
1488790962.16		547.057923285		543.742411925		549.52266299		
1488824605.41		547.617912784		544.20211649		550.064268151		
1488858248.65		548.177469383		544.661237724		550.590034979		
1488891891.89		548.735069397		545.145934725		551.075190966		
1488925535.14		549.186085253		545.572450544		551.55578412		
1488959178.38		549.615118251		545.954086454		551.99097567		
1488992821.62		550.025502923		546.321108396		552.46312688		
1489026464.86		550.522559718		546.789149114		552.978701798		
1489060108.11		550.925929818		547.165917455		553.412391959		
1489093751.35		552.364130888		548.649235722		554.958631328		
1489127394.59		552.646846862		548.919182691		555.30989517		
1489161037.84		553.030784873		549.242945677		555.663453548		
1489194681.08		553.334076388		549.58119724		555.966134757		
1489228324.32		553.692492097		549.911921689		556.319773714		
1489261967.57		554.052596188		550.267324532		556.674523586		
1489295610.81		554.335835058		550.56340051		556.990026852		
1489329254.05		554.634760768		550.876822337		557.312285934		
1489362897.3		554.824514527		551.092066428		557.521051287		
1489396540.54		555.008289174		551.325517263		557.727136074		
1489430183.78		555.189228005		551.516275321		557.91900508		
1489463827.03		555.362300242		551.716578368		558.131302366		
1489497470.27		555.486693253		551.87418046		558.245084997		
1489531113.51		555.63110159		552.047526812		558.38102776		
1489564756.76		555.797404821		552.216631793		558.510933073		
1489598400.0		555.982730515		552.423178533		558.671647774		
1489632043.24		556.12069637		552.582367146		558.806786199		
1489665686.49		556.304679503		552.783506507		558.972111984		
1489699329.73		556.360057468		552.852486453		559.063156591		
1489732972.97		556.431636383		552.953416617		559.142668284		
1489766616.22		556.549881452		553.125627958		559.23677764		
1489800259.46		556.68703855		553.287174894		559.350471338		
1489833902.7		556.786281126		553.392605025		559.42659139		
1489867545.95		556.8551682		553.448630052		559.444507993		
1489901189.19		556.886226054		553.483738601		559.466929004		
1489934832.43		556.869238165		553.513257585		559.47674578		
1489968475.68		556.936668556		553.59825122		559.516623888		
1490002118.92		556.974370866		553.633828248		559.54054921		
1490035762.16		556.991114461		553.694843204		559.578997612		
1490069405.41		557.026372538		553.802976407		559.595024165		
1490103048.65		557.075892964		554.018410481		559.633592833		
1490136691.89		557.088717751		554.190585735		559.655076698		
1490170335.14		557.10616568		554.311009931		559.663396755		
1490203978.38		557.092429288		554.368412199		559.620239441		
1490237621.62		557.163573693		554.438324214		559.639039112		
1490271264.86		557.261043172		554.631040191		559.691424812		
1490304908.11		557.424606489		554.864712311		559.781154337		
1490338551.35		557.454141651		554.968653827		559.783021799		
1490372194.59		557.460598748		554.972144601		559.827366311		
1490405837.84		557.631916558		555.055418151		559.977733571		
1490439481.08		557.753913253		555.07378324		560.153505975		
1490473124.32		557.810921255		555.06310757		560.188874933		
1490506767.57		557.797695108		555.090681017		560.26592755		
1490540410.81		557.809269611		555.084180478		560.417090683		
1490574054.05		557.813407662		555.0926084		560.539308929		
1490607697.3		557.820669354		555.138741694		560.532895057		
1490641340.54		557.885815338		555.216936375		560.604166551		
1490674983.78		557.935829037		555.307604936		560.763855938		
1490708627.03		558.0340681		555.42612967		560.929988993		
1490742270.27		558.041153942		555.431041828		560.905735364		
1490775913.51		558.111304251		555.469383487		560.951581306		
1490809556.76		558.277529526		555.589968602		561.119512753		
1490843200.0		558.409685325		555.687404412		561.229209286		
1490876843.24		558.455085024		555.706729209		561.253436488		
1490910486.49		558.447825029		555.695201228		561.250562743		
1490944129.73		558.507632315		555.763492041		561.326961568		
1490977772.97		558.597157243		555.839867386		561.416451261		
1491011416.22		558.712137365		555.913491724		561.554475719		
1491045059.46		558.893664525		556.116460457		561.743132082		
1491078702.7		559.043220548		556.242562035		561.870722761		
1491112345.95		559.142854602		556.344508544		561.963774047		
1491145989.19		559.180516549		556.377917821		562.005096551		
1491179632.43		559.154103597		556.36832817		562.050242584		
1491213275.68		559.105687844		556.32405528		562.042638665		
1491246918.92		559.10880134		556.32444195		562.093115706		
1491280562.16		559.15243699		556.407722382		562.25746038		
1491314205.41		559.16639675		556.423061711		562.317382245		
1491347848.65		559.245082136		556.514363494		562.445632002		
1491381491.89		559.27140125		556.525031431		562.499504754		
1491415135.14		559.336608869		556.624567414		562.663035379		
1491448778.38		559.331470757		556.610124499		562.741989426		
1491482421.62		559.344233846		556.595318752		562.761079885		
1491516064.86		557.606862196		554.849468678		561.07588685		
1491549708.11		557.61913514		554.835763854		561.172667311		
1491583351.35		557.726508087		554.92730885		561.229481578		
1491616994.59		557.822316498		554.988350015		561.376757821		
1491650637.84		557.912647879		555.056029092		561.591806898		
1491684281.08		557.98160163		555.083755589		561.760597197		
1491717924.32		558.011221626		555.103459546		561.914262442		
1491751567.57		558.040820368		555.08635398		562.011325467		
1491785210.81		558.078210721		555.084221326		562.067783687		
1491818854.05		558.170260228		555.17344063		562.179677246		
1491852497.3		558.29432919		555.289846931		562.340727309		
1491886140.54		558.335367636		555.289883334		562.500889734		
1491919783.78		558.353273643		555.26527403		562.639363322		
1491953427.03		558.395977133		555.281887744		562.737118267		
1491987070.27		558.343073202		555.243827056		562.780222776		
1492020713.51		558.352716601		555.277506277		562.87457476		
1492054356.76		558.308039353		555.261264662		562.987675492		
1492088000.0		558.26286056		555.195993829		563.035644058		
1492121643.24		559.664086602		556.572832678		564.550647118		
1492155286.49		559.595947461		556.528741606		564.540933367		
1492188929.73		559.539753401		556.476478047		564.528948235		
1492222572.97		559.438895655		556.376139629		564.549073779		
1492256216.22		559.414188532		556.337798741		564.560086708		
1492289859.46		559.359531214		556.280783017		564.59034254		
1492323502.7		559.376087144		556.247651209		564.628306363		
1492357145.95		559.295847783		556.150045312		564.660847842		
1492390789.19		559.229086127		556.070413944		564.662845339		
1492424432.43		559.154942397		555.957863085		564.64690876		
1492458075.68		559.170008398		555.945515094		564.759872461		
1492491718.92		559.222627086		555.96336629		564.891211722		
1492525362.16		559.298994314		555.982871693		565.035904013		
1492559005.41		559.322333599		555.999780198		565.212132795		
1492592648.65		559.364484955		556.011309871		565.377826438		
1492626291.89		559.38899575		556.019432103		565.456357339		
1492659935.14		559.419055791		556.027284524		565.600698963		
1492693578.38		559.461716246		556.036076483		565.754931122		
1492727221.62		559.508763445		556.045919526		565.904008078		
1492760864.86		559.555850944		556.07727224		566.034372946		
1492794508.11		559.610799578		556.085992699		566.183736159		
1492828151.35		559.643825616		556.109536361		566.332888565		
1492861794.59		559.687122086		556.134746963		566.481843805		
1492895437.84		559.723501252		556.152239385		566.630613717		
1492929081.08		559.73947503		556.157320619		566.779210181		
1492962724.32		559.750051007		556.162177158		566.927644956		
1492996367.57		559.790066058		556.16681881		567.075928247		
1493030010.81		559.795426106		556.178450485		567.224070574		
1493063654.05		559.805103759		556.196152892		567.372082072		
1493097297.3		559.810772872		556.203924213		567.516185664		
1493130940.54		559.824545786		556.20884257		567.657496073		
1493164583.78		559.833594629		556.216698414		567.826454768		
1493198227.03		559.837597073		556.244967992		568.003933419		
1493231870.27		559.842566273		556.249017946		568.156855755		
1493265513.51		559.873134099		556.255128298		568.331400396		
1493299156.76		559.904048708		556.260448733		568.466918128		
1493332800.0		559.907249637		556.263902729		568.602389746		
1493366443.24		559.92365986		556.267206612		568.737820317		
1493400086.49		559.943578451		556.270366789		568.8732143		
1493433729.73		559.951958611		556.273390422		569.026460429		
1493467372.97		559.969682305		556.276283728		569.185379756		
1493501016.22		560.00005586		556.279052373		569.344230838		
1493534659.46		560.007256834		556.281702518		569.503021336		
1493568302.7		560.022323676		556.284239516		569.661757895		
1493601945.95		560.073809993		556.286668375		569.812281705		
1493635589.19		560.076818619		556.288994396		569.958183468		
1493669232.43		560.103694509		556.291222184		570.104037228		
1493702875.68		560.112507413		556.293356166		570.249848476		
1493736518.92		560.12268258		556.295400902		570.395622881		
1493770162.16		560.125452301		556.297360355		570.553267119		
1493803805.41		560.139595015		556.299238436		570.715081055		
1493837448.65		560.149104999		556.301039066		570.876938889		
1493871091.89		560.175194119		556.302765657		571.005809018		
1493904735.14		560.203439324		556.304421661		571.141963765		
1493938378.38		560.242590582		556.309485256		571.298132993		
1493972021.62		560.278216468		556.310730024		571.454311943		
1494005664.86		560.32513176		556.311923806		571.610504188		
1494039308.11		560.349546436		556.313069008		571.76671313		
1494072951.35		560.362314504		556.314167728		571.922941732		
1494106594.59		560.375037055		556.315222199		572.07919316		
1494140237.84		560.416732436		556.316234491		572.235470349		
1494173881.08		560.429308483		556.31720641		572.39177586		
1494207524.32		560.469456046		556.318139926		572.548112496		
1494241167.57		560.474661492		556.319036822		572.704482793		
1494274810.81		560.476765165		556.319898649		572.858994187		
1494308454.05		560.478818997		556.320727149		573.006692253		
1494342097.3		560.505643428		556.321523844		573.162537517		
1494375740.54		560.522577455		556.322290099		573.330570174		
1494409383.78		560.537349164		556.32302742		573.498671096		
1494443027.03		560.576605063		556.323737117		573.666841773		
1494476670.27		560.579249372		556.339222042		573.812476397		
1494510313.51		560.580430705		556.352819546		573.938485596		
1494543956.76		560.606752684		556.353633411		574.065353238		
1494577600.0		560.638412094		556.354418626		574.222769765		
1494611243.24		560.65262841		556.35517659		574.380240754		
1494644886.49		560.672049567		556.355908522		574.540070509		
1494678529.73		560.695865861		556.357999878		574.700327773		
1494712172.97		560.696997707		556.362332737		574.86063861		
1494745816.22		560.722357278		556.369301381		575.021004658		
1494779459.46		560.723351393		556.369782798		575.181427552		
1494813102.7		560.724322351		556.370245832		575.340873597		
1494846745.95		560.725271171		556.370691286		575.49166911		
1494880389.19		560.726394191		556.371119986		575.642516372		
1494914032.43		560.747387892		556.371532727		575.793416763		
1494947675.68		560.779709181		556.371930203		575.947418515		
1494981318.92		560.800745266		556.372313139		576.118626888		
1495014962.16		560.801372255		556.372682223		576.289924526		
1495048605.41		560.819224349		556.373038048		576.429780096		
1495082248.65		560.845040749		556.373381258		576.565949276		
1495115891.89		560.871009497		556.373712443		576.727377374		
1495149535.14		560.885955631		556.374032113		576.88887637		
1495183178.38		560.896273227		556.374340838		577.050447297		
1495216821.62		560.898693766		556.374639121		577.212091087		
1495250464.86		560.90109938		556.374927408		577.373808564		
1495284108.11		560.903490821		556.375206195		577.535600645		
1495317751.35		560.922061154		556.375475916		577.697468136		
1495351394.59		560.941513705		556.375736961		577.859411774		
1495385037.84		560.973403179		556.376060693		578.02143236		
1495418681.08		560.977179533		556.376632386		578.183027748		
1495452324.32		560.990424529		556.377761283		578.338250985		
1495485967.57		561.003662959		556.378301366		578.493545874		
1495519610.81		561.011416941		556.37850184		578.648913008		
1495553254.05		561.011868779		556.378695821		578.804352955		
1495586897.3		561.012313855		556.378883625		578.959866303		
1495620540.54		561.023714566		556.379065526		579.119192949		
1495654183.78		561.03943868		556.379241794		579.289058946		
1495687827.03		561.039659572		556.379412699		579.459020464		
1495721470.27		561.03987562		556.379578479		579.629077793		
1495755113.51		561.049795077		556.37973937		579.79923123		
1495788756.76		561.063082972		556.379895606		579.969481064		
1495822400.0		561.08041243		556.380047391		580.142574554		
1495856043.24		561.102039828		556.380194934		580.318853435		
1495889686.49		561.126682129		556.380338436		580.495235768		
1495923329.73		561.145683202		556.380478073		580.671721804		
1495956972.97		561.16047963		556.384958844		580.848311806		
1495990616.22		561.175760293		556.389658233		581.025006025		
1496024259.46		561.211941724		556.38975923		581.201804689		
1496057902.7		561.242545112		556.389856688		581.378708044		
1496091545.95		561.265857737		556.389950771		581.547393463		
1496125189.19		561.279945596		556.390041623		581.678305749		
1496158832.43		561.280399505		556.390129405		581.856273415		
1496192475.68		561.302564497		556.390214258		582.034348005		
1496226118.92		561.351956446		556.390296308		582.212529703		
1496259762.16		561.384299641		556.390375694		582.390818699		
1496293405.41		561.38764901		556.390452538		582.569215173		
1496327048.65		561.387882167		556.39052695		582.7477193		
1496360691.89		561.388113083		556.390599052		582.926331258		
1496394335.14		561.38834186		556.390668946		583.105051217		
1496427978.38		561.388568593		556.390736731		583.283879343		
1496461621.62		561.409502289		556.390802511		583.462815804		
1496495264.86		561.42067168		556.390866375		583.641860761		
1496528908.11		561.420908593		556.390928411		583.821014372		
1496562551.35		561.421143499		556.390988706		584.000276798		
1496596194.59		561.421376489		556.391979064		584.17964819		
1496629837.84		561.427377937		556.394799038		584.359128701		
1496663481.08		561.437412402		556.395923563		584.538718483		
1496697124.32		561.44744607		556.401601472		584.718417682		
1496730767.57		561.45747901		556.407278161		584.898226445		
1496764410.81		561.476947096		556.411949015		585.078144918		
1496798054.05		561.485062558		556.412235418		585.255976247		
1496831697.3		561.485219323		556.412520866		585.432294733		
1496865340.54		561.486296832		556.412805403		585.595382775		
1496898983.78		561.499865408		556.413089068		585.754075186		
1496932627.03		561.50008014		556.413371903		585.912853244		
1496966270.27		561.510882162		556.413653949		586.071717051		
1496999913.51		561.530340149		556.413935237		586.23007901		
1497033556.76		561.532260489		556.414215805		586.386246858		
1497067200.0		561.532467448		556.414495687		586.542497368		
