1463457600.0		5.50086488044		3.26930747472		19.6105830354		
1463491243.24		2.9969543399		2.89384805558		3.17583734059		
1463524886.49		2.98543358689		2.94500356189		3.03673842165		
1463558529.73		3.11590599661		3.07571908781		3.15973126561		
1463592172.97		3.23249692585		3.18955557182		3.27459795558		
1463625816.22		3.38752104547		3.34257506042		3.42903501659		
1463659459.46		3.54942989736		3.50207462732		3.59294673304		
1463693102.7		3.68457672976		3.63530445102		3.72908289569		
1463726745.95		3.8619218317		3.81024908831		3.908535036		
1463760389.19		4.00803776722		3.95456728313		4.05653327853		
1463794032.43		4.19930241917		4.14333853282		4.25012375221		
1463827675.68		4.39886759812		4.34022136936		4.45214321532		
1463861318.92		4.57439625972		4.51336117934		4.63012236024		
1463894962.16		4.7914891884		4.72732653202		4.84957710719		
1463928605.41		5.01877035527		4.95165896343		5.0795149551		
1463962248.65		5.21845151747		5.14883958725		5.28151320396		
1463995891.89		5.46541198719		5.39285214336		5.5316156019		
1464029535.14		5.66705481604		5.59163992632		5.73521097001		
1464063178.38		5.8472300002		5.76970204639		5.91801682866		
1464096821.62		6.01440931274		5.93518829828		6.08725123804		
1464130464.86		6.21458108704		6.1333214121		6.2906253491		
1464164108.11		6.53899523128		6.45330648855		6.61833822479		
1464197751.35		6.8173654291		6.7282020055		6.90004922122		
1464231394.59		7.08103440999		6.98874422376		7.16697619516		
1464265037.84		7.35464400896		7.25880254226		7.44522779467		
1464298681.08		7.61187960107		7.51343373437		7.70540937823		
1464332324.32		7.93007861581		7.82757825628		8.02717810899		
1464365967.57		8.21444366693		8.10819863742		8.31471681743		
1464399610.81		8.55658706848		8.4458731061		8.66072200933		
1464433254.05		8.91246546656		8.79709077856		9.02039577077		
1464466897.3		9.22801220256		9.10871563535		9.33933043034		
1464500540.54		9.60917872288		9.48530653222		9.72524444295		
1464534183.78		9.96688127136		9.83809770271		10.0866649371		
1464567827.03		10.3584409424		10.2251291525		10.4827739928		
1464601470.27		10.7843611854		10.6460084568		10.9133263992		
1464635113.51		11.1411962956		10.9981176343		11.2734933192		
1464668756.76		11.5985841585		11.4498243131		11.7349403131		
1464702400.0		12.032782823		11.8789608263		12.1741901968		
1464736043.24		12.493271685		12.3341818009		12.6398437589		
1464769686.49		12.999169879		12.8345496265		13.1515499092		
1464803329.73		13.4220593171		13.2523919956		13.5793495208		
1464836972.97		13.9614978237		13.786065032		14.1257939926		
1464870616.22		14.5210294921		14.3406251837		14.691985128		
1464904259.46		15.0158636155		14.8307920381		15.1932732703		
1464937902.7		15.6143524575		15.4256333087		15.7984347658		
1464971545.95		16.09599706		15.9019212264		16.2848933109		
1465005189.19		16.7194225942		16.5164233069		16.9131373539		
1465038832.43		17.3800089792		17.1670365861		17.5809687558		
1465072475.68		17.992560542		17.7729555928		18.1995718126		
1465106118.92		19.01865189		18.7866336314		19.2431125792		
1465139762.16		20.0991391909		19.8545176258		20.3425359883		
1465173405.41		21.2336924521		20.9757326321		21.4906695899		
1465207048.65		22.4194149516		22.1499563956		22.6910170903		
1465240691.89		23.6604969569		23.378224155		23.9467960108		
1465274335.14		24.8645066826		24.5695514383		25.1638936068		
1465307978.38		26.2557822286		25.9465659156		26.5727200868		
1465341621.62		27.716880393		27.3931712762		28.0522446812		
1465375264.86		29.2446571653		28.9034597851		29.5994891943		
1465408908.11		30.8379367672		30.4780375735		31.2124459107		
1465442551.35		32.4981545071		32.1183911519		32.8911398856		
1465476194.59		34.22986218		33.8332684022		34.638871236		
1465509837.84		36.0343109085		35.6157201176		36.4643565717		
1465543481.08		37.9137785168		37.4734489698		38.3608486275		
1465577124.32		39.8695039297		39.4111468355		40.3330450129		
1465610767.57		41.9018325556		41.4272273192		42.3802352882		
1465644410.81		44.0152159383		43.5224649742		44.5097659263		
1465678054.05		46.2128466518		45.6987180792		46.7289203517		
1465711697.3		48.4972097071		47.9652224971		49.0332331161		
1465745340.54		50.863514314		50.3044437497		51.4209601036		
1465778983.78		53.3151819696		52.7359764198		53.8952289239		
1465812627.03		55.8573438775		55.2542398791		56.4486355981		
1465846270.27		58.5067857057		57.8676364425		59.1167945579		
1465879913.51		61.1563734372		60.4851726317		61.8018219391		
1465913556.76		63.8759923189		63.1818034395		64.5461792868		
1465947200.0		45.4805716832		43.6543714913		48.9748226172		
1465980843.24		34.7390255071		33.7047321556		36.275133586		
1466014486.49		35.0279915559		34.1011320166		36.4465428666		
1466048129.73		35.6675101043		34.7609237528		37.0134825328		
1466081772.97		36.3582524302		35.4433858506		37.6567599948		
1466115416.22		37.0598391749		36.1295150602		38.3652049166		
1466149059.46		37.7622788952		36.8243423508		39.0822189811		
1466182702.7		38.4684126106		37.5282135619		39.8080910008		
1466216345.95		39.183130486		38.2400064813		40.5353346744		
1466249989.19		39.9091613838		38.9611024619		41.276943069		
1466283632.43		40.6413488996		39.6819604879		42.0265276809		
1466317275.68		41.3785059187		40.4091288853		42.7810141214		
1466350918.92		42.1162335767		41.1416272825		43.5398678412		
1466384562.16		42.8616474126		41.873922853		44.2975890009		
1466418205.41		43.6085376445		42.6097938942		45.0632089574		
1466451848.65		44.3673068253		43.3619168589		45.8396504175		
1466485491.89		45.1333412355		44.1167000335		46.6153681526		
1466519135.14		45.9064551802		44.88152619		47.39828197		
1466552778.38		47.4707385399		46.4249854757		48.974524039		
1466586421.62		49.6983241649		48.6202366046		51.2658001387		
1466620064.86		52.013445573		50.9043198238		53.6427483		
1466653708.11		54.4081306194		53.2703916528		56.0537042167		
1466687351.35		56.8948169297		55.7172055911		58.5796446456		
1466720994.59		59.4651124872		58.2534020225		61.2071887457		
1466754637.84		62.1056788614		60.8708495049		63.9104350268		
1466788281.08		64.8390453768		63.5741996028		66.7019781847		
1466821924.32		67.6520041673		66.3537520023		69.5604952805		
1466855567.57		70.542640131		69.2106509763		72.492372115		
1466889210.81		73.5085443719		72.1487643376		75.5082325014		
1466922854.05		76.548416562		75.160601199		78.6145701422		
1466956497.3		79.6730501624		78.2529256464		81.8008606653		
1466990140.54		82.8892357642		81.4102623941		85.0829379754		
1467023783.78		86.1615869008		84.6608057795		88.4239960666		
1467057427.03		89.5208433131		87.9805920525		91.7329029651		
1467091070.27		92.9243241176		91.3123274448		95.1772741296		
1467124713.51		96.3749395232		94.7571355139		98.6932933731		
1467158356.76		99.8871916438		98.2437140563		102.257407668		
1467192000.0		103.478753302		101.77999239		105.882194471		
1467225643.24		107.153850916		105.377052103		109.59785674		
1467259286.49		110.867186169		109.040234536		113.346713638		
1467292929.73		107.209127807		105.48109923		109.561910771		
1467326572.97		110.739680841		108.961454578		113.129702158		
1467360216.22		122.123167034		120.177841015		124.672061149		
1467393859.46		125.91396373		123.956814884		128.524306851		
1467427502.7		129.78390689		127.817718331		132.372522064		
1467461145.95		133.605414481		131.609841332		136.216823785		
1467494789.19		137.44951058		135.418303684		140.109504716		
1467528432.43		141.30314325		139.218561568		143.984870927		
1467562075.68		145.135594428		143.074556834		147.885796605		
1467595718.92		148.981559032		146.887349154		151.80048787		
1467629362.16		152.862833014		150.726312339		155.663116361		
1467663005.41		156.691759149		154.535603444		159.507115363		
1467696648.65		160.505595719		158.337652583		163.321251679		
1467730291.89		164.301607182		162.081118767		167.117087246		
1467763935.14		168.061572062		165.804266668		170.882087312		
1467797578.38		171.745044252		169.44666626		174.564934631		
1467831221.62		175.433628959		173.121770347		178.23925483		
1467864864.86		179.055219415		176.685470991		181.830604864		
1467898508.11		182.631353117		180.172520673		185.421634355		
1467932151.35		186.561317059		184.127948238		189.305131177		
1467965794.59		189.640803941		187.175748001		192.316793464		
1467999437.84		192.953578323		190.4895163		195.693684804		
1468033081.08		196.227108665		193.749177369		198.946632136		
1468066724.32		199.491031292		196.968025933		202.122514766		
1468100367.57		202.650706223		200.0823031		205.254185465		
1468134010.81		205.71419443		203.081491132		208.366722852		
1468167654.05		208.737381259		206.094293738		211.330368829		
1468201297.3		211.695570679		208.977872337		214.243666501		
1468234940.54		214.553927417		211.79549561		217.057600855		
1468268583.78		217.309219861		214.566990109		219.843455539		
1468302227.03		220.107939404		217.343983951		222.609092383		
1468335870.27		222.770440374		219.909462638		225.308488872		
1468369513.51		225.370012474		222.449573146		227.901040688		
1468403156.76		227.888142458		224.898248289		230.460081541		
1468436800.0		230.296927278		227.282907148		232.892320908		
1468470443.24		249.077486774		245.81386094		251.853178865		
1468504086.49		251.508873917		248.179926001		254.296334057		
1468537729.73		253.818036256		250.399824944		256.580659706		
1468571372.97		256.070643124		252.624798138		258.832671048		
1468605016.22		178.474350606		170.349321206		192.558438068		
1468638659.46		138.453828601		133.597353579		145.914818832		
1468672302.7		139.349837056		135.21874063		144.959029581		
1468705945.95		143.211764145		139.198796908		148.7695328		
1468739589.19		147.32488984		143.386046905		152.860001101		
1468773232.43		151.517873752		147.629481341		157.074721994		
1468806875.68		155.699880561		151.8745313		161.259068856		
1468840518.92		159.869714299		156.120429421		165.309370749		
1468874162.16		164.012622619		160.326620969		169.339065864		
1468907805.41		168.173217899		164.555543353		173.409704679		
1468941448.65		172.31855103		168.761123352		177.463215125		
1468975091.89		174.490944972		171.034637578		179.531100327		
1469008735.14		178.660443065		175.221352888		183.631264544		
1469042378.38		182.694578812		179.328637219		187.51727537		
1469076021.62		186.822173506		183.527095707		191.502806842		
1469109664.86		190.842760312		187.627065866		195.312525976		
1469143308.11		194.823178863		191.617087832		199.099539197		
1469176951.35		198.711087205		195.598558365		202.939631652		
1469210594.59		182.225008596		179.448621579		185.869471691		
1469244237.84		185.464190606		182.778627223		189.027588004		
1469277881.08		188.576480691		185.969274949		192.043114061		
1469311524.32		191.695380343		189.061078394		194.879583416		
1469345167.57		194.660797995		192.155119865		197.727076175		
1469378810.81		197.579698125		195.163096024		200.605614536		
1469412454.05		200.416780974		198.04226775		203.39931431		
1469446097.3		203.201667015		200.888342973		206.121297867		
1469479740.54		205.955643967		203.686974484		208.810909069		
1469513383.78		208.564238707		206.373277419		211.374633159		
1469547027.03		202.061353682		199.945639702		204.620593247		
1469580670.27		204.473343111		202.391632479		206.985117634		
1469614313.51		206.841224877		204.684455303		209.25359671		
1469647956.76		209.1187331		206.99908479		211.451565141		
1469681600.0		211.3108545		209.25086054		213.610018818		
1469715243.24		213.521530903		211.405067936		215.674195677		
1469748886.49		220.686503547		218.528989548		222.778679142		
1469782529.73		222.744527723		220.578302653		224.78379592		
1469816172.97		224.782717824		222.53640595		226.815241633		
1469849816.22		240.719511613		238.352951813		242.81050047		
1469883459.46		242.744112105		240.307527064		244.740154952		
1469917102.7		244.685933836		242.225391664		246.703343848		
1469950745.95		246.564095517		244.063614795		248.568778916		
1469984389.19		248.381072878		245.82784693		250.381164213		
1470018032.43		250.128591514		247.50543964		252.137159343		
1470051675.68		251.862022848		249.163723027		253.850050676		
1470085318.92		238.143067671		235.556056805		240.025446908		
1470118962.16		255.129636532		252.30221159		257.14564837		
1470152605.41		256.583196676		253.691634983		258.656311949		
1470186248.65		239.921726625		237.208619357		241.81992869		
1470219891.89		241.420602857		238.784741691		243.30164546		
1470253535.14		242.892229527		240.252473896		244.728711547		
1470287178.38		244.309952976		241.701158247		246.126870413		
1470320821.62		245.63873459		243.059256404		247.416027929		
1470354464.86		246.399619309		243.830974748		248.189338596		
1470388108.11		247.926590747		245.358234682		249.673809071		
1470421751.35		249.205226898		246.710368384		250.94951432		
1470455394.59		250.38074358		247.921342961		252.124925132		
1470489037.84		251.51812061		249.10233427		253.256943522		
1470522681.08		249.855667857		247.491402318		251.572513142		
1470556324.32		250.923540955		248.62120511		252.686112425		
1470589967.57		252.023951044		249.727791071		253.807945377		
1470623610.81		253.114167176		250.822039158		254.909375093		
1470657254.05		254.191159137		251.889176339		256.000744579		
1470690897.3		255.242735638		252.930795296		257.068900575		
1470724540.54		275.691907636		273.207962945		277.69368234		
1470758183.78		258.26614766		255.967616885		260.131985062		
1470791827.03		277.635484856		275.210780176		279.629175018		
1470825470.27		277.850736704		275.438476794		279.844952533		
1470859113.51		277.938737657		275.528311344		279.938630493		
1470892756.76		277.99499999		275.595988188		280.013705522		
1470926400.0		278.061610514		275.68685796		280.06531054		
1470960043.24		278.326564975		276.072184705		280.3130488		
1470993686.49		278.726632994		276.603996208		280.64264564		
1471027329.73		279.021236027		277.049822035		280.988529793		
1471060972.97		279.419221498		277.526394251		281.364253619		
1471094616.22		279.763592946		277.883777301		281.737413265		
1471128259.46		280.160351351		278.282664428		282.104446808		
1471161902.7		280.48312388		278.631776316		282.457027045		
1471195545.95		280.8281451		279.021908864		282.770124651		
1471229189.19		281.187320093		279.399968862		283.118179327		
1471262832.43		281.507341738		279.813273008		283.447412774		
1471296475.68		281.830542026		280.271730743		283.766346192		
1471330118.92		282.212614749		280.66361159		284.159417362		
1471363762.16		282.512249707		280.993107811		284.41529524		
1471397405.41		282.869963317		281.323232092		284.754004855		
1471431048.65		283.178396595		281.621729356		285.082467773		
1471464691.89		283.564795598		281.941218406		285.514714012		
1471498335.14		283.951560188		282.262150422		285.994074201		
1471531978.38		284.261913915		282.529159649		286.410551453		
1471565621.62		284.610715859		282.858869729		286.928598248		
1471599264.86		284.92082837		283.173034412		287.385382029		
1471632908.11		285.220014295		283.430657634		287.894144185		
1471666551.35		285.527692954		283.686453248		288.230362329		
1471700194.59		285.817146018		283.954268385		288.54990693		
1471733837.84		286.101098638		284.2069087		288.965371522		
1471767481.08		286.40251701		284.464911359		289.293080114		
1471801124.32		286.681446853		284.723658878		289.610815285		
1471834767.57		287.025503806		285.050122069		290.051040348		
1471868410.81		287.190361348		285.183670309		290.276942217		
1471902054.05		286.085713583		284.270379188		288.834207689		
1471935697.3		277.146856193		275.450301946		279.240770698		
1471969340.54		268.986808625		267.363305185		270.746817782		
1472002983.78		261.342208446		259.705029622		263.145893588		
1472036627.03		254.136552888		252.416586563		256.129322452		
1472070270.27		238.940874288		237.110537699		240.998192744		
1472103913.51		241.536645227		239.629262677		243.666521312		
1472137556.76		217.431075769		215.774676476		219.393290508		
1472171200.0		230.940913467		229.178308323		232.989754692		
1472204843.24		226.039107422		224.241755936		228.137695592		
1472238486.49		221.342663225		219.6080501		223.401891141		
1472272129.73		216.883488738		215.20753178		218.907999621		
1472305772.97		212.622293923		210.983532517		214.648595642		
1472339416.22		208.557480715		206.965410168		210.539299502		
1472373059.46		204.690571392		203.098809878		206.610803851		
1472406702.7		200.99190631		199.390854095		202.839446182		
1472440345.95		197.423371308		195.898375069		199.218931255		
1472473989.19		194.027214097		192.504087271		195.783650946		
1472507632.43		190.751629517		189.277214593		192.472135444		
1472541275.68		187.610765274		186.150926669		189.35199493		
1472574918.92		184.600016489		183.170648903		186.378256728		
1472608562.16		181.70831906		180.257326631		183.499867203		
1472642205.41		178.939342476		177.468952184		180.72699873		
1472675848.65		176.214036843		174.778100353		178.020637728		
1472709491.89		173.645299781		172.174665293		175.40276375		
1472743135.14		171.134929853		169.711255948		172.888209087		
1472776778.38		168.696440072		167.274700034		170.448805077		
1472810421.62		166.315316721		164.879017539		168.04189433		
1472844064.86		164.527456829		163.164080116		166.202482122		
1472877708.11		168.557812163		167.179122145		170.311083739		
1472911351.35		172.416935796		171.036624331		174.188150436		
1472944994.59		176.267641642		174.878908416		178.042766107		
1472978637.84		180.150530019		178.724281094		181.884982481		
1473012281.08		183.991607574		182.543629748		185.68078903		
1473045924.32		187.758747762		186.35249123		189.459051681		
1473079567.57		191.52140044		190.120316491		193.208294412		
1473113210.81		195.471134854		194.103955752		197.118029964		
1473146854.05		199.073236555		197.714578668		200.712285798		
1473180497.3		202.80215192		201.445740152		204.467292536		
1473214140.54		206.459880211		205.104140338		208.07874081		
1473247783.78		210.083669378		208.733330124		211.665291147		
1473281427.03		213.659546818		212.311254668		215.236057767		
1473315070.27		217.165080734		215.840850461		218.779271575		
1473348713.51		220.650633357		219.32560041		222.283002221		
1473382356.76		223.866973032		222.563229557		225.479118308		
1473416000.0		227.331652159		226.032250515		228.954039377		
1473449643.24		230.595302891		229.29464932		232.267518187		
1473483286.49		233.832844792		232.532298967		235.482818815		
1473516929.73		237.045895632		235.71434381		238.735926614		
1473550572.97		240.181149396		238.842361094		241.951614298		
1473584216.22		243.262813729		241.899035788		245.051777875		
1473617859.46		246.270862075		244.918386616		248.064273787		
1473651502.7		249.224913518		247.869026032		251.048615208		
1473685145.95		252.132813582		250.775772236		253.991462305		
1473718789.19		254.985092522		253.608002845		256.808911646		
1473752432.43		257.775147828		256.4083371		259.629132014		
1473786075.68		260.510485827		259.137623548		262.358844644		
1473819718.92		263.535843793		262.211392553		265.318817566		
1473853362.16		266.225682134		264.914610106		267.876327844		
1473887005.41		268.728780902		267.450482021		270.293115859		
1473920648.65		270.811689132		269.545579799		272.420208353		
1473954291.89		273.223873708		271.969735879		274.821764411		
1473987935.14		275.635740745		274.394660978		277.237137233		
1474021578.38		277.975310996		276.747239802		279.59726431		
1474055221.62		280.254205518		279.032806021		281.904499353		
1474088864.86		273.692446291		272.494052182		275.307291697		
1474122508.11		275.790166714		274.606700357		277.434617146		
1474156151.35		277.871296165		276.668184861		279.500789394		
1474189794.59		279.916607658		278.711113918		281.551573739		
1474223437.84		281.901507315		280.677866071		283.546264467		
1474257081.08		283.849619941		282.598860877		285.519069755		
1474290724.32		285.72594492		284.466101311		287.473064172		
1474324367.57		287.569610827		286.288900858		289.3215671		
1474358010.81		289.344871362		288.07895091		291.100596006		
1474391654.05		289.093690546		287.836330209		290.848229247		
1474425297.3		290.807913586		289.559576892		292.602938719		
1474458940.54		292.482829749		291.228783538		294.292807422		
1474492583.78		294.13574144		292.882139029		295.977035342		
1474526227.03		294.595422072		293.344273367		296.489184033		
1474559870.27		296.518522015		295.270887588		298.448358203		
1474593513.51		298.431440321		297.183202512		300.378120171		
1474627156.76		300.232391525		298.961836158		302.228831454		
1474660800.0		297.311469017		296.062786844		299.332492192		
1474694443.24		298.917930909		297.667346762		300.969436815		
1474728086.49		300.390319501		299.150825386		302.514894294		
1474761729.73		301.826121336		300.563615995		304.029635805		
1474795372.97		303.214480043		301.927136646		305.430640388		
1474829016.22		304.565838733		303.255062402		306.789498876		
1474862659.46		305.856019724		304.550562766		308.142400707		
1474896302.7		307.107172691		305.813042686		309.471637731		
1474929945.95		308.330010698		307.027853174		310.736326461		
1474963589.19		309.513949659		308.207559915		311.949314819		
1474997232.43		310.686509948		309.375729657		313.171879056		
1475030875.68		311.833775358		310.502483386		314.376043022		
1475064518.92		312.950737698		311.611034263		315.518764391		
1475098162.16		314.182828039		312.83800893		316.808705667		
1475131805.41		315.415217703		314.048959746		318.098591615		
1475165448.65		316.631186356		315.238930954		319.366942141		
1475199091.89		311.383355143		310.12509831		313.932144587		
1475232735.14		301.382236497		300.299467495		303.567500972		
1475266378.38		291.81185033		290.869195312		293.583759907		
1475300021.62		273.381820466		272.565016147		274.721134841		
1475333664.86		274.326883549		273.469319173		275.680335561		
1475367308.11		268.702838195		267.592910085		270.160669121		
1475400951.35		266.136871806		264.816445734		267.652560427		
1475434594.59		264.026621977		262.572727336		265.685138927		
1475468237.84		261.963395943		260.394446808		263.698024842		
1475501881.08		259.978680049		258.331744553		261.88471675		
1475535524.32		255.088733887		253.399983432		257.122902884		
1475569167.57		253.314441452		251.421098033		255.481110634		
1475602810.81		251.87347288		249.918798535		254.239184083		
1475636454.05		250.216751067		248.138506587		252.746381015		
1475670097.3		249.817781801		247.655623008		252.492760837		
1475703740.54		253.509054095		251.318434332		256.175151711		
1475737383.78		259.235148121		257.099348657		261.848976673		
1475771027.03		265.05459046		262.951412684		267.632005388		
1475804670.27		270.739422152		268.703545848		273.333793404		
1475838313.51		276.35659764		274.405672371		278.907666382		
1475871956.76		281.829051137		279.892747223		284.333932377		
1475905600.0		286.61328696		284.715597226		289.044268125		
1475939243.24		291.287427308		289.464053913		293.741357934		
1475972886.49		295.915597587		294.143751107		298.267435932		
1476006529.73		300.413621241		298.715366766		302.702010342		
1476040172.97		304.806098154		303.200666211		307.055325693		
1476073816.22		309.099420057		307.575573288		311.278291956		
1476107459.46		313.325419371		311.810593785		315.420392844		
1476141102.7		317.436693692		315.970617682		319.474770025		
1476174745.95		321.502943564		320.075366895		323.479360078		
1476208389.19		325.406191829		323.982111147		327.314977541		
1476242032.43		329.230483984		327.821106376		331.114423112		
1476275675.68		332.930405905		331.538937407		334.827364502		
1476309318.92		336.536441986		335.182631399		338.363269219		
1476342962.16		339.32396004		338.012566097		341.097730178		
1476376605.41		342.15181791		340.846866846		343.843701346		
1476410248.65		345.239774668		343.97862177		346.889079579		
1476443891.89		348.228771866		347.008446326		349.941338176		
1476477535.14		350.961918759		349.786354651		352.699288305		
1476511178.38		354.09186221		352.93779866		355.77821029		
1476544821.62		357.118396172		355.970098452		358.839432091		
1476578464.86		360.039428183		358.927161492		361.781569307		
1476612108.11		362.889914555		361.778327337		364.593963819		
1476645751.35		365.637707212		364.557521526		367.315663921		
1476679394.59		368.27994629		367.212671598		369.970354464		
1476713037.84		370.874988806		369.761605279		372.540330366		
1476746681.08		373.372791929		372.25356207		375.065133021		
1476780324.32		375.779341078		374.622718993		377.548894399		
1476813967.57		378.111853389		376.952256892		379.933810627		
1476847610.81		380.392807405		379.205118168		382.243077913		
1476881254.05		382.585410853		381.377403431		384.463240826		
1476914897.3		384.673508173		383.456660285		386.594228076		
1476948540.54		386.668451546		385.421534436		388.613448251		
1476982183.78		388.544653304		387.259245348		390.502514795		
1477015827.03		390.108655525		388.820121668		392.088176998		
1477049470.27		391.609969653		390.31559831		393.568014699		
1477083113.51		393.058259571		391.752292183		395.032915708		
1477116756.76		394.46609268		393.150432984		396.460551605		
1477150400.0		395.84273378		394.503332484		397.844295246		
1477184043.24		397.167478965		395.813879051		399.208049509		
1477217686.49		398.466776985		397.097226098		400.527340521		
1477251329.73		399.723920843		398.346055848		401.806861892		
1477284972.97		400.954651969		399.54620484		403.066743868		
1477318616.22		402.133920688		400.718413132		404.242906962		
1477352259.46		403.288750924		401.852399187		405.402549101		
1477385902.7		404.416234059		402.972213617		406.530474294		
1477419545.95		405.486977776		404.012131218		407.59046661		
1477453189.19		406.540734034		405.067348222		408.65009017		
1477486832.43		407.559078969		406.080187726		409.718333984		
1477520475.68		408.564343994		407.080578774		410.754266586		
1477554118.92		409.514771433		408.055661661		411.703847398		
1477587762.16		410.32923003		408.871263817		412.391113804		
1477621405.41		411.37304379		409.899806524		413.443038609		
1477655048.65		412.301375754		410.806713182		414.39140572		
1477688691.89		413.158089643		411.646380755		415.251741267		
1477722335.14		414.03495666		412.510445433		416.180989717		
1477755978.38		414.892746704		413.355532883		417.118317229		
1477789621.62		415.737503496		414.177621031		417.996175715		
1477823264.86		416.562247146		415.002415008		418.891983888		
1477856908.11		417.358070582		415.796811825		419.687356479		
1477890551.35		418.143717167		416.589378238		420.505282101		
1477924194.59		418.897124039		417.329463988		421.281687835		
1477957837.84		419.653927651		418.076909794		422.045253464		
1477991481.08		420.399062522		418.812960482		422.779908593		
1478025124.32		421.124649956		419.53226253		423.524694218		
1478058767.57		421.846425712		420.245693967		424.287903952		
1478092410.81		422.531203096		420.92330331		424.990974926		
1478126054.05		423.237392475		421.627107708		425.714728759		
1478159697.3		423.889722216		422.282455119		426.393924461		
1478193340.54		424.589733706		422.990414689		427.169287012		
1478226983.78		425.242291512		423.646250633		427.852384487		
1478260627.03		425.903557736		424.300566336		428.536854146		
1478294270.27		426.571306327		424.953547271		429.20829981		
1478327913.51		427.235488783		425.608722923		429.867036423		
1478361556.76		427.859051809		426.242409877		430.488139403		
1478395200.0		428.504082072		426.889902606		431.127539829		
1478428843.24		429.11979731		427.506812317		431.738724479		
1478462486.49		429.725881359		428.114356866		432.338920812		
1478496129.73		430.327696146		428.724197758		432.938141972		
1478529772.97		430.941782112		429.340448665		433.543790552		
1478563416.22		431.556308946		429.958847802		434.152677082		
1478597059.46		432.157665091		430.556393388		434.746985614		
1478630702.7		432.758751075		431.160899886		435.337836298		
1478664345.95		433.359634092		431.753010215		435.91906965		
1478697989.19		433.936148871		432.32904793		436.481049505		
1478731632.43		434.517970832		432.911962283		437.064455612		
1478765275.68		435.10653121		433.504412602		437.670765542		
1478798918.92		435.667035271		434.073059204		438.240091664		
1478832562.16		436.251339794		434.664022348		438.821435374		
1478866205.41		436.815569326		435.240380333		439.386405032		
1478899848.65		437.386502444		435.803125989		439.953566107		
1478933491.89		437.960274795		436.376029128		440.522011467		
1478967135.14		438.535736633		436.961915156		441.083113847		
1479000778.38		439.086707042		437.520960736		441.614991489		
1479034421.62		439.66914324		438.102450856		442.178421412		
1479068064.86		440.224728828		438.662009244		442.707393853		
1479101708.11		440.773876378		439.221204546		443.241721701		
1479135351.35		441.339519755		439.795492724		443.78021954		
1479168994.59		441.895324059		440.356644308		444.312830841		
1479202637.84		442.446873131		440.914073194		444.855699583		
1479236281.08		443.001994341		441.473071905		445.412839253		
1479269924.32		443.543044075		441.992815136		445.949919749		
1479303567.57		444.085268476		442.534731102		446.469935904		
1479337210.81		444.629393932		443.081544818		447.000582705		
1479370854.05		445.17599481		443.628458288		447.549159884		
1479404497.3		445.72093591		444.169552528		448.084912504		
1479438140.54		446.283996712		444.725385028		448.615772054		
1479471783.78		446.828661412		445.262503942		449.155901788		
1479505427.03		447.392822032		445.824482975		449.716217768		
1479539070.27		447.936099278		446.331913242		450.23863403		
1479572713.51		448.490743707		446.887041635		450.782353317		
1479606356.76		449.043952898		447.430576418		451.303914678		
1479640000.0		449.586200089		447.981492355		451.812992405		
1479673643.24		450.119523401		448.506669995		452.290361595		
1479707286.49		450.646086482		449.038385029		452.812700389		
1479740929.73		451.18651522		449.580654511		453.35729326		
1479774572.97		426.082380408		423.444447984		429.997418368		
1479808216.22		366.273939311		359.744520251		374.314316878		
1479841859.46		367.162661164		361.246675797		374.710221291		
1479875502.7		381.154054078		375.209953499		388.727789094		
1479909145.95		384.529045166		378.758550837		391.917975167		
1479942789.19		387.885914661		382.334099197		395.026141251		
1479976432.43		391.155750563		385.801876224		398.058930116		
1480010075.68		394.316587959		389.183721117		400.999536529		
1480043718.92		397.40952265		392.48171879		403.860892631		
1480077362.16		400.42053307		395.640262879		406.627391411		
1480111005.41		403.297322158		398.723042193		409.306631581		
1480144648.65		406.033241408		401.650284707		411.763184106		
1480178291.89		405.610734442		401.55699271		410.732357358		
1480211935.14		405.096363807		401.382300606		409.931036852		
1480245578.38		404.620190497		401.206078774		409.26416677		
1480279221.62		404.21962642		401.017314475		408.567507381		
1480312864.86		403.948734028		400.828984805		407.915999545		
1480346508.11		403.573479391		400.682592677		407.483129596		
1480380151.35		403.264291502		400.503613225		407.201248151		
1480413794.59		403.029668232		400.311075151		407.014041092		
1480447437.84		402.816457518		400.150103253		406.742226984		
1480481081.08		402.68905548		399.956512536		406.584373753		
1480514724.32		402.564083743		399.879825693		406.508203195		
1480548367.57		402.5001257		399.706121821		406.458719669		
1480582010.81		402.438540977		399.562981183		406.500487057		
1480615654.05		402.43529462		399.472665155		406.528289857		
1480649297.3		402.448092523		399.301781033		406.697468703		
1480682940.54		402.485314916		399.127444274		406.803756622		
1480716583.78		402.535115666		399.025041258		406.922689125		
1480750227.03		402.623000871		398.971035551		407.131494568		
1480783870.27		402.722436696		398.785897359		407.379319634		
1480817513.51		402.823721417		398.69368		407.596434516		
1480851156.76		402.939078966		398.652924898		407.9146896		
1480884800.0		403.058463477		398.649451332		408.258903031		
1480918443.24		403.211691054		398.671624952		408.540508405		
1480952086.49		405.91913715		401.479196657		411.078800381		
1480985729.73		409.166386207		404.907828719		414.158684865		
1481019372.97		412.328254064		408.221049036		417.086084551		
1481053016.22		415.347817143		411.437891077		420.009376117		
1481086659.46		418.298495545		414.519483668		422.785217788		
1481120302.7		421.188594712		417.554263911		425.439267445		
1481153945.95		423.985627684		420.484794868		428.034211502		
1481187589.19		426.668628068		423.282634334		430.589245752		
1481221232.43		429.37186472		426.088062934		433.119019352		
1481254875.68		431.842559343		428.733724908		435.489628116		
1481288518.92		434.263621811		431.282634323		437.765648599		
1481322162.16		436.570061065		433.723564117		439.942737019		
1481355805.41		438.846773069		436.037223848		442.106703488		
1481389448.65		441.01419971		438.374530057		444.192181498		
1481423091.89		443.177705739		440.58968797		446.213683573		
1481456735.14		445.272465859		442.778819128		448.192692557		
1481490378.38		447.325898509		444.938358694		450.128343492		
1481524021.62		449.287282048		446.954973504		451.983602068		
1481557664.86		451.113197945		448.862236149		453.745445651		
1481591308.11		452.727881032		450.541580223		455.280914863		
1481624951.35		454.223146824		452.061676269		456.660552365		
1481658594.59		455.684985928		453.534583003		458.037024515		
1481692237.84		457.075923292		454.96472542		459.386986016		
1481725881.08		458.42966957		456.347613452		460.679716476		
1481759524.32		459.807139704		457.765076859		462.005884107		
1481793167.57		461.169448134		459.151374568		463.310865157		
1481826810.81		462.420665778		460.463712834		464.502406804		
1481860454.05		463.662928552		461.727640824		465.690750132		
1481894097.3		464.90642271		462.946671675		466.917976014		
1481927740.54		466.132827415		464.154889899		468.091930855		
1481961383.78		467.303087809		465.361349821		469.242412761		
1481995027.03		468.457361303		466.506390609		470.333131853		
1482028670.27		469.539869213		467.610792329		471.388362253		
1482062313.51		470.618321007		468.702920666		472.4965168		
1482095956.76		471.686243422		469.770958811		473.594240447		
1482129600.0		472.711596736		470.81625214		474.670492235		
1482163243.24		473.728649032		471.8178579		475.680621917		
1482196886.49		463.999838088		462.417801102		465.933287561		
1482230529.73		453.820335711		451.671149497		456.452569309		
1482264172.97		444.349939946		441.308236995		448.266485718		
1482297816.22		435.519902483		431.696969481		440.436004277		
1482331459.46		427.274112258		422.519761677		433.370067231		
1482365102.7		422.029906969		416.678213235		428.782197863		
1482398745.95		425.241632817		420.132595845		431.884486757		
1482432389.19		428.53739745		423.566480848		434.886213786		
1482466032.43		431.704128547		426.868585031		437.799081529		
1482499675.68		434.751638931		430.090834266		440.666061301		
1482533318.92		437.76167162		433.269389264		443.41250819		
1482566962.16		440.669113534		436.355236831		446.049359106		
1482600605.41		443.498584164		439.322350973		448.668530637		
1482634248.65		446.238841926		442.251530911		451.10168607		
1482667891.89		448.838378722		445.047371694		453.476728481		
1482701535.14		451.38629612		447.753836267		455.802434194		
1482735178.38		453.840513309		450.326704516		458.073599467		
1482768821.62		456.173151963		452.779192686		460.265592134		
1482802464.86		458.357075488		455.13939307		462.377028035		
1482836108.11		460.585547093		457.440182488		464.466278131		
1482869751.35		462.707952589		459.642715277		466.310975107		
1482903394.59		464.767654024		461.773318487		468.214567334		
1482937037.84		466.778771061		463.866822691		470.042605629		
1482970681.08		466.206160968		463.488904314		469.36706988		
1483004324.32		468.227605937		465.538502314		471.225192144		
1483037967.57		470.173889344		467.573283909		473.097906458		
1483071610.81		472.049164285		469.489468094		474.918372765		
1483105254.05		473.931345359		471.382530877		476.674528903		
1483138897.3		475.678302666		473.197578494		478.382244042		
1483172540.54		477.3407676		474.9331751		479.999620242		
1483206183.78		478.964130319		476.531240846		481.59827642		
1483239827.03		480.530739522		478.203473949		483.143337238		
1483273470.27		482.076062424		479.749355466		484.674502598		
1483307113.51		483.62940045		481.316364718		486.180565963		
1483340756.76		485.117155267		482.874523321		487.649631741		
1483374400.0		486.564555111		484.310137006		489.064235616		
1483408043.24		487.952117636		485.784361488		490.382419435		
1483441686.49		489.30155326		487.11431861		491.69208381		
1483475329.73		490.578736284		488.369209213		492.953758464		
1483508972.97		491.786709248		489.645697361		494.128559082		
1483542616.22		493.044166612		490.881337751		495.342354676		
1483576259.46		494.256947101		492.123999617		496.568243412		
1483609902.7		495.4530456		493.327706554		497.730979826		
1483643545.95		496.578502862		494.461888823		498.858623297		
1483677189.19		497.68967819		495.534764103		499.982838572		
1483710832.43		498.783102378		496.627069946		501.069146249		
1483744475.68		499.90669624		497.728095501		502.163593386		
1483778118.92		500.987849731		498.785427423		503.238355332		
1483811762.16		502.064216666		499.826373286		504.309613307		
1483845405.41		503.12481478		500.826655314		505.357557737		
1483879048.65		504.113480517		501.829949041		506.386330314		
1483912691.89		505.098655788		502.786190808		507.412280059		
1483946335.14		506.075686268		503.746236875		508.404578828		
1483979978.38		507.044469666		504.706187417		509.433411059		
1484013621.62		508.070318465		505.687476623		510.471116884		
1484047264.86		509.052381879		506.649327444		511.502210311		
1484080908.11		509.975914763		507.538352719		512.442929301		
1484114551.35		510.854497103		508.411537812		513.364044466		
1484148194.59		511.699765679		509.236702553		514.222793242		
1484181837.84		512.53222915		510.022354873		515.075360622		
1484215481.08		513.402567698		510.877838449		515.948231423		
1484249124.32		514.228665466		511.730935321		516.857128929		
1484282767.57		515.005629334		512.46050922		517.640331405		
1484316410.81		515.756435288		513.169966344		518.399344547		
1484350054.05		516.466870822		513.849483758		519.128637641		
1484383697.3		517.224753535		514.576541119		519.898721976		
1484417340.54		517.989996151		515.303354089		520.682411514		
1484450983.78		518.767902361		516.063487177		521.470634805		
1484484627.03		519.546415098		516.836064619		522.272355923		
1484518270.27		520.275823521		517.53398691		523.05999161		
1484551913.51		520.980077296		518.177643118		523.788880743		
1484585556.76		521.674942463		518.862820718		524.529488828		
1484619200.0		522.347964712		519.50011784		525.219932422		
1484652843.24		523.036089888		520.180442653		525.947145123		
1484686486.49		523.773135089		520.883084645		526.712582969		
1484720129.73		524.502897322		521.598382581		527.467602106		
1484753772.97		525.19394629		522.262685225		528.183911216		
1484787416.22		416.42843552		414.080429491		418.802904732		
1484821059.46		416.982954518		414.61999351		419.375111538		
1484854702.7		417.545561644		415.150106876		419.922546848		
1484888345.95		418.106062152		415.670902414		420.467954232		
1484921989.19		418.676437963		416.204704426		421.050511638		
1484955632.43		500.834015079		497.858462037		503.707385112		
1484989275.68		501.544782021		498.528348598		504.435023189		
1485022918.92		502.234160681		499.193505012		505.140194243		
1485056562.16		502.891721691		499.830052218		505.814529396		
1485090205.41		503.533263677		500.450336624		506.492791411		
1485123848.65		504.19510286		501.096050815		507.198642106		
1485157491.89		504.826230171		501.720540793		507.870487068		
1485191135.14		505.447064017		502.3164525		508.510530585		
1485224778.38		500.647074348		497.544178164		503.672772693		
1485258421.62		489.220816596		486.18296324		492.160984041		
1485292064.86		478.551852042		475.57792409		481.444590442		
1485325708.11		474.083317465		471.117715298		476.98029483		
1485359351.35		475.791698262		472.777674503		478.712339272		
1485392994.59		477.456989687		474.431691931		480.410832306		
1485426637.84		479.119531506		476.066625185		482.124439838		
1485460281.08		402.409218923		399.817773617		404.929687261		
1485493924.32		403.809108965		401.201116885		406.349335251		
1485527567.57		405.180560528		402.560077267		407.751877455		
1485561210.81		406.516160786		403.876540334		409.119303087		
1485594854.05		407.809070739		405.132783086		410.429378947		
1485628497.3		409.075479828		406.354898358		411.717119046		
1485662140.54		410.299915563		407.542218163		412.970745723		
1485695783.78		411.506036074		408.730636977		414.214311862		
1485729427.03		412.676902497		409.889610631		415.423827444		
1485763070.27		413.827759365		411.024338879		416.613833408		
1485796713.51		414.948391451		412.137486652		417.779786636		
1485830356.76		477.913324274		474.65838151		481.203737597		
1485864000.0		479.114981311		475.840400069		482.45149549		
1485897643.24		480.291968402		476.987263024		483.677568402		
1485931286.49		481.444599899		478.108274604		484.776765065		
1485964929.73		459.145213989		453.384044876		465.389538792		
1485998572.97		450.449047474		441.866119028		460.483771633		
1486032216.22		452.372313629		444.110964174		461.894388127		
1486065859.46		464.334948481		456.31550014		473.608454706		
1486099502.7		466.643073921		458.956536669		475.333425975		
1486133145.95		468.767325698		461.488721741		476.89635		
1486166789.19		470.834965926		463.816629687		478.475795849		
1486200432.43		472.833251265		466.141430086		479.930533659		
1486234075.68		474.892488226		468.47687663		481.404133122		
1486267718.92		476.807852435		470.719326729		482.794288244		
1486301362.16		478.651025121		472.739402164		484.05006487		
1486335005.41		480.31623325		474.818758297		485.54440412		
1486368648.65		482.009513502		476.732684176		486.827729964		
1486402291.89		483.577194315		478.563068952		488.206799623		
1486435935.14		485.192886688		480.494710441		489.628270762		
1486469578.38		486.740368891		482.317206025		491.09531221		
1486503221.62		488.336012554		484.109015866		492.553558503		
1486536864.86		489.787419561		485.70832739		493.870337301		
1486570508.11		491.162012356		487.115236412		495.221404579		
1486604151.35		492.637043751		488.460580481		496.65193185		
1486637794.59		494.09897117		490.011864381		497.987585427		
1486671437.84		495.421819948		491.388342757		499.315761052		
1486705081.08		496.791103125		492.822009915		500.561608583		
1486738724.32		498.076323709		494.102990102		501.822319274		
1486772367.57		499.371739855		495.518943795		502.950117782		
1486806010.81		500.644514777		496.976458476		504.233968741		
1486839654.05		501.913542345		498.348020288		505.451699872		
1486873297.3		503.178842371		499.732173423		506.669260023		
1486906940.54		504.372270425		501.061937651		507.910922005		
1486940583.78		505.625408645		502.352612942		509.186060394		
1486974227.03		506.772007425		503.53874679		510.308682477		
1487007870.27		507.889299476		504.709551867		511.432094242		
1487041513.51		508.982007011		505.845429912		512.609371259		
1487075156.76		510.091008324		506.949545739		513.772011188		
1487108800.0		511.138442058		508.007535218		514.868505607		
1487142443.24		512.204323509		509.086006273		516.004311554		
1487176086.49		513.305073041		510.17667548		517.110943193		
1487209729.73		514.458691149		511.251244639		518.263557905		
1487243372.97		515.537246304		512.24495943		519.329466679		
1487277016.22		517.462316188		514.200426014		521.308200408		
1487310659.46		518.427822517		515.115279002		522.249955044		
1487344302.7		519.33143262		515.977410152		523.235942119		
1487377945.95		520.307569178		516.901914855		524.189730982		
1487411589.19		521.201660089		517.777484772		525.033647791		
1487445232.43		522.075471962		518.590016037		525.874348355		
1487478875.68		522.967998396		519.423407567		526.695860587		
1487512518.92		523.952124214		520.318147079		527.65845735		
1487546162.16		524.864785233		521.206553764		528.478522289		
1487579805.41		525.770201762		522.081341975		529.399129136		
1487613448.65		526.60425083		522.917745846		530.240016605		
1487647091.89		527.490207132		523.773129677		531.069998109		
1487680735.14		528.353365182		524.642196276		531.838296436		
1487714378.38		529.16131489		525.492762804		532.621274324		
1487748021.62		529.938721508		526.331879		533.373552181		
1487781664.86		530.687506925		527.120063618		534.176282436		
1487815308.11		531.515193628		528.02150094		535.001969018		
1487848951.35		532.267515797		528.862627998		535.743155793		
1487882594.59		532.977197147		529.669835567		536.444413866		
1487916237.84		533.711478987		530.446562677		537.152629648		
1487949881.08		534.385223974		531.209163864		537.669742659		
1487983524.32		534.970798149		531.929343197		538.303275743		
1488017167.57		535.530909235		532.552508297		538.830922857		
1488050810.81		536.117621845		533.18408656		539.466439255		
1488084454.05		536.712874947		533.833797429		540.052083568		
1488118097.3		537.256866106		534.378787152		540.527968678		
1488151740.54		537.828294491		534.932259513		540.991950449		
1488185383.78		538.316750469		535.488517075		541.553826108		
1488219027.03		538.848632412		535.979307956		542.011199792		
1488252670.27		539.345323774		536.503096396		542.525769864		
1488286313.51		539.850661172		536.9266071		542.980411913		
1488319956.76		540.275134901		537.367337008		543.421930871		
1488353600.0		540.747471778		537.802040768		543.91044419		
1488387243.24		541.168328199		538.177006913		544.364246839		
1488420886.49		541.677895686		538.698804255		544.84958108		
1488454529.73		542.144652201		539.093300611		545.267720674		
1488488172.97		542.598517714		539.49062793		545.726581243		
1488521816.22		542.930206765		539.804102434		546.087517309		
1488555459.46		543.362655489		540.194604785		546.492207979		
1488589102.7		543.75710462		540.539865296		546.861920877		
1488622745.95		544.152765558		540.895974417		547.234582437		
1488656389.19		544.521740665		541.145009277		547.6053971		
1488690032.43		544.792186612		541.373663006		547.964372947		
1488723675.68		545.05188714		541.644093117		548.275330659		
1488757318.92		544.101618288		540.691592656		547.313170207		
1488790962.16		544.057267129		540.590880551		547.241113537		
1488824605.41		544.550943353		541.066259028		547.694679951		
1488858248.65		544.997779356		541.520290627		548.160038798		
1488891891.89		545.505188295		542.003069196		548.659337926		
1488925535.14		545.934073536		542.386431246		549.109010322		
1488959178.38		546.318081656		542.75596993		549.530285774		
1488992821.62		546.730289403		543.122919186		549.965388476		
1489026464.86		547.201288161		543.58380178		550.509199812		
1489060108.11		547.582771095		544.039903892		550.890824131		
1489093751.35		549.03903787		545.484451734		552.362917612		
1489127394.59		549.315938444		545.810725583		552.65362605		
1489161037.84		549.638661892		546.184562466		552.953614073		
1489194681.08		549.956484412		546.482714868		553.287732647		
1489228324.32		550.306581236		546.842464213		553.638843329		
1489261967.57		550.643532581		547.229809442		554.014165489		
1489295610.81		550.98029162		547.598098037		554.344264783		
1489329254.05		551.270723123		547.891903891		554.668956734		
1489362897.3		551.551481708		548.145158752		554.940209802		
1489396540.54		551.791936739		548.365580778		555.155656038		
1489430183.78		552.024026905		548.650695857		555.362724098		
1489463827.03		552.231641341		548.940130816		555.61261922		
1489497470.27		552.445784903		549.197041156		555.786639214		
1489531113.51		552.636816405		549.444377052		555.972737281		
1489564756.76		552.815511821		549.667009551		556.137213731		
1489598400.0		553.067243645		549.938996515		556.383536432		
1489632043.24		553.247514306		550.275238544		556.540645275		
1489665686.49		553.508599472		550.648314392		556.794127381		
1489699329.73		553.680168586		550.865180383		556.922207782		
1489732972.97		553.792964905		551.163142494		557.132961282		
1489766616.22		554.01478177		551.416882428		557.327776176		
1489800259.46		554.245816433		551.746511696		557.573608138		
1489833902.7		554.473813374		551.986326251		557.772934749		
1489867545.95		554.603187659		552.154763714		558.020635024		
1489901189.19		554.708555948		552.24792979		558.146665807		
1489934832.43		554.844592928		552.308371655		558.196773856		
1489968475.68		555.044374209		552.456961526		558.438345897		
1490002118.92		555.180638901		552.54792702		558.677470664		
1490035762.16		555.300149765		552.69462613		558.986391753		
1490069405.41		555.427477385		552.807937055		559.229630384		
1490103048.65		555.581960386		552.918214855		559.590778811		
1490136691.89		555.720499909		553.008519899		559.885441127		
1490170335.14		555.863440166		553.14714733		560.193775676		
1490203978.38		555.929779805		553.253011		560.48376452		
1490237621.62		556.098979881		553.40077541		560.952957876		
1490271264.86		556.263447008		553.567470805		561.159297333		
1490304908.11		556.431903135		553.70662321		561.392664111		
1490338551.35		556.507537236		553.832035035		561.576130336		
1490372194.59		556.567788914		553.930101052		561.743588011		
1490405837.84		556.742891072		554.057046325		562.01968119		
1490439481.08		556.862796836		554.198588471		562.208082067		
1490473124.32		556.939076632		554.279895007		562.566444913		
1490506767.57		557.067207534		554.394298324		562.721264685		
1490540410.81		557.176678151		554.464790968		562.858060774		
1490574054.05		557.286763144		554.538892802		562.982769699		
1490607697.3		557.370312496		554.630423199		563.102690674		
1490641340.54		557.572561655		554.80403686		563.344797327		
1490674983.78		557.754437107		554.933654537		563.579239273		
1490708627.03		557.946857252		555.102474194		563.777534157		
1490742270.27		558.021383722		555.195636301		563.85450598		
1490775913.51		558.182865643		555.34600699		564.035139936		
1490809556.76		558.467995805		555.52944159		564.279259877		
1490843200.0		558.707203021		555.678954841		564.520032689		
1490876843.24		558.880166812		555.772634008		564.628947016		
1490910486.49		558.969483131		555.9017473		564.78904991		
1490944129.73		559.188501463		556.035001096		564.975204563		
1490977772.97		559.378417333		556.202084287		565.226203126		
1491011416.22		559.580471629		556.389412736		565.464091043		
1491045059.46		559.90767935		556.654264111		565.796560943		
1491078702.7		560.166497492		556.921970876		566.090332214		
1491112345.95		560.411572694		557.112156085		566.343827443		
1491145989.19		560.624626665		557.226804327		566.525601283		
1491179632.43		560.769629884		557.286072603		566.669957573		
1491213275.68		560.873388166		557.358184129		566.779170156		
1491246918.92		561.013852843		557.406170487		566.98505608		
1491280562.16		561.213355958		557.541053164		567.241110575		
1491314205.41		561.375326849		557.674217209		567.433984095		
1491347848.65		561.601758139		557.815505303		567.660453501		
1491381491.89		561.731448094		557.860030805		567.794938898		
1491415135.14		561.929655387		558.054230323		568.030103729		
1491448778.38		562.046784561		558.147879521		568.207533224		
1491482421.62		562.193510356		558.230177507		568.386883634		
1491516064.86		560.592084478		556.573954047		566.835237313		
1491549708.11		560.73488387		556.657289421		567.036358827		
1491583351.35		560.980044567		556.79142053		567.227642866		
1491616994.59		561.206149844		556.950027543		567.53023274		
1491650637.84		561.425310206		557.107910158		567.850833033		
1491684281.08		561.642543646		557.264362051		568.083658573		
1491717924.32		561.868111151		557.429473921		568.287535937		
1491751567.57		562.055235706		557.608128206		568.563524083		
1491785210.81		562.255806517		557.759674305		568.895834234		
1491818854.05		562.434062481		557.904914622		569.226845528		
1491852497.3		562.647788545		558.044577476		569.556629175		
1491886140.54		562.869018176		558.187376554		569.885258718		
1491919783.78		563.08236686		558.341024298		570.212797801		
1491953427.03		563.284677373		558.48527196		570.539309754		
1491987070.27		563.520389941		558.647809757		570.870298971		
1492020713.51		563.73611723		558.776560894		571.191058115		
1492054356.76		563.924834066		558.920010229		571.460181697		
1492088000.0		564.130916207		559.06471329		571.728338199		
1492121643.24		564.323328005		559.213530609		572.028605062		
1492155286.49		564.533698822		559.339921904		572.321208058		
1492188929.73		564.745647124		559.485083621		572.721922678		
1492222572.97		564.975025838		559.618480818		573.015308121		
1492256216.22		565.16010754		559.753457349		573.323753791		
1492289859.46		565.372491324		559.893669909		573.629081428		
1492323502.7		565.589204196		560.033994169		573.89444369		
1492357145.95		565.776505431		560.168211098		574.138041094		
1492390789.19		565.989013479		560.309114252		574.381033046		
1492424432.43		566.202587766		560.451399856		574.672057199		
1492458075.68		566.414263723		560.584554843		574.972418389		
1492491718.92		566.616660538		560.7029719		575.271564247		
1492525362.16		566.794046695		560.831568076		575.570365668		
1492559005.41		566.982936073		560.951846656		575.868853813		
1492592648.65		567.206116825		561.061218638		576.167055673		
1492626291.89		567.421484506		561.180862776		576.464996238		
1492659935.14		567.633733864		561.297487928		576.762702436		
1492693578.38		567.837078626		561.409280396		577.060197605		
1492727221.62		568.039862608		561.554040708		577.352005786		
1492760864.86		568.264724859		561.682232305		577.642947151		
1492794508.11		568.444754178		561.78949651		577.911986259		
1492828151.35		568.657978166		561.914856158		578.162963347		
1492861794.59		568.846846396		562.021949897		578.413745276		
1492895437.84		569.039108895		562.118376153		578.664349589		
1492929081.08		569.22043498		562.211391097		578.963642696		
1492962724.32		569.397895693		562.3316337		579.263281043		
1492996367.57		569.614660192		562.43507307		579.560273073		
1493030010.81		569.806942155		562.539973449		579.857248477		
1493063654.05		569.961736147		562.638946554		580.15422199		
1493097297.3		570.134983136		562.738618352		580.430863371		
1493130940.54		570.333918975		562.840606149		580.730619337		
1493164583.78		570.500866262		562.936584814		581.030419105		
1493198227.03		570.661119177		563.032336923		581.330273751		
1493231870.27		570.852778254		563.132643081		581.610442979		
1493265513.51		571.057632827		563.247091639		581.85004975		
1493299156.76		571.254233751		563.353163299		582.094691892		
1493332800.0		571.431865425		563.483205639		582.384065497		
1493366443.24		571.620100206		563.609838569		582.673524978		
1493400086.49		571.82603792		563.709280031		582.957950182		
1493433729.73		572.005187803		563.800519396		583.220811525		
1493467372.97		572.197658378		563.921066253		583.48373247		
1493501016.22		572.395819495		563.992104904		583.746720668		
1493534659.46		572.582491598		564.053208968		584.009784467		
1493568302.7		572.774900035		564.144171529		584.272931133		
1493601945.95		572.967230253		564.26350604		584.553148697		
1493635589.19		573.165707496		564.385538769		584.843170354		
1493669232.43		573.38202846		564.51425253		585.133343993		
1493702875.68		573.555984617		564.633933304		585.419600897		
1493736518.92		573.736634555		564.746570585		585.705230654		
1493770162.16		573.933813775		564.873922259		585.991020831		
1493803805.41		574.134562531		564.997341679		586.274182204		
1493837448.65		574.313850394		565.121301388		586.553472813		
1493871091.89		574.49605987		565.242175351		586.826197514		
1493904735.14		574.688809091		565.328926471		587.058288019		
1493938378.38		574.887805548		565.434868036		587.290467062		
1493972021.62		575.083744795		565.507379606		587.522738884		
1494005664.86		575.273578823		565.57747629		587.804200454		
1494039308.11		575.462387156		565.673317527		588.103629701		
1494072951.35		575.639124514		565.797735907		588.403213931		
1494106594.59		575.818741918		565.914567058		588.70303041		
1494140237.84		576.014833046		566.008740598		589.003082874		
1494173881.08		576.210992316		566.122152349		589.30337462		
1494207524.32		576.387569997		566.235548703		589.600317992		
1494241167.57		576.562866097		566.350741543		589.874057775		
1494274810.81		576.733394363		566.438666538		590.14799366		
1494308454.05		576.927087091		566.52500366		590.445663204		
1494342097.3		577.113996081		566.611313795		590.779886494		
1494375740.54		577.29987353		566.69405288		591.114438518		
1494409383.78		577.447482839		566.774978884		591.44932226		
1494443027.03		577.620846996		566.856197344		591.762734045		
1494476670.27		577.806314748		566.937393993		592.070286683		
1494510313.51		577.994918904		567.018571025		592.37698315		
1494543956.76		578.185750737		567.103520209		592.680261066		
1494577600.0		578.363191217		567.224403494		592.977276363		
1494611243.24		578.54898071		567.348280146		593.274552192		
1494644886.49		578.734855135		567.461236975		593.572090555		
1494678529.73		578.920816122		567.537699016		593.869893414		
1494712172.97		579.106865335		567.618889544		594.167796845		
1494745816.22		579.293004231		567.700074087		594.462871963		
1494779459.46		579.476591425		567.807541626		594.758210462		
1494813102.7		579.675472057		567.931536711		595.053814119		
1494846745.95		579.880426426		568.055560903		595.349684533		
1494880389.19		580.085502762		568.183936598		595.645823335		
1494914032.43		580.280300128		568.300774355		595.942232123		
1494947675.68		580.462840417		568.41843695		596.238912335		
1494981318.92		580.638894314		568.536127972		596.535865473		
1495014962.16		580.84129375		568.653848413		596.833092975		
1495048605.41		581.049019259		568.771599138		597.131438531		
1495082248.65		581.256876721		568.889381078		597.448351412		
1495115891.89		581.455429745		568.98548874		597.767846359		
1495149535.14		581.641376942		569.07974273		598.087665666		
1495183178.38		581.827426989		569.178529902		598.407810687		
1495216821.62		582.023589245		569.277336574		598.72828269		
1495250464.86		582.220469823		569.376163411		599.049082851		
1495284108.11		582.421130936		569.47501116		599.370212434		
1495317751.35		582.630238564		569.585584996		599.691672606		
1495351394.59		582.839483823		569.676325931		600.013464478		
1495385037.84		583.047722879		569.767083359		600.335589218		
1495418681.08		583.233888248		569.839589656		600.658047913		
1495452324.32		583.420163228		569.902937092		600.980841616		
1495485967.57		583.623768426		569.966287496		601.303971414		
1495519610.81		583.830823059		570.029641364		601.627438326		
1495553254.05		584.036113384		570.110600105		601.951243351		
1495586897.3		584.22487874		570.219518604		602.275387509		
1495620540.54		584.41108171		570.328471287		602.599871758		
1495654183.78		584.597396055		570.440994366		602.924697054		
1495687827.03		584.768850748		570.559033126		603.249864355		
1495721470.27		584.939098437		570.655251939		603.57537457		
1495755113.51		585.109437758		570.750705074		603.901228614		
1495788756.76		585.275817327		570.84618361		604.227427395		
1495822400.0		585.47174479		570.941687864		604.553971778		
1495856043.24		585.657486612		571.038102101		604.880862643		
1495889686.49		585.843340589		571.158485473		605.208100856		
1495923329.73		586.030702881		571.276234225		605.535687245		
1495956972.97		586.22985841		571.394026607		605.862730414		
1495990616.22		586.429143896		571.511862893		606.170523851		
1496024259.46		586.6285597		571.629743325		606.478625009		
1496057902.7		586.828106204		571.747668166		606.787034615		
1496091545.95		587.017780468		571.841464094		607.095753372		
1496125189.19		587.204298202		571.935349392		607.404781955		
1496158832.43		587.390930758		572.034708748		607.714121065		
1496192475.68		587.595601249		572.134099424		608.023771376		
1496226118.92		587.803964229		572.233521605		608.333733543		
1496259762.16		587.997255392		572.339086547		608.64400824		
1496293405.41		588.196278733		572.466912434		608.954596119		
1496327048.65		588.403562506		572.594792888		609.265497818		
1496360691.89		588.610989251		572.682547096		609.576713988		
1496394335.14		588.818559265		572.759075415		609.888245261		
1496427978.38		589.026272836		572.816970678		610.200092261		
1496461621.62		589.232979779		572.890037314		610.51225562		
1496495264.86		589.434254732		572.995581153		610.827687584		
1496528908.11		589.635664641		573.105930192		611.176089967		
1496562551.35		589.837209769		573.204953738		611.524887794		
1496596194.59		590.022656534		573.292105671		611.874081846		
1496629837.84		590.227086007		573.379281973		612.222781575		
1496663481.08		590.435605528		573.466482758		612.571598427		
1496697124.32		590.644270591		573.553708127		612.920811349		
1496730767.57		590.853081437		573.640958184		613.270421115		
1496764410.81		591.05691482		573.731482011		613.620428496		
1496798054.05		591.256914947		573.824138281		613.970834254		
1496831697.3		591.454790722		573.916804691		614.321639155		
1496865340.54		591.656776583		574.038174979		614.672843965		
1496898983.78		591.853439903		574.514584514		615.024449438		
1496932627.03		592.052696483		574.829828373		615.376456338		
1496966270.27		592.261571707		574.934854078		615.707845995		
1496999913.51		592.469708963		575.034309265		616.038350954		
1497033556.76		592.67317149		575.133797766		616.369210056		
1497067200.0		592.876772579		575.233319655		616.697144576		
